127 126 125 123 119 111 124 122 121 118 117 115 95 110 109 120 107 116 63 94 114 103 93 113 108 31 91 79 47 62 87 61 59 55 106 15 105 23 71 39 102 99 29 30 101 92 7 27 83 75 51 43 78 89 90 46 77 112 57 45 60 85 58 53 86 54 11 19 67 35 14 3 104 13 97 25 69 81 21 73 37 49 41 28 100 98 17 9 5 33 65 70 22 38 1 26 88 76 82 56 74 84 44 50 52 42 6 96 12 24 18 10 72 20 34 68 66 80 36 40 48 8 16 4 2 32 64 0 

127 126 125 123 119 111 124 122 121 118 117 115 95 110 109 120 107 116 114 94 103 113 63 108 93 106 91 105 102 87 62 112 92 101 61 79 99 90 59 104 89 55 47 86 31 85 83 100 78 60 77 75 98 97 71 58 29 53 57 54 88 45 26 15 7 1 65 33 76 25 50 49 21 52 18 84 96 37 68 64 17 38 44 4 27 80 16 32 0 2 48 36 34 10 40 72 20 24 14 8 28 66 74 12 35 70 82 81 6 56 3 73 9 69 42 46 22 41 43 67 51 5 19 11 39 13 30 23 

0.000000000000 0.000000000000 0.000000000000 0.000009931000 0.000000000000 0.000023430000 0.000044508000 0.020015000000 0.000000003590 0.000167350000 0.000316950000 0.045382000000 0.002018100000 0.095835000000 0.170800000000 0.635250000000 0.000004569200 0.004833600000 0.010168000000 0.188960000000 0.036242000000 0.315310000000 0.403630000000 0.827060000000 0.112830000000 0.483670000000 0.529650000000 0.891780000000 0.511210000000 0.900120000000 0.837310000000 0.989020000000 0.003214200000 0.088121000000 0.147240000000 0.529770000000 0.227260000000 0.630230000000 0.623920000000 0.933000000000 0.265650000000 0.674570000000 0.660950000000 0.943300000000 0.589920000000 0.940100000000 0.865140000000 0.993430000000 0.240360000000 0.619750000000 0.635170000000 0.938360000000 0.592310000000 0.942240000000 0.865720000000 0.993170000000 0.458500000000 0.911260000000 0.865130000000 0.993300000000 0.734640000000 0.993300000000 0.908200000000 0.999420000000 0.061481000000 0.254420000000 0.266690000000 0.660640000000 0.276540000000 0.664170000000 0.641330000000 0.940220000000 0.279010000000 0.682280000000 0.667170000000 0.945780000000 0.597250000000 0.944460000000 0.868660000000 0.994080000000 0.247800000000 0.630910000000 0.649700000000 0.943360000000 0.605090000000 0.947740000000 0.869510000000 0.993760000000 0.463480000000 0.915510000000 0.867610000000 0.993570000000 0.735110000000 0.993290000000 0.907950000000 0.999380000000 0.195020000000 0.514430000000 0.512090000000 0.887020000000 0.547390000000 0.925350000000 0.857230000000 0.992120000000 0.458140000000 0.911970000000 0.865720000000 0.993190000000 0.733200000000 0.992640000000 0.906990000000 0.999250000000 0.327480000000 0.762170000000 0.832210000000 0.990710000000 0.732910000000 0.992940000000 0.907210000000 0.999230000000 0.535080000000 0.970340000000 0.907440000000 0.999300000000 0.762220000000 0.999320000000 0.916630000000 0.999940000000 

0.000000000000 0.000000000000 0.000000000000 0.000034277000 0.000000000000 0.000058192000 0.000134910000 0.049123000000 0.000000001757 0.000465220000 0.000851160000 0.106120000000 0.005345900000 0.210210000000 0.358140000000 0.877050000000 0.000018413000 0.013655000000 0.027871000000 0.396720000000 0.097906000000 0.598420000000 0.748950000000 0.969770000000 0.337560000000 0.844830000000 0.913960000000 0.982700000000 0.951990000000 0.984030000000 0.984080000000 0.984360000000 0.012887000000 0.282340000000 0.446530000000 0.896010000000 0.678190000000 0.957250000000 0.970610000000 0.984300000000 0.852210000000 0.978830000000 0.981330000000 0.984360000000 0.982510000000 0.984390000000 0.984390000000 0.984380000000 0.933320000000 0.983440000000 0.983870000000 0.984350000000 0.984010000000 0.984380000000 0.984390000000 0.984380000000 0.984130000000 0.984390000000 0.984390000000 0.984370000000 0.984400000000 0.984380000000 0.984350000000 0.984370000000 0.377380000000 0.867190000000 0.933010000000 0.983580000000 0.963190000000 0.984170000000 0.984290000000 0.984390000000 0.974200000000 0.984300000000 0.984280000000 0.984360000000 0.984410000000 0.984360000000 0.984360000000 0.984380000000 0.978400000000 0.984390000000 0.984320000000 0.984370000000 0.984400000000 0.984390000000 0.984400000000 0.984380000000 0.984440000000 0.984370000000 0.984370000000 0.984380000000 0.984380000000 0.984380000000 0.984350000000 0.984380000000 0.980930000000 0.984460000000 0.984260000000 0.984380000000 0.984380000000 0.984330000000 0.984360000000 0.984380000000 0.984490000000 0.984390000000 0.984360000000 0.984380000000 0.984420000000 0.984360000000 0.984370000000 0.984380000000 0.984340000000 0.984380000000 0.984450000000 0.984380000000 0.984440000000 0.984380000000 0.984390000000 0.984380000000 0.984340000000 0.984390000000 0.984410000000 0.984380000000 0.984390000000 0.984380000000 0.984350000000 0.984380000000 

N_obs: 400000

File Format:
1- most to least reliable channels (taken entropies)
2- most to least reliable channels (taken error probabilities)
3- channels entropies (flipped)
4- channels error probabilities (flipped)
5- number of MontCarlo simulations
