127 126 125 123 119 111 95 124 121 122 118 117 115 110 109 107 103 94 120 93 116 63 114 113 91 108 106 105 87 102 62 92 101 61 90 79 112 99 59 89 86 55 31 104 47 85 60 15 100 83 78 71 23 77 39 58 75 57 29 30 27 51 98 43 54 53 7 88 46 45 97 67 84 11 19 35 14 81 3 82 13 73 69 25 76 70 49 21 37 41 74 56 28 22 38 26 50 52 44 42 65 17 9 5 33 96 1 6 80 72 66 68 12 18 24 10 34 20 36 48 40 64 8 16 4 2 32 0 

127 126 125 123 119 111 95 124 121 122 118 117 115 110 109 107 103 120 94 116 93 114 63 113 91 108 106 105 87 102 101 92 62 90 112 61 99 79 89 104 86 59 85 100 55 60 83 98 78 88 47 97 77 58 57 84 75 31 54 71 82 53 81 51 76 46 96 45 43 56 39 74 73 30 29 23 27 69 70 15 7 52 50 67 11 49 26 41 9 80 3 19 42 72 20 34 6 5 18 17 68 16 32 24 2 0 8 40 33 64 36 66 1 12 10 38 48 22 4 25 21 37 35 65 14 13 28 44 

0.000000000000 0.000000000000 0.000000000000 0.000000000000 0.000000000000 0.000000000000 0.000000000000 0.000082299000 0.000000000000 0.000000000000 0.000000000001 0.000159460000 0.000000000009 0.000353350000 0.000753990000 0.079123000000 0.000000000000 0.000000010560 0.000000421880 0.001167600000 0.000000751100 0.002451700000 0.005390100000 0.172400000000 0.000027601000 0.013796000000 0.028804000000 0.325040000000 0.085764000000 0.482890000000 0.553430000000 0.908220000000 0.000000000000 0.000071045000 0.000134960000 0.028425000000 0.000824050000 0.058922000000 0.108770000000 0.524350000000 0.008990100000 0.164490000000 0.248300000000 0.697850000000 0.327390000000 0.766320000000 0.737640000000 0.967020000000 0.061237000000 0.341380000000 0.404460000000 0.817810000000 0.423740000000 0.839250000000 0.786920000000 0.977760000000 0.370950000000 0.818080000000 0.790230000000 0.978620000000 0.685200000000 0.978450000000 0.895400000000 0.998100000000 0.000195580000 0.022508000000 0.044718000000 0.289860000000 0.101680000000 0.408550000000 0.438990000000 0.843270000000 0.171240000000 0.511350000000 0.511590000000 0.881620000000 0.480480000000 0.880310000000 0.821600000000 0.985860000000 0.194210000000 0.527410000000 0.527850000000 0.892530000000 0.500620000000 0.893060000000 0.828170000000 0.986210000000 0.407510000000 0.859730000000 0.824370000000 0.985550000000 0.706380000000 0.984990000000 0.900230000000 0.998600000000 0.172220000000 0.461900000000 0.451230000000 0.849940000000 0.462870000000 0.871740000000 0.815690000000 0.984250000000 0.404040000000 0.857690000000 0.823740000000 0.985300000000 0.704850000000 0.984230000000 0.899060000000 0.998380000000 0.304200000000 0.729600000000 0.782500000000 0.980580000000 0.704160000000 0.984680000000 0.899300000000 0.998330000000 0.518420000000 0.960030000000 0.899770000000 0.998480000000 0.757280000000 0.998530000000 0.914980000000 0.999880000000 

0.000000000000 0.000000000000 0.000000000000 0.000000000000 0.000000000000 0.000000000000 0.000000000000 0.000193510000 0.000000000000 0.000000000000 0.000000000000 0.000395740000 0.000000000002 0.000839760000 0.001748700000 0.161850000000 0.000000000000 0.000000005311 0.000000923930 0.002743800000 0.000004469200 0.005665500000 0.012358000000 0.322820000000 0.000065522000 0.032125000000 0.064323000000 0.549230000000 0.196080000000 0.750710000000 0.861380000000 0.980220000000 0.000000000000 0.000213240000 0.000401180000 0.071306000000 0.002322700000 0.140960000000 0.248540000000 0.798680000000 0.027120000000 0.372830000000 0.537180000000 0.928270000000 0.736770000000 0.967530000000 0.975510000000 0.984350000000 0.222330000000 0.759060000000 0.863320000000 0.979720000000 0.928740000000 0.983250000000 0.983640000000 0.984360000000 0.959230000000 0.984180000000 0.984160000000 0.984370000000 0.984310000000 0.984380000000 0.984400000000 0.984380000000 0.000872800000 0.090416000000 0.172110000000 0.706670000000 0.384960000000 0.864680000000 0.923650000000 0.983100000000 0.673810000000 0.955740000000 0.969960000000 0.984300000000 0.976600000000 0.984310000000 0.984330000000 0.984390000000 0.861230000000 0.979750000000 0.981530000000 0.984430000000 0.982710000000 0.984360000000 0.984340000000 0.984380000000 0.983200000000 0.984390000000 0.984400000000 0.984380000000 0.984400000000 0.984370000000 0.984380000000 0.984370000000 0.937370000000 0.983690000000 0.983890000000 0.984430000000 0.984100000000 0.984330000000 0.984390000000 0.984370000000 0.984090000000 0.984390000000 0.984390000000 0.984360000000 0.984350000000 0.984370000000 0.984370000000 0.984370000000 0.984200000000 0.984410000000 0.984410000000 0.984380000000 0.984320000000 0.984380000000 0.984350000000 0.984380000000 0.984280000000 0.984370000000 0.984370000000 0.984390000000 0.984350000000 0.984370000000 0.984380000000 0.984380000000 

N_obs: 400000

File Format:
1- most to least reliable channels (taken entropies)
2- most to least reliable channels (taken error probabilities)
3- channels entropies (flipped)
4- channels error probabilities (flipped)
5- number of MontCarlo simulations
