127 126 125 123 63 119 95 111 31 124 47 79 15 59 61 62 55 122 121 103 87 115 93 94 117 118 23 39 71 91 107 7 110 109 30 29 27 51 43 99 75 83 46 57 78 11 19 35 67 3 60 58 14 45 113 77 53 120 105 89 101 54 85 114 116 92 13 102 25 49 21 37 41 69 97 73 86 81 108 17 9 5 33 65 90 1 106 28 22 38 70 56 6 26 112 52 44 50 76 104 42 98 100 88 74 82 84 12 24 18 10 34 20 48 36 40 72 66 68 80 96 8 16 4 2 32 64 0 

127 126 125 123 124 119 122 111 121 95 118 63 117 115 110 109 107 120 103 94 93 47 91 79 87 23 55 15 7 29 105 116 101 39 30 31 113 43 25 102 67 77 58 89 92 69 51 22 81 17 59 3 49 73 41 90 19 26 9 44 13 104 42 72 6 1 20 52 96 48 10 12 37 4 88 57 64 74 21 40 5 18 24 36 16 68 8 80 0 32 38 2 84 66 114 65 99 100 50 34 82 98 54 112 60 78 70 56 76 27 83 97 33 28 85 86 46 53 106 11 62 45 75 61 108 35 14 71 

0.000138270000 0.020801000000 0.043428000000 0.284890000000 0.106510000000 0.410050000000 0.434770000000 0.840850000000 0.181220000000 0.516640000000 0.507910000000 0.879600000000 0.477140000000 0.878980000000 0.821070000000 0.985910000000 0.213590000000 0.566070000000 0.573410000000 0.914430000000 0.547810000000 0.920640000000 0.849650000000 0.990360000000 0.437890000000 0.892770000000 0.851960000000 0.990860000000 0.725250000000 0.990740000000 0.905370000000 0.999150000000 0.190620000000 0.505670000000 0.501650000000 0.881080000000 0.534780000000 0.918320000000 0.851890000000 0.991180000000 0.451380000000 0.905680000000 0.860910000000 0.992320000000 0.729710000000 0.991630000000 0.905860000000 0.999130000000 0.323650000000 0.756890000000 0.824100000000 0.989130000000 0.727810000000 0.991490000000 0.905520000000 0.999040000000 0.530990000000 0.968030000000 0.905350000000 0.999080000000 0.760670000000 0.999080000000 0.916010000000 0.999920000000 0.146880000000 0.394440000000 0.371920000000 0.785360000000 0.371150000000 0.789530000000 0.751830000000 0.970950000000 0.400960000000 0.859430000000 0.832710000000 0.987490000000 0.716320000000 0.988360000000 0.902930000000 0.998860000000 0.319230000000 0.751500000000 0.816910000000 0.987830000000 0.724240000000 0.990450000000 0.904380000000 0.998910000000 0.528200000000 0.966250000000 0.903720000000 0.998880000000 0.759360000000 0.998820000000 0.915390000000 0.999890000000 0.226220000000 0.581210000000 0.584580000000 0.921810000000 0.684860000000 0.983380000000 0.900310000000 0.998580000000 0.525850000000 0.965320000000 0.903260000000 0.998820000000 0.758840000000 0.998710000000 0.915090000000 0.999870000000 0.355600000000 0.792550000000 0.886490000000 0.998370000000 0.758640000000 0.998760000000 0.915170000000 0.999860000000 0.552480000000 0.977360000000 0.915210000000 0.999880000000 0.767290000000 0.999880000000 0.918510000000 0.999990000000 

0.000668850000 0.086233000000 0.173310000000 0.718410000000 0.423990000000 0.885820000000 0.937490000000 0.983680000000 0.748140000000 0.968650000000 0.976640000000 0.984300000000 0.980280000000 0.984380000000 0.984320000000 0.984380000000 0.909970000000 0.982520000000 0.983300000000 0.984420000000 0.983600000000 0.984410000000 0.984290000000 0.984370000000 0.983950000000 0.984340000000 0.984300000000 0.984380000000 0.984380000000 0.984380000000 0.984390000000 0.984370000000 0.956260000000 0.984050000000 0.984110000000 0.984350000000 0.984150000000 0.984360000000 0.984340000000 0.984370000000 0.984210000000 0.984400000000 0.984390000000 0.984380000000 0.984390000000 0.984380000000 0.984360000000 0.984370000000 0.984180000000 0.984380000000 0.984340000000 0.984390000000 0.984420000000 0.984370000000 0.984360000000 0.984370000000 0.984460000000 0.984380000000 0.984350000000 0.984370000000 0.984340000000 0.984380000000 0.984380000000 0.984370000000 0.972500000000 0.984420000000 0.984420000000 0.984380000000 0.984360000000 0.984340000000 0.984370000000 0.984390000000 0.984250000000 0.984380000000 0.984400000000 0.984370000000 0.984350000000 0.984380000000 0.984360000000 0.984370000000 0.984130000000 0.984400000000 0.984420000000 0.984370000000 0.984330000000 0.984370000000 0.984360000000 0.984370000000 0.984300000000 0.984380000000 0.984370000000 0.984370000000 0.984430000000 0.984380000000 0.984390000000 0.984380000000 0.984320000000 0.984300000000 0.984290000000 0.984390000000 0.984390000000 0.984360000000 0.984330000000 0.984370000000 0.984250000000 0.984350000000 0.984370000000 0.984370000000 0.984360000000 0.984370000000 0.984360000000 0.984370000000 0.984250000000 0.984440000000 0.984370000000 0.984370000000 0.984410000000 0.984370000000 0.984360000000 0.984370000000 0.984270000000 0.984370000000 0.984370000000 0.984370000000 0.984360000000 0.984380000000 0.984370000000 0.984380000000 

N_obs: 400000

File Format:
1- most to least reliable channels (taken entropies)
2- most to least reliable channels (taken error probabilities)
3- channels entropies (flipped)
4- channels error probabilities (flipped)
5- number of MontCarlo simulations
