127 126 125 124 123 122 121 120 119 118 117 116 115 114 113 111 110 109 108 107 106 105 103 102 101 99 95 94 93 92 91 90 89 87 86 85 79 78 77 63 62 61 59 55 47 31 58 60 75 83 54 57 53 71 46 45 51 43 39 100 98 104 84 97 88 29 112 30 76 74 81 82 73 27 56 70 52 69 50 49 44 23 67 42 41 38 37 96 28 80 15 26 72 35 25 68 22 48 66 21 40 65 19 36 14 13 34 24 11 33 7 20 18 64 17 12 3 9 10 5 6 32 1 16 8 4 2 0 

127 126 125 124 123 122 121 120 119 118 117 116 115 114 113 111 110 109 108 107 106 105 103 102 101 99 95 94 93 92 91 90 89 87 86 85 79 78 77 63 62 61 59 55 47 31 58 60 75 83 54 57 53 71 46 45 51 43 39 100 98 84 104 97 88 29 112 30 76 81 73 82 74 27 56 70 69 52 50 49 44 23 67 42 41 38 96 37 28 80 26 15 72 35 25 68 22 48 66 21 40 65 36 19 14 34 24 13 33 20 11 64 18 7 17 12 32 10 9 6 16 5 3 8 1 4 2 0 

0.000000000000 0.000000000000 0.000000000000 0.000000000000 0.000000000000 0.000000000000 0.000000000000 0.000000000000 0.000000000000 0.000000000000 0.000000000000 0.000000000000 0.000000000000 0.000000000000 0.000000000000 0.000000035523 0.000000000000 0.000000000000 0.000000000000 0.000000000000 0.000000000000 0.000000000000 0.000000000000 0.000000004242 0.000000000000 0.000000000000 0.000000000000 0.000000001033 0.000000000000 0.000000001680 0.000000009389 0.001064400000 0.000000000000 0.000000000000 0.000000000000 0.000000000000 0.000000000000 0.000000000000 0.000000000000 0.000000014904 0.000000000000 0.000000000000 0.000000000000 0.000000005122 0.000000000000 0.000000770870 0.000000653260 0.002297800000 0.000000000000 0.000000000000 0.000000000000 0.000000394840 0.000000000000 0.000000501150 0.000001421300 0.005079600000 0.000000000000 0.000006277100 0.000009968500 0.011464000000 0.000083248000 0.026700000000 0.058742000000 0.478870000000 0.000000000000 0.000000000000 0.000000000000 0.000000000000 0.000000000000 0.000000000000 0.000000000000 0.000004453000 0.000000000000 0.000000000000 0.000000000000 0.000008422600 0.000000000000 0.000015094000 0.000029437000 0.017781000000 0.000000000000 0.000000000000 0.000000000000 0.000041379000 0.000000000002 0.000093141000 0.000176120000 0.038618000000 0.000000000424 0.000507210000 0.001061400000 0.082681000000 0.005614700000 0.161720000000 0.259180000000 0.740810000000 0.000000000000 0.000000111050 0.000000034742 0.001518300000 0.000001925200 0.003216700000 0.006975500000 0.176090000000 0.000045213000 0.015032000000 0.030420000000 0.316030000000 0.082080000000 0.459760000000 0.527510000000 0.895600000000 0.002535200000 0.088862000000 0.151000000000 0.570450000000 0.240060000000 0.675160000000 0.668950000000 0.946890000000 0.283580000000 0.714820000000 0.703400000000 0.957000000000 0.626800000000 0.957300000000 0.880130000000 0.996170000000 

0.000000000000 0.000000000000 0.000000000000 0.000000000000 0.000000000000 0.000000000000 0.000000000000 0.000000000000 0.000000000000 0.000000000000 0.000000000000 0.000000000000 0.000000000000 0.000000000000 0.000000000000 0.000000026240 0.000000000000 0.000000000000 0.000000000000 0.000000000000 0.000000000000 0.000000000000 0.000000000000 0.000000002028 0.000000000000 0.000000000000 0.000000000000 0.000000000357 0.000000000000 0.000000000657 0.000000004376 0.002300900000 0.000000000000 0.000000000000 0.000000000000 0.000000000000 0.000000000000 0.000000000000 0.000000000000 0.000000007513 0.000000000000 0.000000000000 0.000000000000 0.000000001936 0.000000000000 0.000002047600 0.000001210400 0.004813400000 0.000000000000 0.000000000000 0.000000000000 0.000000363940 0.000000000000 0.000002803400 0.000001807700 0.010481000000 0.000000000000 0.000015726000 0.000020989000 0.023716000000 0.000197960000 0.053691000000 0.114640000000 0.708290000000 0.000000000000 0.000000000000 0.000000000000 0.000000000000 0.000000000000 0.000000000000 0.000000000000 0.000007015100 0.000000000000 0.000000000000 0.000000000000 0.000021997000 0.000000000000 0.000035899000 0.000072139000 0.037891000000 0.000000000000 0.000000000000 0.000000000000 0.000096167000 0.000000000000 0.000214880000 0.000406030000 0.079881000000 0.000000000153 0.001220300000 0.002451300000 0.163620000000 0.013218000000 0.302960000000 0.471770000000 0.921280000000 0.000000000000 0.000000107870 0.000000020102 0.003857700000 0.000003018900 0.007892900000 0.016969000000 0.341560000000 0.000124730000 0.036831000000 0.071738000000 0.551980000000 0.196740000000 0.741380000000 0.849810000000 0.979200000000 0.008243800000 0.231160000000 0.371200000000 0.863880000000 0.595320000000 0.941610000000 0.962870000000 0.984200000000 0.806330000000 0.975170000000 0.979460000000 0.984370000000 0.981340000000 0.984380000000 0.984360000000 0.984380000000 

N_obs: 400000

File Format:
1- most to least reliable channels (taken entropies)
2- most to least reliable channels (taken error probabilities)
3- channels entropies (flipped)
4- channels error probabilities (flipped)
5- number of MontCarlo simulations
