127 126 125 123 119 124 122 111 63 121 95 31 118 47 79 117 59 61 15 115 55 62 103 87 110 93 107 109 94 91 23 39 71 7 120 30 29 27 51 99 43 75 83 46 78 57 116 113 11 19 35 67 58 60 45 3 114 77 53 14 105 101 54 89 85 102 92 108 86 106 90 13 25 49 21 37 41 97 69 73 81 28 17 9 5 33 65 1 22 38 70 56 26 112 6 44 52 50 76 98 104 100 42 74 82 88 84 12 24 18 10 20 34 36 48 40 72 66 68 96 80 8 16 4 2 32 64 0 

127 126 125 123 119 124 122 121 111 118 117 95 115 120 110 63 109 107 116 103 94 114 93 91 113 87 79 108 62 61 55 47 59 31 105 29 106 83 75 35 99 39 92 43 85 81 84 67 11 86 27 69 19 73 82 45 97 56 25 101 74 3 13 33 98 66 65 100 112 1 18 28 4 64 88 32 8 68 36 42 0 80 12 24 6 16 2 40 14 50 26 52 5 34 60 41 20 96 48 102 76 104 49 10 38 72 44 22 9 54 17 70 90 53 21 37 23 46 51 89 57 15 7 30 78 77 58 71 

0.000000000000 0.000169370000 0.000373770000 0.039487000000 0.002365500000 0.085264000000 0.148720000000 0.556440000000 0.025313000000 0.229830000000 0.302670000000 0.728550000000 0.347770000000 0.770690000000 0.737280000000 0.967920000000 0.109940000000 0.412020000000 0.439990000000 0.840130000000 0.438730000000 0.849540000000 0.794790000000 0.979500000000 0.377380000000 0.825830000000 0.797080000000 0.979890000000 0.688600000000 0.979480000000 0.895710000000 0.998090000000 0.156220000000 0.442730000000 0.436270000000 0.839480000000 0.449170000000 0.861170000000 0.807360000000 0.982540000000 0.395650000000 0.848440000000 0.815960000000 0.983640000000 0.698980000000 0.982310000000 0.897340000000 0.998170000000 0.299200000000 0.722400000000 0.771470000000 0.977880000000 0.695900000000 0.981950000000 0.896720000000 0.997970000000 0.512930000000 0.955820000000 0.896490000000 0.998040000000 0.754790000000 0.998040000000 0.914080000000 0.999830000000 0.135840000000 0.366930000000 0.343910000000 0.757780000000 0.342620000000 0.756710000000 0.723470000000 0.963880000000 0.354180000000 0.800280000000 0.781020000000 0.976480000000 0.680860000000 0.977100000000 0.893360000000 0.997710000000 0.294840000000 0.715660000000 0.764210000000 0.976220000000 0.691660000000 0.980490000000 0.895310000000 0.997760000000 0.509340000000 0.953310000000 0.894300000000 0.997700000000 0.752980000000 0.997590000000 0.913260000000 0.999780000000 0.216290000000 0.561840000000 0.564050000000 0.912620000000 0.639290000000 0.967550000000 0.888540000000 0.997090000000 0.506220000000 0.951550000000 0.893500000000 0.997570000000 0.752140000000 0.997360000000 0.912780000000 0.999730000000 0.347140000000 0.784650000000 0.871690000000 0.996650000000 0.751890000000 0.997470000000 0.912890000000 0.999720000000 0.547470000000 0.975860000000 0.912980000000 0.999750000000 0.765830000000 0.999760000000 0.917940000000 0.999980000000 

0.000000000000 0.000577030000 0.001375800000 0.122220000000 0.008398400000 0.244930000000 0.405030000000 0.886470000000 0.092919000000 0.582880000000 0.741870000000 0.967690000000 0.872790000000 0.980480000000 0.982060000000 0.984370000000 0.457160000000 0.901270000000 0.946130000000 0.983830000000 0.966640000000 0.984290000000 0.984240000000 0.984380000000 0.975240000000 0.984380000000 0.984370000000 0.984370000000 0.984330000000 0.984370000000 0.984360000000 0.984380000000 0.814680000000 0.976400000000 0.980720000000 0.984340000000 0.982020000000 0.984410000000 0.984440000000 0.984370000000 0.982690000000 0.984360000000 0.984340000000 0.984360000000 0.984320000000 0.984360000000 0.984340000000 0.984370000000 0.983280000000 0.984460000000 0.984460000000 0.984380000000 0.984320000000 0.984370000000 0.984360000000 0.984380000000 0.984550000000 0.984400000000 0.984360000000 0.984370000000 0.984360000000 0.984370000000 0.984370000000 0.984370000000 0.936100000000 0.983840000000 0.983850000000 0.984380000000 0.984110000000 0.984470000000 0.984440000000 0.984360000000 0.983920000000 0.984400000000 0.984410000000 0.984380000000 0.984430000000 0.984380000000 0.984380000000 0.984380000000 0.984090000000 0.984430000000 0.984360000000 0.984390000000 0.984340000000 0.984370000000 0.984380000000 0.984380000000 0.984340000000 0.984380000000 0.984420000000 0.984370000000 0.984330000000 0.984380000000 0.984370000000 0.984370000000 0.984230000000 0.984450000000 0.984280000000 0.984370000000 0.984360000000 0.984380000000 0.984370000000 0.984380000000 0.984430000000 0.984390000000 0.984410000000 0.984380000000 0.984360000000 0.984370000000 0.984400000000 0.984380000000 0.984450000000 0.984380000000 0.984370000000 0.984380000000 0.984360000000 0.984380000000 0.984390000000 0.984370000000 0.984450000000 0.984380000000 0.984380000000 0.984370000000 0.984370000000 0.984380000000 0.984370000000 0.984370000000 

N_obs: 400000

File Format:
1- most to least reliable channels (taken entropies)
2- most to least reliable channels (taken error probabilities)
3- channels entropies (flipped)
4- channels error probabilities (flipped)
5- number of MontCarlo simulations
