127 126 125 123 119 124 122 111 121 118 95 63 117 31 115 47 79 110 59 61 55 15 103 62 109 87 120 107 94 93 91 23 39 71 7 30 29 116 27 51 99 113 43 114 75 83 46 78 57 58 45 60 77 11 19 35 67 105 53 101 3 54 108 14 89 102 85 106 92 86 90 13 25 21 49 37 97 41 69 73 81 28 17 9 5 33 65 1 22 38 112 70 26 56 44 52 104 50 98 76 100 6 42 74 82 88 84 12 24 18 10 20 34 36 48 40 72 96 66 68 80 8 16 4 2 32 64 0 

127 126 125 123 119 124 122 121 111 118 117 95 115 120 110 109 116 63 107 94 103 114 93 113 91 108 87 79 62 106 61 59 105 47 31 55 102 99 101 27 53 83 17 14 39 89 43 15 67 112 86 51 9 92 57 30 52 90 71 70 75 88 13 26 38 1 73 68 24 23 96 56 66 8 80 78 0 4 16 36 64 97 12 32 40 20 48 10 2 18 104 72 3 76 69 34 28 25 84 49 7 42 65 82 22 6 50 74 77 44 37 45 33 81 5 11 85 98 21 54 41 100 58 29 46 35 19 60 

0.000000000000 0.000009894800 0.000027889000 0.011269000000 0.000148470000 0.025684000000 0.053864000000 0.375430000000 0.003655400000 0.101630000000 0.167960000000 0.582340000000 0.253620000000 0.678000000000 0.668870000000 0.949100000000 0.047834000000 0.294570000000 0.356570000000 0.776380000000 0.383870000000 0.802760000000 0.757950000000 0.971300000000 0.347440000000 0.789000000000 0.765040000000 0.972550000000 0.666590000000 0.971890000000 0.889840000000 0.997350000000 0.128150000000 0.402050000000 0.404500000000 0.814590000000 0.414950000000 0.832430000000 0.784510000000 0.977740000000 0.372470000000 0.820980000000 0.792550000000 0.978610000000 0.682950000000 0.976930000000 0.892880000000 0.997590000000 0.288810000000 0.705200000000 0.747150000000 0.971930000000 0.679330000000 0.976430000000 0.892090000000 0.997330000000 0.503470000000 0.949120000000 0.891860000000 0.997430000000 0.751830000000 0.997420000000 0.913140000000 0.999780000000 0.129250000000 0.354170000000 0.331460000000 0.744120000000 0.329880000000 0.740720000000 0.709720000000 0.960290000000 0.337010000000 0.776020000000 0.758490000000 0.971180000000 0.665050000000 0.971520000000 0.888910000000 0.997110000000 0.284790000000 0.699580000000 0.741360000000 0.970490000000 0.675980000000 0.975210000000 0.890880000000 0.997140000000 0.500850000000 0.946710000000 0.889690000000 0.997060000000 0.749850000000 0.996910000000 0.912280000000 0.999710000000 0.212430000000 0.552740000000 0.554350000000 0.908190000000 0.619890000000 0.959820000000 0.882860000000 0.996290000000 0.497050000000 0.944610000000 0.888760000000 0.996890000000 0.748910000000 0.996620000000 0.911720000000 0.999650000000 0.343160000000 0.780640000000 0.864490000000 0.995720000000 0.748580000000 0.996770000000 0.911860000000 0.999650000000 0.545240000000 0.975050000000 0.911970000000 0.999680000000 0.765160000000 0.999690000000 0.917690000000 0.999970000000 

0.000000000000 0.000034502000 0.000088777000 0.034634000000 0.000517360000 0.075422000000 0.151060000000 0.705800000000 0.012490000000 0.279050000000 0.440030000000 0.895730000000 0.674080000000 0.957720000000 0.971350000000 0.984340000000 0.188890000000 0.727670000000 0.848100000000 0.978800000000 0.923900000000 0.983140000000 0.983510000000 0.984380000000 0.957660000000 0.984080000000 0.984180000000 0.984410000000 0.984130000000 0.984400000000 0.984380000000 0.984370000000 0.651450000000 0.954330000000 0.971140000000 0.984350000000 0.978000000000 0.984360000000 0.984340000000 0.984360000000 0.980380000000 0.984340000000 0.984400000000 0.984380000000 0.984300000000 0.984390000000 0.984390000000 0.984370000000 0.981970000000 0.984370000000 0.984390000000 0.984380000000 0.984360000000 0.984390000000 0.984370000000 0.984380000000 0.984360000000 0.984360000000 0.984380000000 0.984370000000 0.984340000000 0.984370000000 0.984380000000 0.984380000000 0.896120000000 0.982090000000 0.983170000000 0.984490000000 0.983470000000 0.984420000000 0.984360000000 0.984370000000 0.984040000000 0.984410000000 0.984280000000 0.984360000000 0.984350000000 0.984390000000 0.984380000000 0.984380000000 0.983840000000 0.984440000000 0.984390000000 0.984390000000 0.984340000000 0.984380000000 0.984410000000 0.984380000000 0.984330000000 0.984370000000 0.984390000000 0.984380000000 0.984450000000 0.984380000000 0.984390000000 0.984380000000 0.984000000000 0.984360000000 0.984440000000 0.984380000000 0.984230000000 0.984370000000 0.984380000000 0.984370000000 0.984370000000 0.984390000000 0.984400000000 0.984380000000 0.984450000000 0.984380000000 0.984310000000 0.984380000000 0.984340000000 0.984330000000 0.984370000000 0.984380000000 0.984400000000 0.984380000000 0.984350000000 0.984370000000 0.984380000000 0.984390000000 0.984400000000 0.984380000000 0.984380000000 0.984380000000 0.984370000000 0.984380000000 

N_obs: 400000

File Format:
1- most to least reliable channels (taken entropies)
2- most to least reliable channels (taken error probabilities)
3- channels entropies (flipped)
4- channels error probabilities (flipped)
5- number of MontCarlo simulations
