127 126 125 124 123 122 121 119 118 117 115 111 110 95 109 107 103 63 94 93 91 120 114 116 113 87 108 106 105 102 101 62 61 79 92 90 99 89 59 86 112 85 55 104 83 60 100 78 58 47 77 98 88 57 31 97 75 54 84 71 53 15 82 51 46 39 23 45 29 30 43 81 27 76 56 7 74 73 67 96 70 69 35 52 11 19 14 49 50 13 3 37 41 25 21 38 44 22 28 42 26 80 65 33 17 9 5 1 72 68 66 6 48 12 34 36 40 18 10 24 20 64 8 16 32 4 2 0 

127 126 125 124 123 122 121 119 118 117 115 111 110 95 109 107 103 63 94 93 114 120 91 116 113 108 87 106 105 102 101 62 92 79 61 90 99 89 59 86 112 85 104 55 83 100 78 60 98 77 88 58 97 47 57 84 75 54 82 53 71 31 81 76 51 46 56 96 74 45 73 43 52 70 30 39 80 69 29 50 67 27 49 23 44 15 72 42 41 38 37 35 28 13 19 68 66 25 11 48 5 24 18 33 9 20 40 65 10 8 4 0 7 32 17 34 36 16 12 2 64 3 22 21 1 6 26 14 

0.000000000000 0.000000000000 0.000000000000 0.000000000000 0.000000000000 0.000000000000 0.000000000000 0.000000753550 0.000000000000 0.000000000000 0.000000000000 0.000000984060 0.000000000000 0.000000759550 0.000001657400 0.006144800000 0.000000000000 0.000000000000 0.000000000000 0.000003598100 0.000000000000 0.000010785000 0.000016483000 0.013540000000 0.000000000000 0.000049391000 0.000097473000 0.030550000000 0.000689170000 0.067219000000 0.130190000000 0.606720000000 0.000000000000 0.000000000001 0.000000000052 0.000253690000 0.000000398090 0.000514110000 0.001134700000 0.083961000000 0.000002431800 0.002977500000 0.006234900000 0.168170000000 0.024724000000 0.289090000000 0.389710000000 0.826950000000 0.000244790000 0.032625000000 0.063601000000 0.412120000000 0.138920000000 0.552380000000 0.588060000000 0.918510000000 0.223430000000 0.646790000000 0.651630000000 0.940650000000 0.590870000000 0.941600000000 0.868390000000 0.994370000000 0.000000000000 0.000117350000 0.000229670000 0.030040000000 0.001216400000 0.061721000000 0.110990000000 0.493720000000 0.011636000000 0.163800000000 0.237240000000 0.664280000000 0.302500000000 0.727990000000 0.705020000000 0.959290000000 0.063051000000 0.321800000000 0.370580000000 0.787040000000 0.386840000000 0.804550000000 0.758850000000 0.971400000000 0.344830000000 0.783680000000 0.758710000000 0.971110000000 0.661910000000 0.970000000000 0.888520000000 0.997160000000 0.123340000000 0.385980000000 0.385780000000 0.798510000000 0.392080000000 0.810640000000 0.766630000000 0.973730000000 0.354670000000 0.797570000000 0.772200000000 0.974070000000 0.669230000000 0.972290000000 0.889350000000 0.997130000000 0.280430000000 0.691820000000 0.729450000000 0.967430000000 0.667800000000 0.972700000000 0.889410000000 0.996990000000 0.499600000000 0.945910000000 0.890120000000 0.997250000000 0.751160000000 0.997340000000 0.913090000000 0.999780000000 

0.000000000000 0.000000000000 0.000000000000 0.000000000000 0.000000000000 0.000000000000 0.000000000000 0.000001015500 0.000000000000 0.000000000000 0.000000000000 0.000003356300 0.000000000000 0.000000674810 0.000003533000 0.013358000000 0.000000000000 0.000000000000 0.000000000000 0.000004886600 0.000000000000 0.000024228000 0.000046191000 0.028820000000 0.000000000000 0.000121330000 0.000209800000 0.063440000000 0.001626500000 0.133500000000 0.249190000000 0.829100000000 0.000000000000 0.000000000000 0.000000000015 0.000637100000 0.000001560400 0.001193800000 0.002665100000 0.172690000000 0.000005961100 0.007108700000 0.014853000000 0.321080000000 0.059047000000 0.513100000000 0.678270000000 0.961840000000 0.000717500000 0.085831000000 0.158790000000 0.699790000000 0.347770000000 0.851430000000 0.916460000000 0.982860000000 0.637610000000 0.950910000000 0.967690000000 0.984300000000 0.975660000000 0.984320000000 0.984370000000 0.984380000000 0.000000000000 0.000398070000 0.000764680000 0.090923000000 0.004132400000 0.176170000000 0.300180000000 0.825630000000 0.041096000000 0.428780000000 0.594400000000 0.940040000000 0.774370000000 0.971380000000 0.977270000000 0.984350000000 0.255920000000 0.784340000000 0.878800000000 0.980750000000 0.935350000000 0.983420000000 0.983760000000 0.984360000000 0.961570000000 0.984110000000 0.984190000000 0.984380000000 0.984250000000 0.984380000000 0.984360000000 0.984380000000 0.649020000000 0.952580000000 0.969530000000 0.984290000000 0.976670000000 0.984430000000 0.984340000000 0.984350000000 0.979880000000 0.984390000000 0.984390000000 0.984360000000 0.984300000000 0.984360000000 0.984380000000 0.984380000000 0.981410000000 0.984510000000 0.984290000000 0.984380000000 0.984350000000 0.984370000000 0.984360000000 0.984370000000 0.984370000000 0.984400000000 0.984350000000 0.984370000000 0.984390000000 0.984380000000 0.984390000000 0.984370000000 

N_obs: 400000

File Format:
1- most to least reliable channels (taken entropies)
2- most to least reliable channels (taken error probabilities)
3- channels entropies (flipped)
4- channels error probabilities (flipped)
5- number of MontCarlo simulations
