127 126 125 124 123 122 121 120 119 118 117 116 115 114 113 111 110 109 108 107 106 105 103 102 101 99 95 94 93 92 91 90 89 87 86 85 83 79 78 77 75 71 63 62 61 60 59 58 57 55 54 53 51 47 46 45 43 39 31 30 29 27 23 104 112 88 84 100 98 15 82 74 76 81 56 52 97 70 73 50 67 69 42 44 38 49 37 41 35 28 26 25 22 21 19 96 80 14 72 13 68 48 66 40 65 11 36 34 24 33 20 7 18 17 12 10 64 9 32 6 5 16 3 8 4 1 2 0 

127 126 125 124 123 122 121 120 119 118 117 116 115 114 113 111 110 109 108 107 106 105 103 102 101 99 95 94 93 92 91 90 89 87 86 85 83 79 78 77 75 71 63 62 61 60 59 58 57 55 54 53 51 47 46 45 43 39 31 30 29 27 23 112 104 88 84 100 98 15 82 74 76 81 56 52 97 70 73 50 67 69 42 44 38 49 37 41 35 28 26 25 21 22 96 19 80 14 72 13 68 48 66 40 65 11 36 34 24 33 20 7 18 17 12 10 64 9 32 6 5 16 3 8 4 2 1 0 

0.000000000000 0.000000000000 0.000000000000 0.000000000000 0.000000000000 0.000000000000 0.000000000000 0.000000000000 0.000000000000 0.000000000000 0.000000000000 0.000000000000 0.000000000000 0.000000000000 0.000000000000 0.000000000000 0.000000000000 0.000000000000 0.000000000000 0.000000000000 0.000000000000 0.000000000000 0.000000000000 0.000000000000 0.000000000000 0.000000000000 0.000000000000 0.000000000000 0.000000000000 0.000000000000 0.000000000000 0.000007662800 0.000000000000 0.000000000000 0.000000000000 0.000000000000 0.000000000000 0.000000000000 0.000000000000 0.000000000000 0.000000000000 0.000000000000 0.000000000000 0.000000000000 0.000000000000 0.000000000000 0.000000000000 0.000014738000 0.000000000000 0.000000000000 0.000000000000 0.000000000000 0.000000000000 0.000000000000 0.000000000000 0.000034717000 0.000000000000 0.000000000000 0.000000000002 0.000070127000 0.000000000002 0.000153130000 0.000352100000 0.063458000000 0.000000000000 0.000000000000 0.000000000000 0.000000000000 0.000000000000 0.000000000000 0.000000000000 0.000000000000 0.000000000000 0.000000000000 0.000000000000 0.000000000000 0.000000000000 0.000000000001 0.000000000276 0.000118290000 0.000000000000 0.000000000000 0.000000000000 0.000000000011 0.000000000000 0.000000000008 0.000000000722 0.000219790000 0.000000000000 0.000000000136 0.000000000465 0.000480840000 0.000000005255 0.001045600000 0.002406800000 0.139690000000 0.000000000000 0.000000000000 0.000000000000 0.000000104920 0.000000000000 0.000000133420 0.000000252110 0.001661700000 0.000000000000 0.000000480440 0.000000525130 0.003576400000 0.000005877800 0.007830500000 0.017335000000 0.291220000000 0.000000000000 0.000031061000 0.000058711000 0.021274000000 0.000354270000 0.044605000000 0.086249000000 0.508740000000 0.005313400000 0.142700000000 0.228990000000 0.694790000000 0.326470000000 0.777160000000 0.751510000000 0.971360000000 

0.000000000000 0.000000000000 0.000000000000 0.000000000000 0.000000000000 0.000000000000 0.000000000000 0.000000000000 0.000000000000 0.000000000000 0.000000000000 0.000000000000 0.000000000000 0.000000000000 0.000000000000 0.000000000000 0.000000000000 0.000000000000 0.000000000000 0.000000000000 0.000000000000 0.000000000000 0.000000000000 0.000000000000 0.000000000000 0.000000000000 0.000000000000 0.000000000000 0.000000000000 0.000000000000 0.000000000000 0.000012846000 0.000000000000 0.000000000000 0.000000000000 0.000000000000 0.000000000000 0.000000000000 0.000000000000 0.000000000000 0.000000000000 0.000000000000 0.000000000000 0.000000000000 0.000000000000 0.000000000000 0.000000000000 0.000025346000 0.000000000000 0.000000000000 0.000000000000 0.000000000000 0.000000000000 0.000000000000 0.000000000000 0.000077139000 0.000000000000 0.000000000000 0.000000000000 0.000173010000 0.000000000000 0.000313750000 0.000797600000 0.124750000000 0.000000000000 0.000000000000 0.000000000000 0.000000000000 0.000000000000 0.000000000000 0.000000000000 0.000000000000 0.000000000000 0.000000000000 0.000000000000 0.000000000000 0.000000000000 0.000000000000 0.000000000103 0.000246150000 0.000000000000 0.000000000000 0.000000000000 0.000000000003 0.000000000000 0.000000000002 0.000000000288 0.000489640000 0.000000000000 0.000000000044 0.000000000170 0.001033600000 0.000000002432 0.002237700000 0.005101500000 0.258280000000 0.000000000000 0.000000000000 0.000000000000 0.000000103050 0.000000000000 0.000000137470 0.000000241100 0.003581000000 0.000000000000 0.000001422100 0.000000499510 0.007695600000 0.000019693000 0.016710000000 0.036580000000 0.487230000000 0.000000000000 0.000059032000 0.000147250000 0.046610000000 0.000882380000 0.094384000000 0.175900000000 0.746640000000 0.014061000000 0.296840000000 0.456090000000 0.908320000000 0.686390000000 0.962030000000 0.973240000000 0.984320000000 

N_obs: 400000

File Format:
1- most to least reliable channels (taken entropies)
2- most to least reliable channels (taken error probabilities)
3- channels entropies (flipped)
4- channels error probabilities (flipped)
5- number of MontCarlo simulations
