127 126 125 63 123 95 119 31 111 47 79 15 59 61 62 55 124 103 87 115 121 93 94 122 23 39 71 7 117 118 91 30 29 107 110 109 27 51 43 99 75 83 11 19 35 67 57 46 3 78 14 60 58 113 45 77 53 105 89 101 85 54 13 120 92 114 25 116 49 21 37 41 69 97 73 81 17 9 5 33 65 1 102 28 86 108 90 106 22 38 70 56 6 112 26 52 44 50 76 104 42 98 100 88 74 82 84 12 24 18 10 34 20 48 36 40 72 66 68 80 96 8 16 4 2 32 64 0 

127 126 125 123 119 124 111 122 95 121 63 118 117 115 110 103 61 87 91 109 78 59 57 99 29 107 39 53 7 30 116 105 51 45 3 65 23 94 67 9 1 114 33 17 120 25 38 84 19 93 70 79 88 62 28 112 104 50 21 46 58 52 26 14 42 49 34 20 72 100 18 8 54 2 32 98 0 90 66 16 68 48 24 80 4 64 36 41 74 12 40 10 44 96 82 22 81 5 6 69 101 97 76 11 89 92 56 108 77 102 86 85 71 106 73 13 75 37 83 113 15 60 31 27 35 43 55 47 

0.003997700000 0.083607000000 0.135080000000 0.461250000000 0.193970000000 0.533800000000 0.523300000000 0.893130000000 0.223070000000 0.577690000000 0.561080000000 0.905810000000 0.517770000000 0.904850000000 0.840010000000 0.989400000000 0.238290000000 0.613740000000 0.633230000000 0.938150000000 0.600900000000 0.946430000000 0.869100000000 0.993780000000 0.467280000000 0.919770000000 0.871830000000 0.994320000000 0.738420000000 0.994280000000 0.909040000000 0.999480000000 0.203080000000 0.533020000000 0.532350000000 0.897420000000 0.582900000000 0.943420000000 0.870770000000 0.994420000000 0.478990000000 0.929780000000 0.878250000000 0.995260000000 0.741560000000 0.994820000000 0.909360000000 0.999460000000 0.334810000000 0.771380000000 0.847840000000 0.993230000000 0.740170000000 0.994730000000 0.909130000000 0.999410000000 0.538800000000 0.972260000000 0.908980000000 0.999430000000 0.763060000000 0.999430000000 0.916860000000 0.999950000000 0.151760000000 0.407380000000 0.385690000000 0.797330000000 0.384710000000 0.803620000000 0.764050000000 0.973970000000 0.428910000000 0.890480000000 0.857110000000 0.992030000000 0.731820000000 0.992690000000 0.907170000000 0.999290000000 0.331320000000 0.767100000000 0.842140000000 0.992360000000 0.737520000000 0.994040000000 0.908250000000 0.999320000000 0.536540000000 0.971120000000 0.907750000000 0.999300000000 0.762050000000 0.999260000000 0.916380000000 0.999930000000 0.230870000000 0.590390000000 0.593270000000 0.925550000000 0.706040000000 0.989510000000 0.905290000000 0.999110000000 0.535190000000 0.970510000000 0.907400000000 0.999260000000 0.761700000000 0.999190000000 0.916140000000 0.999920000000 0.359670000000 0.795760000000 0.892690000000 0.998980000000 0.761560000000 0.999230000000 0.916200000000 0.999910000000 0.555030000000 0.977840000000 0.916240000000 0.999920000000 0.767960000000 0.999920000000 0.918780000000 0.999990000000 

0.021070000000 0.354230000000 0.550080000000 0.930010000000 0.787400000000 0.972820000000 0.978430000000 0.984350000000 0.920100000000 0.983060000000 0.983310000000 0.984320000000 0.983740000000 0.984350000000 0.984420000000 0.984370000000 0.961620000000 0.984040000000 0.984230000000 0.984390000000 0.984290000000 0.984410000000 0.984320000000 0.984370000000 0.984160000000 0.984390000000 0.984390000000 0.984370000000 0.984270000000 0.984370000000 0.984390000000 0.984380000000 0.973260000000 0.984340000000 0.984360000000 0.984390000000 0.984230000000 0.984370000000 0.984390000000 0.984370000000 0.984220000000 0.984400000000 0.984400000000 0.984360000000 0.984420000000 0.984380000000 0.984380000000 0.984380000000 0.984370000000 0.984250000000 0.984390000000 0.984390000000 0.984410000000 0.984380000000 0.984410000000 0.984370000000 0.984400000000 0.984370000000 0.984380000000 0.984380000000 0.984340000000 0.984370000000 0.984330000000 0.984380000000 0.978560000000 0.984370000000 0.984200000000 0.984430000000 0.984250000000 0.984370000000 0.984260000000 0.984390000000 0.984510000000 0.984370000000 0.984320000000 0.984370000000 0.984330000000 0.984370000000 0.984370000000 0.984380000000 0.984580000000 0.984370000000 0.984330000000 0.984380000000 0.984460000000 0.984370000000 0.984380000000 0.984380000000 0.984310000000 0.984360000000 0.984420000000 0.984380000000 0.984460000000 0.984370000000 0.984350000000 0.984370000000 0.984440000000 0.984320000000 0.984280000000 0.984370000000 0.984440000000 0.984370000000 0.984360000000 0.984380000000 0.984340000000 0.984380000000 0.984370000000 0.984370000000 0.984360000000 0.984370000000 0.984350000000 0.984380000000 0.984430000000 0.984370000000 0.984410000000 0.984380000000 0.984390000000 0.984380000000 0.984350000000 0.984370000000 0.984320000000 0.984380000000 0.984380000000 0.984380000000 0.984330000000 0.984370000000 0.984350000000 0.984370000000 

N_obs: 400000

File Format:
1- most to least reliable channels (taken entropies)
2- most to least reliable channels (taken error probabilities)
3- channels entropies (flipped)
4- channels error probabilities (flipped)
5- number of MontCarlo simulations
