127 126 125 124 123 122 121 120 119 118 117 115 111 110 109 107 103 95 94 93 91 87 79 63 62 61 59 55 116 113 106 108 114 101 102 105 99 92 89 90 86 85 83 47 77 78 75 58 60 57 112 53 54 104 31 71 100 98 51 88 97 84 46 82 45 81 76 43 74 56 73 30 52 70 39 29 50 69 96 49 44 27 42 80 67 23 41 72 15 38 28 37 68 26 35 48 25 7 66 22 19 21 11 14 13 65 40 3 36 33 34 24 17 9 5 6 20 18 12 10 1 64 32 16 8 4 2 0 

127 126 125 124 123 122 121 120 119 118 117 115 111 110 109 107 103 95 94 93 91 87 79 63 62 61 59 55 116 113 106 108 114 101 102 105 99 92 89 90 86 85 83 47 77 78 58 75 60 112 57 53 54 104 71 31 100 98 51 88 97 84 46 82 45 81 76 43 74 56 73 52 70 30 39 50 29 69 96 49 44 80 27 42 67 41 72 23 38 28 68 37 48 26 15 66 35 25 40 65 22 21 36 19 14 34 13 24 33 11 64 7 20 18 17 6 12 9 10 5 32 16 2 4 8 0 3 1 

0.000000000000 0.000000000000 0.000000000000 0.000000000000 0.000000000000 0.000000000000 0.000000000000 0.000000000000 0.000000000000 0.000000000000 0.000000000000 0.000000000000 0.000000000000 0.000000000000 0.000000000000 0.000003078000 0.000000000000 0.000000000000 0.000000000000 0.000000000000 0.000000000000 0.000000000000 0.000000000000 0.000009027800 0.000000000000 0.000000000000 0.000000000000 0.000020003000 0.000000000000 0.000035572000 0.000074387000 0.031531000000 0.000000000000 0.000000000000 0.000000000000 0.000000000000 0.000000000000 0.000000000000 0.000000000000 0.000063206000 0.000000000000 0.000000000001 0.000000000001 0.000104350000 0.000000000032 0.000233420000 0.000522060000 0.070686000000 0.000000000000 0.000000062561 0.000000002922 0.000782580000 0.000000158100 0.001703300000 0.003778900000 0.154740000000 0.000010737000 0.010050000000 0.021298000000 0.299100000000 0.071007000000 0.459200000000 0.540320000000 0.903960000000 0.000000000000 0.000000000000 0.000000000000 0.000000260620 0.000000000000 0.000000183780 0.000002753300 0.003354700000 0.000000000000 0.000005096800 0.000004254600 0.007220800000 0.000039638000 0.015446000000 0.032813000000 0.347200000000 0.000000000814 0.000107810000 0.000236050000 0.034936000000 0.001119500000 0.069929000000 0.125280000000 0.559870000000 0.010893000000 0.181780000000 0.268950000000 0.721860000000 0.345280000000 0.785180000000 0.754220000000 0.971660000000 0.000009827500 0.007088900000 0.014672000000 0.201380000000 0.045387000000 0.322310000000 0.396910000000 0.818210000000 0.117350000000 0.468860000000 0.505500000000 0.878780000000 0.485940000000 0.883520000000 0.823460000000 0.986050000000 0.176780000000 0.523030000000 0.536800000000 0.897480000000 0.513180000000 0.901530000000 0.835500000000 0.987760000000 0.418120000000 0.872410000000 0.836280000000 0.988300000000 0.717010000000 0.988580000000 0.903910000000 0.999060000000 

0.000000000000 0.000000000000 0.000000000000 0.000000000000 0.000000000000 0.000000000000 0.000000000000 0.000000000000 0.000000000000 0.000000000000 0.000000000000 0.000000000000 0.000000000000 0.000000000000 0.000000000000 0.000005871800 0.000000000000 0.000000000000 0.000000000000 0.000000000000 0.000000000000 0.000000000000 0.000000000000 0.000014506000 0.000000000000 0.000000000000 0.000000000000 0.000043519000 0.000000000000 0.000078279000 0.000170720000 0.064022000000 0.000000000000 0.000000000000 0.000000000000 0.000000000000 0.000000000000 0.000000000000 0.000000000000 0.000145440000 0.000000000000 0.000000000000 0.000000000000 0.000213430000 0.000000000009 0.000518710000 0.001110700000 0.137630000000 0.000000000000 0.000000053163 0.000000001346 0.001726500000 0.000000143500 0.003772100000 0.008269200000 0.282430000000 0.000020226000 0.022213000000 0.045871000000 0.499890000000 0.157090000000 0.712210000000 0.838410000000 0.978980000000 0.000000000000 0.000000000000 0.000000000000 0.000000226110 0.000000000000 0.000000141890 0.000006993800 0.008154800000 0.000000000000 0.000014439000 0.000010729000 0.017286000000 0.000110780000 0.036007000000 0.074091000000 0.585240000000 0.000000000342 0.000288670000 0.000604820000 0.081669000000 0.003040400000 0.155920000000 0.268490000000 0.813410000000 0.030939000000 0.390950000000 0.554740000000 0.933680000000 0.747750000000 0.969270000000 0.976420000000 0.984360000000 0.000028022000 0.022844000000 0.045569000000 0.459220000000 0.139050000000 0.655830000000 0.788570000000 0.973390000000 0.382850000000 0.864400000000 0.923060000000 0.983130000000 0.955120000000 0.983950000000 0.984170000000 0.984360000000 0.698130000000 0.961060000000 0.972780000000 0.984290000000 0.978110000000 0.984330000000 0.984330000000 0.984370000000 0.980440000000 0.984290000000 0.984350000000 0.984370000000 0.984390000000 0.984370000000 0.984400000000 0.984380000000 

N_obs: 400000

File Format:
1- most to least reliable channels (taken entropies)
2- most to least reliable channels (taken error probabilities)
3- channels entropies (flipped)
4- channels error probabilities (flipped)
5- number of MontCarlo simulations
