127 125 126 123 119 124 111 122 121 118 117 115 95 110 109 120 63 107 116 94 114 103 31 93 79 47 113 91 61 62 59 55 87 108 15 106 23 71 39 105 29 30 7 99 27 102 101 51 75 83 43 92 78 46 57 77 45 89 58 60 53 90 85 54 86 11 19 35 67 112 3 14 13 97 25 21 69 73 37 81 49 41 104 28 17 9 5 33 65 1 22 70 100 38 98 26 56 76 88 44 82 50 74 52 84 42 6 12 96 24 18 10 20 34 72 36 66 68 40 80 48 8 16 4 2 32 64 0 

127 125 126 123 119 124 111 122 121 118 117 115 110 95 109 120 116 107 114 94 63 103 113 108 93 106 91 105 87 62 102 112 92 79 101 61 99 59 90 55 89 104 47 31 86 85 83 60 100 77 78 71 75 51 15 98 97 54 43 67 14 3 70 37 1 33 84 29 76 65 21 44 80 18 6 66 48 42 13 82 28 58 68 17 36 8 56 52 64 0 34 30 16 40 35 4 72 5 88 24 10 2 96 32 74 20 69 73 81 41 12 26 9 57 27 50 38 22 49 25 11 46 53 23 7 19 39 45 

0.000000000000 0.000000000000 0.000000000000 0.000050727000 0.000000000005 0.000117290000 0.000238720000 0.040979000000 0.000000320950 0.000788220000 0.001734200000 0.091248000000 0.009029200000 0.178860000000 0.275180000000 0.739670000000 0.000057021000 0.016125000000 0.033043000000 0.306510000000 0.088651000000 0.451010000000 0.509140000000 0.884190000000 0.179150000000 0.579670000000 0.596310000000 0.920640000000 0.551900000000 0.922640000000 0.853990000000 0.991910000000 0.011301000000 0.150300000000 0.218500000000 0.624250000000 0.282930000000 0.692970000000 0.670890000000 0.948470000000 0.293780000000 0.711820000000 0.693850000000 0.953430000000 0.613050000000 0.950290000000 0.872660000000 0.994640000000 0.251460000000 0.639820000000 0.659580000000 0.946650000000 0.612240000000 0.951010000000 0.872320000000 0.994290000000 0.468610000000 0.920460000000 0.871880000000 0.994410000000 0.738820000000 0.994410000000 0.909390000000 0.999520000000 0.081885000000 0.285380000000 0.283520000000 0.684860000000 0.288430000000 0.682390000000 0.657440000000 0.945340000000 0.289900000000 0.701710000000 0.685850000000 0.951500000000 0.611780000000 0.950630000000 0.873140000000 0.994790000000 0.255190000000 0.644860000000 0.667660000000 0.949350000000 0.619780000000 0.954000000000 0.874320000000 0.994560000000 0.471510000000 0.922340000000 0.872520000000 0.994400000000 0.738400000000 0.994140000000 0.908890000000 0.999460000000 0.198340000000 0.523270000000 0.521000000000 0.891650000000 0.561750000000 0.932710000000 0.862640000000 0.993060000000 0.466290000000 0.919000000000 0.870900000000 0.994080000000 0.736660000000 0.993580000000 0.908000000000 0.999340000000 0.330700000000 0.766010000000 0.839040000000 0.991870000000 0.736400000000 0.993850000000 0.908210000000 0.999330000000 0.537060000000 0.971460000000 0.908410000000 0.999390000000 0.762810000000 0.999410000000 0.916850000000 0.999950000000 

0.000000000000 0.000000000000 0.000000000000 0.000137870000 0.000000000001 0.000312090000 0.000684150000 0.099866000000 0.000000351720 0.002138000000 0.004622000000 0.206140000000 0.024342000000 0.372420000000 0.550630000000 0.938310000000 0.000178680000 0.046191000000 0.090585000000 0.592040000000 0.240990000000 0.778900000000 0.874770000000 0.980760000000 0.541840000000 0.927980000000 0.956880000000 0.984030000000 0.970580000000 0.984280000000 0.984300000000 0.984380000000 0.047749000000 0.466570000000 0.646880000000 0.951810000000 0.820920000000 0.976600000000 0.980060000000 0.984380000000 0.917030000000 0.983010000000 0.983320000000 0.984360000000 0.983650000000 0.984370000000 0.984380000000 0.984360000000 0.955910000000 0.984140000000 0.984080000000 0.984360000000 0.984190000000 0.984380000000 0.984380000000 0.984380000000 0.984170000000 0.984330000000 0.984380000000 0.984370000000 0.984320000000 0.984370000000 0.984360000000 0.984370000000 0.525320000000 0.923680000000 0.959080000000 0.983980000000 0.973370000000 0.984370000000 0.984390000000 0.984370000000 0.978490000000 0.984310000000 0.984430000000 0.984370000000 0.984270000000 0.984390000000 0.984400000000 0.984370000000 0.980900000000 0.984430000000 0.984530000000 0.984360000000 0.984310000000 0.984370000000 0.984390000000 0.984380000000 0.984500000000 0.984400000000 0.984350000000 0.984370000000 0.984380000000 0.984370000000 0.984350000000 0.984380000000 0.982260000000 0.984370000000 0.984360000000 0.984370000000 0.984390000000 0.984390000000 0.984410000000 0.984380000000 0.984440000000 0.984400000000 0.984360000000 0.984380000000 0.984500000000 0.984360000000 0.984370000000 0.984370000000 0.984270000000 0.984330000000 0.984370000000 0.984390000000 0.984410000000 0.984380000000 0.984390000000 0.984370000000 0.984470000000 0.984370000000 0.984380000000 0.984380000000 0.984330000000 0.984380000000 0.984350000000 0.984370000000 

N_obs: 400000

File Format:
1- most to least reliable channels (taken entropies)
2- most to least reliable channels (taken error probabilities)
3- channels entropies (flipped)
4- channels error probabilities (flipped)
5- number of MontCarlo simulations
