127 126 125 123 119 124 63 111 95 122 31 121 47 79 15 59 61 118 55 62 103 117 115 87 93 94 91 107 110 109 23 39 71 7 30 29 27 51 120 99 43 75 83 46 57 78 11 19 35 67 3 60 58 113 45 14 77 53 116 105 101 54 114 89 85 102 92 86 108 13 106 90 25 49 21 37 41 97 69 73 81 17 9 5 33 65 28 1 22 38 70 56 26 6 112 52 44 50 76 104 98 42 100 74 88 82 84 12 24 18 10 20 34 48 36 40 72 66 68 96 80 8 16 4 2 32 64 0 

127 126 125 123 124 119 122 121 111 118 95 117 115 63 120 110 109 107 103 94 116 93 91 87 114 79 113 55 62 59 75 46 39 51 78 11 15 67 108 29 23 26 83 5 9 71 61 102 106 33 27 86 105 28 112 52 21 68 6 98 74 12 96 36 80 42 40 18 35 32 69 16 77 66 64 4 104 44 2 0 72 8 70 82 20 60 88 48 24 34 10 73 100 81 76 38 17 49 22 84 50 41 99 89 56 25 53 101 43 97 1 37 7 13 54 65 31 92 85 90 58 3 57 19 45 30 14 47 

0.000000069605 0.001477700000 0.003197800000 0.097664000000 0.016011000000 0.188460000000 0.265510000000 0.696020000000 0.076666000000 0.360460000000 0.402040000000 0.810690000000 0.407320000000 0.824260000000 0.778840000000 0.977420000000 0.162560000000 0.486300000000 0.495770000000 0.875600000000 0.480690000000 0.880610000000 0.819000000000 0.984490000000 0.400850000000 0.853610000000 0.820660000000 0.984830000000 0.704360000000 0.984570000000 0.899820000000 0.998570000000 0.172550000000 0.468950000000 0.461930000000 0.857030000000 0.479760000000 0.883590000000 0.825180000000 0.986140000000 0.416600000000 0.871110000000 0.834320000000 0.987340000000 0.711660000000 0.986310000000 0.900780000000 0.998580000000 0.308420000000 0.736230000000 0.791920000000 0.982540000000 0.709050000000 0.986020000000 0.900270000000 0.998430000000 0.519990000000 0.960960000000 0.900070000000 0.998490000000 0.757180000000 0.998480000000 0.914830000000 0.999870000000 0.140170000000 0.377140000000 0.354250000000 0.768530000000 0.353430000000 0.769640000000 0.734580000000 0.966650000000 0.370580000000 0.821750000000 0.800560000000 0.980870000000 0.694620000000 0.981650000000 0.897090000000 0.998180000000 0.303720000000 0.729780000000 0.784250000000 0.980960000000 0.704730000000 0.984660000000 0.898890000000 0.998240000000 0.516700000000 0.958570000000 0.898030000000 0.998190000000 0.755460000000 0.998100000000 0.914080000000 0.999820000000 0.220050000000 0.568990000000 0.572090000000 0.916400000000 0.656400000000 0.973950000000 0.893200000000 0.997710000000 0.513790000000 0.957170000000 0.897390000000 0.998090000000 0.754770000000 0.997920000000 0.913670000000 0.999790000000 0.350530000000 0.788100000000 0.877580000000 0.997370000000 0.754590000000 0.998010000000 0.913780000000 0.999780000000 0.549360000000 0.976490000000 0.913850000000 0.999800000000 0.766370000000 0.999810000000 0.918160000000 0.999980000000 

0.000000053048 0.005621300000 0.011678000000 0.293510000000 0.058939000000 0.504340000000 0.680770000000 0.959840000000 0.297420000000 0.819140000000 0.902480000000 0.982190000000 0.948310000000 0.983930000000 0.984140000000 0.984370000000 0.697040000000 0.961320000000 0.973400000000 0.984350000000 0.978720000000 0.984360000000 0.984370000000 0.984370000000 0.980830000000 0.984360000000 0.984400000000 0.984380000000 0.984390000000 0.984370000000 0.984400000000 0.984370000000 0.898040000000 0.981970000000 0.983130000000 0.984420000000 0.983580000000 0.984420000000 0.984390000000 0.984380000000 0.983610000000 0.984360000000 0.984420000000 0.984390000000 0.984350000000 0.984380000000 0.984380000000 0.984370000000 0.983940000000 0.984320000000 0.984370000000 0.984380000000 0.984280000000 0.984370000000 0.984380000000 0.984380000000 0.984360000000 0.984380000000 0.984370000000 0.984370000000 0.984340000000 0.984370000000 0.984410000000 0.984370000000 0.955380000000 0.984220000000 0.984360000000 0.984380000000 0.984270000000 0.984420000000 0.984450000000 0.984390000000 0.984210000000 0.984410000000 0.984400000000 0.984370000000 0.984310000000 0.984390000000 0.984380000000 0.984380000000 0.984530000000 0.984290000000 0.984470000000 0.984370000000 0.984400000000 0.984370000000 0.984390000000 0.984370000000 0.984310000000 0.984380000000 0.984400000000 0.984370000000 0.984370000000 0.984380000000 0.984360000000 0.984370000000 0.984420000000 0.984480000000 0.984350000000 0.984370000000 0.984360000000 0.984350000000 0.984400000000 0.984380000000 0.984350000000 0.984380000000 0.984370000000 0.984380000000 0.984450000000 0.984370000000 0.984380000000 0.984370000000 0.984340000000 0.984490000000 0.984410000000 0.984370000000 0.984340000000 0.984380000000 0.984360000000 0.984380000000 0.984400000000 0.984370000000 0.984350000000 0.984370000000 0.984430000000 0.984370000000 0.984400000000 0.984380000000 

N_obs: 400000

File Format:
1- most to least reliable channels (taken entropies)
2- most to least reliable channels (taken error probabilities)
3- channels entropies (flipped)
4- channels error probabilities (flipped)
5- number of MontCarlo simulations
