127 126 125 123 119 124 122 111 121 118 117 95 63 115 110 120 31 109 47 79 107 103 59 61 55 94 62 15 87 93 116 91 23 39 71 114 7 30 29 113 27 99 51 108 43 75 83 46 78 57 105 45 77 101 58 106 60 53 102 11 19 35 67 54 89 85 3 92 14 86 90 13 25 97 21 49 37 41 69 73 81 28 112 17 9 5 33 65 1 22 38 70 26 104 56 98 100 44 76 50 52 42 74 82 88 84 6 12 24 18 10 20 34 96 36 40 48 72 68 66 80 8 16 4 2 32 64 0 

127 126 125 123 119 124 122 121 111 118 117 115 95 110 120 109 116 107 63 114 94 103 113 93 108 91 106 87 62 105 79 61 102 59 101 112 55 92 99 47 31 89 15 30 71 77 7 78 90 58 67 39 83 54 13 46 75 14 51 85 81 38 104 28 73 100 74 11 98 1 52 56 44 49 20 33 10 21 80 72 96 86 42 36 40 2 88 16 6 12 3 70 48 84 37 0 64 32 35 8 22 24 4 68 66 34 69 18 41 65 82 45 97 76 26 19 53 5 50 43 17 27 25 9 29 23 57 60 

0.000000000000 0.000000387070 0.000001058700 0.002124300000 0.000002139000 0.004666200000 0.010523000000 0.197760000000 0.000155890000 0.025772000000 0.052089000000 0.369530000000 0.124520000000 0.515420000000 0.557150000000 0.908490000000 0.009295900000 0.149310000000 0.225180000000 0.650450000000 0.298480000000 0.722750000000 0.696790000000 0.955450000000 0.307420000000 0.736450000000 0.718090000000 0.960640000000 0.634140000000 0.959760000000 0.880870000000 0.996110000000 0.080588000000 0.331630000000 0.357640000000 0.772970000000 0.375760000000 0.794260000000 0.753450000000 0.970650000000 0.346310000000 0.786520000000 0.762030000000 0.971570000000 0.661670000000 0.969410000000 0.887020000000 0.996790000000 0.275590000000 0.683370000000 0.717920000000 0.964150000000 0.657760000000 0.968890000000 0.886050000000 0.996460000000 0.492300000000 0.940270000000 0.885790000000 0.996560000000 0.747880000000 0.996570000000 0.911960000000 0.999710000000 0.119090000000 0.336070000000 0.317110000000 0.727200000000 0.315550000000 0.721640000000 0.692780000000 0.955710000000 0.319460000000 0.749100000000 0.732840000000 0.964680000000 0.646570000000 0.964580000000 0.883620000000 0.996370000000 0.273830000000 0.680250000000 0.714840000000 0.963410000000 0.656510000000 0.968310000000 0.885380000000 0.996320000000 0.490310000000 0.938570000000 0.884050000000 0.996220000000 0.746050000000 0.996030000000 0.911120000000 0.999630000000 0.207110000000 0.542270000000 0.542720000000 0.902610000000 0.598740000000 0.950610000000 0.876030000000 0.995250000000 0.486040000000 0.936010000000 0.882770000000 0.995990000000 0.744810000000 0.995660000000 0.910440000000 0.999560000000 0.338790000000 0.775510000000 0.855820000000 0.994500000000 0.744540000000 0.995850000000 0.910620000000 0.999550000000 0.542270000000 0.973920000000 0.910760000000 0.999590000000 0.764350000000 0.999600000000 0.917400000000 0.999970000000 

0.000000000000 0.000000582320 0.000004029200 0.006261300000 0.000008475400 0.013542000000 0.029664000000 0.431110000000 0.000511590000 0.072951000000 0.140570000000 0.680120000000 0.338410000000 0.848830000000 0.917450000000 0.982930000000 0.033903000000 0.409700000000 0.583980000000 0.938660000000 0.776280000000 0.971880000000 0.977730000000 0.984350000000 0.898630000000 0.982010000000 0.982870000000 0.984360000000 0.983430000000 0.984360000000 0.984390000000 0.984370000000 0.387990000000 0.873180000000 0.934670000000 0.983400000000 0.962800000000 0.984270000000 0.984100000000 0.984370000000 0.973250000000 0.984370000000 0.984340000000 0.984370000000 0.984310000000 0.984380000000 0.984340000000 0.984370000000 0.978650000000 0.984260000000 0.984240000000 0.984390000000 0.984320000000 0.984360000000 0.984360000000 0.984370000000 0.984200000000 0.984370000000 0.984380000000 0.984380000000 0.984280000000 0.984380000000 0.984380000000 0.984370000000 0.814820000000 0.976150000000 0.980690000000 0.984510000000 0.982710000000 0.984280000000 0.984460000000 0.984360000000 0.983090000000 0.984320000000 0.984390000000 0.984360000000 0.984330000000 0.984400000000 0.984370000000 0.984370000000 0.983470000000 0.984320000000 0.984380000000 0.984370000000 0.984400000000 0.984370000000 0.984380000000 0.984370000000 0.984280000000 0.984350000000 0.984370000000 0.984370000000 0.984380000000 0.984380000000 0.984370000000 0.984370000000 0.983670000000 0.984190000000 0.984430000000 0.984350000000 0.984420000000 0.984390000000 0.984420000000 0.984380000000 0.984450000000 0.984380000000 0.984370000000 0.984370000000 0.984390000000 0.984380000000 0.984410000000 0.984370000000 0.984180000000 0.984320000000 0.984320000000 0.984370000000 0.984360000000 0.984370000000 0.984430000000 0.984380000000 0.984240000000 0.984370000000 0.984400000000 0.984380000000 0.984370000000 0.984370000000 0.984360000000 0.984370000000 

N_obs: 400000

File Format:
1- most to least reliable channels (taken entropies)
2- most to least reliable channels (taken error probabilities)
3- channels entropies (flipped)
4- channels error probabilities (flipped)
5- number of MontCarlo simulations
