127 126 125 123 119 111 95 122 121 118 124 117 115 109 110 107 103 94 93 63 120 116 91 114 113 108 106 105 87 102 62 101 92 61 90 79 99 89 112 59 86 104 55 85 31 47 60 100 83 78 58 15 77 98 71 88 57 75 23 39 97 54 29 51 27 30 53 43 46 45 7 84 82 81 67 11 19 35 14 76 73 3 69 13 56 70 74 49 25 37 21 41 28 38 22 52 96 50 26 44 42 65 17 9 5 33 1 80 6 72 66 68 12 18 48 34 24 10 36 20 40 64 8 16 4 2 32 0 

127 126 125 123 119 111 95 122 121 118 124 117 115 109 110 107 103 94 93 120 63 116 91 114 113 108 106 105 87 102 101 92 62 90 61 99 79 112 89 86 59 104 85 100 55 60 83 78 98 88 58 77 97 47 84 57 75 54 31 82 71 53 81 76 51 46 96 56 45 74 43 73 39 30 29 70 27 52 69 23 67 15 80 50 49 3 17 38 5 66 33 7 11 10 1 68 65 34 64 20 42 14 32 24 4 16 37 0 9 48 26 2 8 18 22 36 6 44 72 35 40 12 13 28 41 21 25 19 

0.000000000000 0.000000000000 0.000000000000 0.000000000000 0.000000000000 0.000000000000 0.000000000000 0.000017376000 0.000000000000 0.000000000000 0.000000000000 0.000028346000 0.000000000000 0.000070258000 0.000149630000 0.037947000000 0.000000000000 0.000000000095 0.000000000003 0.000217690000 0.000000000961 0.000480440000 0.000986940000 0.084646000000 0.000000362550 0.002899900000 0.006263200000 0.177130000000 0.026898000000 0.310320000000 0.417660000000 0.846510000000 0.000000000000 0.000005336400 0.000008382100 0.008114200000 0.000054092000 0.017406000000 0.035969000000 0.345150000000 0.001076000000 0.064946000000 0.116430000000 0.533380000000 0.208990000000 0.652960000000 0.661880000000 0.945500000000 0.019968000000 0.215870000000 0.298800000000 0.734640000000 0.357250000000 0.785260000000 0.746720000000 0.968360000000 0.339420000000 0.780430000000 0.757600000000 0.971070000000 0.662860000000 0.970750000000 0.889570000000 0.997390000000 0.000014154000 0.006204300000 0.013492000000 0.174280000000 0.042756000000 0.284360000000 0.346780000000 0.773210000000 0.111710000000 0.424550000000 0.449530000000 0.844420000000 0.438360000000 0.849690000000 0.798290000000 0.981270000000 0.166930000000 0.486660000000 0.490260000000 0.872190000000 0.470500000000 0.872770000000 0.812500000000 0.983090000000 0.390210000000 0.840540000000 0.808390000000 0.982270000000 0.695630000000 0.981580000000 0.897430000000 0.998280000000 0.163230000000 0.445350000000 0.433940000000 0.837600000000 0.441970000000 0.855340000000 0.802730000000 0.981600000000 0.389270000000 0.841210000000 0.809960000000 0.982460000000 0.695470000000 0.981210000000 0.896490000000 0.998070000000 0.297240000000 0.719420000000 0.767520000000 0.977080000000 0.694370000000 0.981650000000 0.896700000000 0.998000000000 0.513320000000 0.956400000000 0.897260000000 0.998180000000 0.755630000000 0.998230000000 0.914470000000 0.999860000000 

0.000000000000 0.000000000000 0.000000000000 0.000000000000 0.000000000000 0.000000000000 0.000000000000 0.000040869000 0.000000000000 0.000000000000 0.000000000000 0.000066485000 0.000000000000 0.000166730000 0.000327460000 0.080329000000 0.000000000000 0.000000000029 0.000000000001 0.000536050000 0.000000000357 0.001178400000 0.002309400000 0.169730000000 0.000000281510 0.006813200000 0.014311000000 0.327700000000 0.061815000000 0.532980000000 0.704250000000 0.966470000000 0.000000000000 0.000013377000 0.000018640000 0.020207000000 0.000125430000 0.042769000000 0.085071000000 0.596190000000 0.003180100000 0.154920000000 0.265000000000 0.805030000000 0.487980000000 0.913270000000 0.949250000000 0.983940000000 0.068978000000 0.524280000000 0.687050000000 0.959620000000 0.835740000000 0.977760000000 0.980620000000 0.984390000000 0.921840000000 0.983040000000 0.983520000000 0.984360000000 0.983710000000 0.984350000000 0.984370000000 0.984370000000 0.000049267000 0.024122000000 0.050540000000 0.476200000000 0.158210000000 0.682450000000 0.811960000000 0.975440000000 0.430830000000 0.885480000000 0.935480000000 0.983510000000 0.960360000000 0.984170000000 0.984200000000 0.984380000000 0.735480000000 0.966280000000 0.975540000000 0.984380000000 0.979320000000 0.984370000000 0.984410000000 0.984390000000 0.981390000000 0.984350000000 0.984370000000 0.984380000000 0.984390000000 0.984370000000 0.984350000000 0.984370000000 0.894600000000 0.981780000000 0.982950000000 0.984400000000 0.983290000000 0.984380000000 0.984410000000 0.984370000000 0.983690000000 0.984380000000 0.984410000000 0.984370000000 0.984420000000 0.984380000000 0.984340000000 0.984370000000 0.983930000000 0.984370000000 0.984400000000 0.984390000000 0.984350000000 0.984360000000 0.984380000000 0.984380000000 0.984350000000 0.984380000000 0.984350000000 0.984370000000 0.984300000000 0.984380000000 0.984360000000 0.984380000000 

N_obs: 400000

File Format:
1- most to least reliable channels (taken entropies)
2- most to least reliable channels (taken error probabilities)
3- channels entropies (flipped)
4- channels error probabilities (flipped)
5- number of MontCarlo simulations
