127 126 125 123 119 111 124 122 121 118 117 115 95 110 109 107 120 116 94 114 103 63 93 113 108 91 106 105 62 87 31 79 61 102 47 59 55 92 15 101 112 99 90 71 23 39 89 29 30 27 83 7 75 86 78 51 85 43 77 60 57 46 45 58 104 53 54 67 11 19 35 14 3 100 97 13 98 81 25 69 73 21 37 49 41 88 28 70 22 38 17 9 65 5 33 82 84 26 76 1 74 56 50 44 52 42 6 96 12 80 24 72 68 66 18 10 20 34 36 40 48 8 16 4 2 64 32 0 

127 126 125 123 119 111 124 122 121 118 117 115 95 110 109 107 120 116 114 94 103 113 93 108 63 106 91 105 102 87 92 62 112 101 61 90 79 99 104 89 59 86 55 100 85 47 83 60 78 31 98 77 97 88 75 58 71 57 54 53 84 51 15 46 82 39 45 26 41 81 67 44 3 27 5 13 43 7 17 74 21 49 76 96 6 35 68 66 72 18 25 40 37 48 0 19 32 80 64 1 4 36 34 16 2 12 20 8 69 22 10 30 24 56 50 52 11 33 42 38 65 9 70 73 28 29 23 14 

0.000000000000 0.000000000000 0.000000000000 0.000000625860 0.000000000000 0.000000631470 0.000001681400 0.003354300000 0.000000000000 0.000003563000 0.000006037200 0.007415100000 0.000042136000 0.016812000000 0.036831000000 0.372900000000 0.000000000015 0.000161930000 0.000342020000 0.044131000000 0.001871400000 0.090206000000 0.158080000000 0.613230000000 0.018137000000 0.230520000000 0.324400000000 0.770120000000 0.389270000000 0.819900000000 0.778890000000 0.977360000000 0.000053712000 0.014929000000 0.030908000000 0.281040000000 0.083128000000 0.419160000000 0.475070000000 0.866440000000 0.167310000000 0.548390000000 0.563780000000 0.906570000000 0.524120000000 0.906360000000 0.840320000000 0.989150000000 0.204200000000 0.562670000000 0.573520000000 0.914120000000 0.541690000000 0.917250000000 0.846810000000 0.989800000000 0.432060000000 0.885820000000 0.845940000000 0.989920000000 0.722170000000 0.989930000000 0.904920000000 0.999130000000 0.019385000000 0.160740000000 0.206750000000 0.576030000000 0.241810000000 0.610940000000 0.593010000000 0.923230000000 0.253260000000 0.637390000000 0.621730000000 0.930210000000 0.562700000000 0.928050000000 0.856680000000 0.992110000000 0.231840000000 0.598320000000 0.608160000000 0.928460000000 0.570440000000 0.931580000000 0.857400000000 0.991650000000 0.445290000000 0.898470000000 0.854970000000 0.991360000000 0.726690000000 0.990990000000 0.905630000000 0.999160000000 0.187280000000 0.497340000000 0.492070000000 0.875370000000 0.516710000000 0.907910000000 0.843920000000 0.989710000000 0.439740000000 0.894570000000 0.852860000000 0.990900000000 0.724500000000 0.990190000000 0.904510000000 0.999000000000 0.319700000000 0.751540000000 0.815970000000 0.987670000000 0.724230000000 0.990580000000 0.904760000000 0.998970000000 0.529570000000 0.967340000000 0.905070000000 0.999070000000 0.760680000000 0.999100000000 0.916100000000 0.999930000000 

0.000000000000 0.000000000000 0.000000000000 0.000001720400 0.000000000000 0.000002075300 0.000003798400 0.008119300000 0.000000000000 0.000011855000 0.000014153000 0.017847000000 0.000123370000 0.039189000000 0.082935000000 0.621450000000 0.000000000004 0.000410050000 0.000912320000 0.102190000000 0.004915300000 0.196510000000 0.330910000000 0.856850000000 0.051714000000 0.478860000000 0.646300000000 0.954480000000 0.815880000000 0.976700000000 0.980140000000 0.984360000000 0.000207280000 0.047322000000 0.094894000000 0.595640000000 0.249640000000 0.782160000000 0.876590000000 0.980850000000 0.543130000000 0.927280000000 0.956570000000 0.984040000000 0.970420000000 0.984260000000 0.984310000000 0.984370000000 0.805820000000 0.975180000000 0.979390000000 0.984360000000 0.981440000000 0.984350000000 0.984410000000 0.984370000000 0.982500000000 0.984410000000 0.984380000000 0.984370000000 0.984310000000 0.984370000000 0.984410000000 0.984370000000 0.107020000000 0.613550000000 0.775360000000 0.971110000000 0.896040000000 0.981780000000 0.982750000000 0.984390000000 0.947730000000 0.983850000000 0.983890000000 0.984390000000 0.984110000000 0.984390000000 0.984350000000 0.984370000000 0.967480000000 0.984190000000 0.984280000000 0.984320000000 0.984340000000 0.984400000000 0.984300000000 0.984370000000 0.984280000000 0.984400000000 0.984370000000 0.984380000000 0.984370000000 0.984380000000 0.984400000000 0.984370000000 0.975420000000 0.984390000000 0.984420000000 0.984420000000 0.984330000000 0.984300000000 0.984370000000 0.984390000000 0.984470000000 0.984380000000 0.984350000000 0.984380000000 0.984370000000 0.984370000000 0.984350000000 0.984380000000 0.984180000000 0.984480000000 0.984340000000 0.984380000000 0.984390000000 0.984380000000 0.984410000000 0.984380000000 0.984350000000 0.984360000000 0.984340000000 0.984380000000 0.984330000000 0.984380000000 0.984380000000 0.984370000000 

N_obs: 400000

File Format:
1- most to least reliable channels (taken entropies)
2- most to least reliable channels (taken error probabilities)
3- channels entropies (flipped)
4- channels error probabilities (flipped)
5- number of MontCarlo simulations
