127 126 125 124 123 122 121 119 118 117 115 111 110 109 107 95 94 93 63 91 103 87 120 114 62 113 116 79 61 101 106 108 105 102 59 92 99 90 89 86 85 55 83 112 78 104 60 77 47 100 58 98 57 75 88 54 97 84 53 31 82 71 51 46 81 76 45 56 74 43 30 15 39 73 96 52 29 23 27 70 50 69 67 7 49 80 44 35 11 19 41 42 14 37 38 13 28 25 21 72 26 22 3 65 68 66 33 48 17 9 5 1 6 40 34 36 12 18 10 24 20 64 32 8 16 4 2 0 

127 126 125 124 123 122 121 119 118 117 115 111 110 109 107 95 94 93 63 91 103 87 120 114 62 113 116 79 101 106 108 105 102 59 61 92 99 90 89 86 85 55 83 112 78 104 77 60 100 58 47 98 57 75 88 97 54 84 53 82 71 81 31 76 51 46 74 56 45 96 73 52 43 70 30 50 80 69 39 29 49 44 67 27 72 42 23 41 15 68 38 28 37 48 35 66 26 65 25 22 19 21 40 7 13 14 33 6 18 9 11 17 36 10 34 12 24 0 4 16 2 8 1 32 20 64 3 5 

0.000000000000 0.000000000000 0.000000000000 0.000000000000 0.000000000000 0.000000000000 0.000000000000 0.000000000013 0.000000000000 0.000000000000 0.000000000000 0.000000007992 0.000000000000 0.000000000210 0.000000001393 0.000573520000 0.000000000000 0.000000000000 0.000000000000 0.000000192660 0.000000000000 0.000000179990 0.000000205010 0.001152800000 0.000000000000 0.000000384830 0.000000130160 0.002568100000 0.000003480700 0.005971300000 0.013652000000 0.278590000000 0.000000000000 0.000000000000 0.000000000000 0.000001871100 0.000000000000 0.000005382800 0.000006141200 0.008892300000 0.000000000000 0.000018872000 0.000035511000 0.019106000000 0.000261800000 0.041375000000 0.082705000000 0.511990000000 0.000000016442 0.000735490000 0.001588200000 0.089001000000 0.007166500000 0.168130000000 0.260040000000 0.730090000000 0.043119000000 0.340430000000 0.429100000000 0.841720000000 0.457820000000 0.868780000000 0.815340000000 0.985040000000 0.000000000000 0.000000000790 0.000000076723 0.001331700000 0.000000513680 0.002776800000 0.006170100000 0.151330000000 0.000040275000 0.013209000000 0.027120000000 0.278960000000 0.073267000000 0.415670000000 0.482740000000 0.872980000000 0.002204600000 0.078089000000 0.132620000000 0.523950000000 0.213650000000 0.628890000000 0.628800000000 0.933900000000 0.259560000000 0.673770000000 0.663760000000 0.944590000000 0.595370000000 0.943160000000 0.869070000000 0.994320000000 0.035533000000 0.232790000000 0.283990000000 0.694970000000 0.319030000000 0.731230000000 0.700640000000 0.957220000000 0.308060000000 0.731770000000 0.712170000000 0.958720000000 0.626270000000 0.955890000000 0.877060000000 0.995330000000 0.257880000000 0.650770000000 0.674610000000 0.951730000000 0.625580000000 0.956870000000 0.877280000000 0.995140000000 0.477690000000 0.928530000000 0.878160000000 0.995500000000 0.743540000000 0.995640000000 0.910910000000 0.999640000000 

0.000000000000 0.000000000000 0.000000000000 0.000000000000 0.000000000000 0.000000000000 0.000000000000 0.000000000003 0.000000000000 0.000000000000 0.000000000000 0.000000004543 0.000000000000 0.000000000070 0.000000000535 0.001265500000 0.000000000000 0.000000000000 0.000000000000 0.000000232240 0.000000000000 0.000000219490 0.000000232960 0.002450100000 0.000000000000 0.000000449440 0.000000084948 0.005439100000 0.000005106700 0.012639000000 0.028150000000 0.468670000000 0.000000000000 0.000000000000 0.000000000000 0.000003126800 0.000000000000 0.000010228000 0.000016465000 0.019331000000 0.000000000000 0.000051080000 0.000087154000 0.040445000000 0.000620490000 0.085483000000 0.164810000000 0.745970000000 0.000000009938 0.001904900000 0.003946000000 0.185260000000 0.017974000000 0.328250000000 0.491760000000 0.920840000000 0.118950000000 0.635860000000 0.777560000000 0.972860000000 0.888380000000 0.981660000000 0.982660000000 0.984400000000 0.000000000000 0.000000000264 0.000002450700 0.003980900000 0.000000525150 0.007908800000 0.017215000000 0.335640000000 0.000122360000 0.037275000000 0.073857000000 0.546720000000 0.199480000000 0.737110000000 0.846630000000 0.978900000000 0.007974100000 0.224210000000 0.361270000000 0.855770000000 0.583930000000 0.936710000000 0.960210000000 0.984140000000 0.792620000000 0.973370000000 0.978330000000 0.984350000000 0.980930000000 0.984360000000 0.984320000000 0.984380000000 0.165390000000 0.695280000000 0.826100000000 0.976330000000 0.911610000000 0.982640000000 0.983250000000 0.984370000000 0.951480000000 0.983890000000 0.984110000000 0.984390000000 0.984090000000 0.984340000000 0.984350000000 0.984380000000 0.968470000000 0.984220000000 0.984220000000 0.984370000000 0.984350000000 0.984360000000 0.984350000000 0.984380000000 0.984210000000 0.984340000000 0.984430000000 0.984380000000 0.984410000000 0.984380000000 0.984380000000 0.984370000000 

N_obs: 400000

File Format:
1- most to least reliable channels (taken entropies)
2- most to least reliable channels (taken error probabilities)
3- channels entropies (flipped)
4- channels error probabilities (flipped)
5- number of MontCarlo simulations
