127 126 125 63 123 95 119 111 31 47 79 15 59 61 124 62 55 103 87 122 121 115 93 94 23 39 71 117 118 7 91 107 30 29 110 109 27 51 43 99 75 83 57 46 11 19 35 67 78 3 60 14 58 45 113 77 53 105 89 101 85 120 54 13 92 114 116 25 49 21 37 41 69 102 97 73 81 17 9 5 33 65 1 86 28 108 90 106 22 38 70 56 6 26 112 52 44 50 76 104 42 98 100 88 74 82 84 12 24 18 10 34 20 48 36 40 72 66 68 80 96 8 16 4 2 32 64 0 

127 126 125 123 124 119 111 122 95 121 63 118 117 115 110 103 61 109 120 107 23 79 29 27 31 46 11 83 99 59 30 54 75 58 45 33 19 94 13 62 67 101 98 3 14 38 5 21 52 28 81 37 76 93 85 20 7 106 36 24 1 12 74 40 16 84 80 0 32 4 2 66 69 8 64 49 10 34 6 86 42 96 88 82 48 114 18 72 70 68 112 100 104 56 26 41 44 92 22 60 50 9 25 90 51 87 43 108 105 73 116 53 102 77 47 17 78 71 65 97 35 89 113 57 91 15 39 55 

0.000973250000 0.047251000000 0.088056000000 0.382060000000 0.158040000000 0.484230000000 0.485690000000 0.873370000000 0.207690000000 0.553420000000 0.539000000000 0.895310000000 0.500410000000 0.894270000000 0.832290000000 0.988020000000 0.227600000000 0.592060000000 0.604740000000 0.927460000000 0.575510000000 0.934900000000 0.860280000000 0.992260000000 0.453750000000 0.907360000000 0.862880000000 0.992790000000 0.732450000000 0.992740000000 0.907370000000 0.999330000000 0.197290000000 0.520270000000 0.518350000000 0.890110000000 0.559760000000 0.931900000000 0.862130000000 0.992980000000 0.465840000000 0.918770000000 0.870500000000 0.993980000000 0.736240000000 0.993420000000 0.907780000000 0.999320000000 0.329800000000 0.765010000000 0.836780000000 0.991420000000 0.734650000000 0.993320000000 0.907490000000 0.999250000000 0.535200000000 0.970430000000 0.907330000000 0.999280000000 0.761990000000 0.999270000000 0.916470000000 0.999940000000 0.149410000000 0.401350000000 0.378900000000 0.791740000000 0.378210000000 0.797370000000 0.758420000000 0.972590000000 0.415080000000 0.875840000000 0.845870000000 0.989980000000 0.724760000000 0.990760000000 0.905210000000 0.999100000000 0.325490000000 0.759990000000 0.830470000000 0.990350000000 0.731630000000 0.992470000000 0.906480000000 0.999140000000 0.532630000000 0.969010000000 0.905910000000 0.999110000000 0.760750000000 0.999060000000 0.915920000000 0.999910000000 0.228730000000 0.586360000000 0.589330000000 0.923810000000 0.696370000000 0.986810000000 0.903010000000 0.998880000000 0.530900000000 0.968200000000 0.905500000000 0.999070000000 0.760360000000 0.998980000000 0.915650000000 0.999890000000 0.357770000000 0.794270000000 0.889840000000 0.998710000000 0.760260000000 0.999020000000 0.915720000000 0.999890000000 0.553780000000 0.977650000000 0.915760000000 0.999900000000 0.767630000000 0.999910000000 0.918660000000 0.999990000000 

0.004877800000 0.200240000000 0.355750000000 0.857650000000 0.637380000000 0.949580000000 0.967940000000 0.984170000000 0.862920000000 0.979860000000 0.981850000000 0.984400000000 0.982850000000 0.984380000000 0.984420000000 0.984380000000 0.944760000000 0.983760000000 0.984150000000 0.984390000000 0.984170000000 0.984370000000 0.984400000000 0.984380000000 0.984100000000 0.984400000000 0.984360000000 0.984380000000 0.984330000000 0.984360000000 0.984420000000 0.984380000000 0.967070000000 0.984340000000 0.984370000000 0.984380000000 0.984440000000 0.984390000000 0.984420000000 0.984380000000 0.984390000000 0.984380000000 0.984370000000 0.984370000000 0.984330000000 0.984380000000 0.984370000000 0.984380000000 0.984300000000 0.984410000000 0.984410000000 0.984370000000 0.984330000000 0.984370000000 0.984400000000 0.984380000000 0.984410000000 0.984380000000 0.984380000000 0.984380000000 0.984360000000 0.984380000000 0.984410000000 0.984380000000 0.976700000000 0.984350000000 0.984150000000 0.984380000000 0.984330000000 0.984340000000 0.984430000000 0.984380000000 0.984580000000 0.984330000000 0.984400000000 0.984370000000 0.984390000000 0.984390000000 0.984380000000 0.984380000000 0.984410000000 0.984320000000 0.984340000000 0.984380000000 0.984390000000 0.984380000000 0.984380000000 0.984370000000 0.984470000000 0.984370000000 0.984370000000 0.984370000000 0.984420000000 0.984380000000 0.984340000000 0.984380000000 0.984310000000 0.984330000000 0.984310000000 0.984370000000 0.984310000000 0.984380000000 0.984390000000 0.984370000000 0.984250000000 0.984380000000 0.984370000000 0.984370000000 0.984340000000 0.984380000000 0.984410000000 0.984370000000 0.984450000000 0.984360000000 0.984340000000 0.984370000000 0.984320000000 0.984380000000 0.984390000000 0.984380000000 0.984370000000 0.984380000000 0.984370000000 0.984380000000 0.984360000000 0.984380000000 0.984370000000 0.984380000000 

N_obs: 400000

File Format:
1- most to least reliable channels (taken entropies)
2- most to least reliable channels (taken error probabilities)
3- channels entropies (flipped)
4- channels error probabilities (flipped)
5- number of MontCarlo simulations
