31 30 29 28 27 26 23 21 15 19 25 14 22 13 11 7 24 20 18 17 12 10 9 6 5 3 16 8 4 2 1 0 

31 30 29 28 27 26 23 21 15 19 25 22 14 13 11 7 24 20 17 18 12 10 9 6 5 3 16 8 4 2 1 0 

0.000000000000 0.000000000000 0.000000000000 0.000000000000 0.000000000000 0.000000000000 0.000000000000 0.000000174080 0.000000000000 0.000000000000 0.000000000000 0.000000619210 0.000000000000 0.000001540900 0.000001664100 0.006048200000 0.000000000000 0.000000000000 0.000000000000 0.000002832900 0.000000000000 0.000006807300 0.000013115000 0.013475000000 0.000000000000 0.000047130000 0.000095246000 0.030829000000 0.000652930000 0.068804000000 0.134260000000 0.620060000000 

0.000000000000 0.000000000000 0.000000000000 0.000000000000 0.000000000000 0.000000000000 0.000000000000 0.000000172640 0.000000000000 0.000000000000 0.000000000000 0.000001461300 0.000000000000 0.000002443100 0.000002342400 0.012527000000 0.000000000000 0.000000000000 0.000000000000 0.000006459800 0.000000000000 0.000012030000 0.000030091000 0.027577000000 0.000000000000 0.000102660000 0.000202080000 0.061412000000 0.001429900000 0.132350000000 0.250090000000 0.833890000000 

N_obs: 1600000

File Format:
1- most to least reliable channels (taken entropies)
2- most to least reliable channels (taken error probabilities)
3- channels entropies (flipped)
4- channels error probabilities (flipped)
5- number of MontCarlo simulations
