63 62 61 59 55 47 60 31 58 54 57 53 51 45 46 43 39 56 30 52 29 50 49 27 44 42 41 23 38 37 28 26 15 48 35 25 22 40 21 36 19 14 7 13 11 34 24 33 3 20 17 18 9 5 6 12 10 1 32 16 8 2 4 0 

63 62 61 59 55 47 60 31 58 54 57 53 51 45 46 43 39 56 30 52 29 50 49 44 27 42 41 23 38 37 28 26 48 35 15 25 40 22 21 36 19 34 14 24 33 13 20 11 7 18 17 12 32 10 9 6 5 3 16 4 1 8 0 2 

0.000000000000 0.000000000000 0.000000000000 0.000000000000 0.000000000000 0.000000000000 0.000000000000 0.000067545000 0.000000000000 0.000000000000 0.000000000014 0.000133810000 0.000000000117 0.000287920000 0.000647400000 0.079451000000 0.000000000000 0.000000129300 0.000000064735 0.001037000000 0.000000381850 0.002217200000 0.004877100000 0.173720000000 0.000023257000 0.012919000000 0.027234000000 0.328960000000 0.084330000000 0.490560000000 0.563170000000 0.912510000000 0.000000000000 0.000072175000 0.000149670000 0.028836000000 0.000810290000 0.059822000000 0.110690000000 0.532990000000 0.009084900000 0.167440000000 0.252830000000 0.705260000000 0.333080000000 0.772960000000 0.742990000000 0.968260000000 0.062816000000 0.347040000000 0.410660000000 0.822650000000 0.429200000000 0.843430000000 0.790110000000 0.978410000000 0.373130000000 0.821180000000 0.792560000000 0.979130000000 0.686800000000 0.978940000000 0.895770000000 0.998150000000 

0.000000000000 0.000000000000 0.000000000000 0.000000000000 0.000000000000 0.000000000000 0.000000000000 0.000149670000 0.000000000000 0.000000000000 0.000000000004 0.000269980000 0.000000000038 0.000612360000 0.001414100000 0.153080000000 0.000000000000 0.000000189550 0.000000064872 0.002255300000 0.000000371510 0.004894300000 0.010521000000 0.311020000000 0.000049818000 0.028353000000 0.058125000000 0.537240000000 0.184870000000 0.742800000000 0.857740000000 0.980050000000 0.000000000000 0.000210090000 0.000415650000 0.070689000000 0.002287200000 0.139060000000 0.245960000000 0.798180000000 0.026669000000 0.371030000000 0.534770000000 0.928060000000 0.735580000000 0.967320000000 0.975520000000 0.984340000000 0.224890000000 0.761850000000 0.865460000000 0.979950000000 0.929800000000 0.983360000000 0.983710000000 0.984380000000 0.959580000000 0.984130000000 0.984200000000 0.984370000000 0.984220000000 0.984390000000 0.984370000000 0.984380000000 

N_obs: 800000

File Format:
1- most to least reliable channels (taken entropies)
2- most to least reliable channels (taken error probabilities)
3- channels entropies (flipped)
4- channels error probabilities (flipped)
5- number of MontCarlo simulations
