63 62 61 31 59 47 55 15 23 39 7 30 29 60 27 51 57 43 58 46 45 53 11 19 35 54 3 14 13 25 21 49 37 41 28 5 9 17 33 1 22 38 56 26 52 50 44 42 6 12 10 24 18 20 34 48 36 40 8 2 4 16 32 0 

63 62 61 59 55 60 47 31 58 57 54 53 51 30 39 45 46 43 29 56 9 21 41 28 37 19 40 48 38 20 13 18 42 25 6 10 8 32 11 4 33 0 16 36 24 44 34 50 2 26 14 35 49 12 52 22 17 15 7 5 1 3 27 23 

0.006217100000 0.121650000000 0.195120000000 0.595960000000 0.275330000000 0.682810000000 0.664200000000 0.947170000000 0.316730000000 0.749980000000 0.735530000000 0.965390000000 0.649070000000 0.965670000000 0.884430000000 0.996480000000 0.278320000000 0.689210000000 0.727330000000 0.966760000000 0.665500000000 0.971500000000 0.887840000000 0.996690000000 0.494600000000 0.941950000000 0.886370000000 0.996560000000 0.747490000000 0.996370000000 0.911540000000 0.999660000000 0.208720000000 0.545770000000 0.546660000000 0.904510000000 0.605380000000 0.953430000000 0.877960000000 0.995530000000 0.488500000000 0.937800000000 0.883770000000 0.996120000000 0.745200000000 0.995720000000 0.910480000000 0.999550000000 0.338550000000 0.775530000000 0.854820000000 0.994280000000 0.743460000000 0.995530000000 0.910110000000 0.999490000000 0.540970000000 0.973300000000 0.909920000000 0.999510000000 0.763700000000 0.999510000000 0.917090000000 0.999960000000 

0.025786000000 0.389350000000 0.589640000000 0.942830000000 0.814420000000 0.976400000000 0.980130000000 0.984340000000 0.927400000000 0.983320000000 0.983680000000 0.984380000000 0.983760000000 0.984380000000 0.984380000000 0.984370000000 0.962630000000 0.984220000000 0.984210000000 0.984380000000 0.984260000000 0.984370000000 0.984360000000 0.984370000000 0.984200000000 0.984370000000 0.984370000000 0.984380000000 0.984380000000 0.984380000000 0.984380000000 0.984370000000 0.975030000000 0.984190000000 0.984330000000 0.984360000000 0.984420000000 0.984380000000 0.984370000000 0.984380000000 0.984450000000 0.984380000000 0.984360000000 0.984370000000 0.984370000000 0.984370000000 0.984380000000 0.984380000000 0.984380000000 0.984380000000 0.984370000000 0.984380000000 0.984370000000 0.984370000000 0.984350000000 0.984370000000 0.984380000000 0.984370000000 0.984390000000 0.984370000000 0.984390000000 0.984380000000 0.984390000000 0.984380000000 

N_obs: 800000

File Format:
1- most to least reliable channels (taken entropies)
2- most to least reliable channels (taken error probabilities)
3- channels entropies (flipped)
4- channels error probabilities (flipped)
5- number of MontCarlo simulations
