63 62 61 60 59 58 57 55 54 53 51 47 46 45 43 39 31 30 29 27 23 15 56 52 50 44 49 38 42 41 37 28 35 26 25 22 21 19 14 13 11 48 40 36 34 24 33 7 20 18 17 12 10 9 6 32 5 16 3 8 4 2 1 0 

63 62 61 60 59 58 57 55 54 53 51 47 46 45 43 39 31 30 29 27 23 15 56 52 50 44 49 38 42 41 37 28 35 26 25 22 19 21 14 13 11 48 40 36 34 24 33 7 20 18 17 12 10 9 6 32 5 16 3 8 4 2 1 0 

0.000000000000 0.000000000000 0.000000000000 0.000000000000 0.000000000000 0.000000000000 0.000000000000 0.000000000000 0.000000000000 0.000000000000 0.000000000000 0.000000000000 0.000000000000 0.000000000000 0.000000000000 0.000027464000 0.000000000000 0.000000000000 0.000000000000 0.000000000000 0.000000000000 0.000000000001 0.000000000001 0.000054421000 0.000000000000 0.000000000000 0.000000000001 0.000115480000 0.000000000075 0.000235210000 0.000516330000 0.075265000000 0.000000000000 0.000000000000 0.000000000000 0.000000000012 0.000000000000 0.000000000420 0.000000002993 0.000385250000 0.000000000000 0.000000004964 0.000000064745 0.000804880000 0.000000079875 0.001736300000 0.003940100000 0.166550000000 0.000000000000 0.000001113200 0.000003268700 0.005577700000 0.000017956000 0.011958000000 0.025824000000 0.330970000000 0.000544270000 0.053392000000 0.100840000000 0.529660000000 0.202280000000 0.664850000000 0.678620000000 0.951510000000 

0.000000000000 0.000000000000 0.000000000000 0.000000000000 0.000000000000 0.000000000000 0.000000000000 0.000000000000 0.000000000000 0.000000000000 0.000000000000 0.000000000000 0.000000000000 0.000000000000 0.000000000000 0.000055568000 0.000000000000 0.000000000000 0.000000000000 0.000000000000 0.000000000000 0.000000000000 0.000000000000 0.000116230000 0.000000000000 0.000000000000 0.000000000000 0.000238970000 0.000000000025 0.000492790000 0.001075300000 0.145320000000 0.000000000000 0.000000000000 0.000000000000 0.000000000003 0.000000000000 0.000000000167 0.000000001504 0.000803970000 0.000000000000 0.000000002393 0.000000065711 0.001735100000 0.000000048358 0.003747400000 0.008350100000 0.300090000000 0.000000000000 0.000005931000 0.000008200800 0.012156000000 0.000048274000 0.025581000000 0.054042000000 0.538330000000 0.001375400000 0.114830000000 0.208500000000 0.771210000000 0.436630000000 0.901290000000 0.945270000000 0.983810000000 

N_obs: 800000

File Format:
1- most to least reliable channels (taken entropies)
2- most to least reliable channels (taken error probabilities)
3- channels entropies (flipped)
4- channels error probabilities (flipped)
5- number of MontCarlo simulations
