63 62 61 60 59 58 57 55 54 53 51 47 46 45 43 39 31 30 29 27 23 56 50 52 49 44 15 38 42 37 41 26 35 28 25 22 21 19 14 13 48 40 11 36 34 24 33 20 7 18 17 12 10 9 32 6 5 16 3 8 4 1 2 0 

63 62 61 60 59 58 57 55 54 53 51 47 46 45 43 39 31 30 29 27 23 56 50 52 49 44 15 38 42 37 41 26 35 28 22 25 21 19 14 13 48 40 36 11 34 24 33 20 7 18 17 12 10 9 32 6 5 16 3 8 4 2 1 0 

0.000000000000 0.000000000000 0.000000000000 0.000000000000 0.000000000000 0.000000000000 0.000000000000 0.000000000000 0.000000000000 0.000000000000 0.000000000000 0.000000000001 0.000000000000 0.000000000000 0.000000000002 0.000132210000 0.000000000000 0.000000000000 0.000000000000 0.000000000011 0.000000000000 0.000000000059 0.000000012030 0.000262130000 0.000000000000 0.000000000053 0.000000002278 0.000567620000 0.000000149060 0.001260500000 0.002909300000 0.155850000000 0.000000000000 0.000000000000 0.000000000000 0.000000239370 0.000000000000 0.000000136340 0.000000402080 0.002101900000 0.000000000000 0.000000869880 0.000001728900 0.004508300000 0.000008698200 0.009972200000 0.021938000000 0.322730000000 0.000000000013 0.000046960000 0.000095213000 0.026758000000 0.000551610000 0.055741000000 0.105460000000 0.547620000000 0.007665800000 0.168060000000 0.259810000000 0.724190000000 0.350230000000 0.795750000000 0.763930000000 0.974110000000 

0.000000000000 0.000000000000 0.000000000000 0.000000000000 0.000000000000 0.000000000000 0.000000000000 0.000000000000 0.000000000000 0.000000000000 0.000000000000 0.000000000000 0.000000000000 0.000000000000 0.000000000001 0.000270040000 0.000000000000 0.000000000000 0.000000000000 0.000000000003 0.000000000000 0.000000000019 0.000000007878 0.000539640000 0.000000000000 0.000000000014 0.000000001063 0.001182000000 0.000000185500 0.002687800000 0.006024200000 0.282720000000 0.000000000000 0.000000000000 0.000000000000 0.000000436560 0.000000000000 0.000000102680 0.000001811200 0.004564600000 0.000000000000 0.000001600200 0.000002645100 0.009616000000 0.000022291000 0.021052000000 0.045154000000 0.525000000000 0.000000000004 0.000119750000 0.000218890000 0.057635000000 0.001345700000 0.115620000000 0.210850000000 0.781150000000 0.020319000000 0.342620000000 0.507670000000 0.923910000000 0.725020000000 0.967150000000 0.975590000000 0.984320000000 

N_obs: 800000

File Format:
1- most to least reliable channels (taken entropies)
2- most to least reliable channels (taken error probabilities)
3- channels entropies (flipped)
4- channels error probabilities (flipped)
5- number of MontCarlo simulations
