63 62 61 60 59 58 57 56 55 54 53 52 51 50 49 47 46 45 44 43 42 41 39 38 37 35 31 30 29 28 27 26 25 23 22 15 21 19 14 13 11 7 40 34 48 24 36 20 33 18 17 12 10 9 6 5 3 32 16 8 4 2 1 0 

63 62 61 60 59 58 57 56 55 54 53 52 51 50 49 47 46 45 44 43 42 41 39 38 37 35 31 30 29 28 27 26 25 23 22 15 21 19 14 13 11 7 34 40 48 24 36 20 33 18 17 12 10 9 6 5 3 32 16 8 4 2 1 0 

0.000000000000 0.000000000000 0.000000000000 0.000000000000 0.000000000000 0.000000000000 0.000000000000 0.000000000000 0.000000000000 0.000000000000 0.000000000000 0.000000000000 0.000000000000 0.000000000000 0.000000000000 0.000000105760 0.000000000000 0.000000000000 0.000000000000 0.000000000000 0.000000000000 0.000000000000 0.000000000000 0.000000070918 0.000000000000 0.000000000000 0.000000000000 0.000000347410 0.000000000000 0.000000079102 0.000001132800 0.003969500000 0.000000000000 0.000000000000 0.000000000000 0.000000000000 0.000000000000 0.000000000000 0.000000000000 0.000000317400 0.000000000000 0.000000000000 0.000000000000 0.000001020700 0.000000000000 0.000003334500 0.000004950400 0.008610900000 0.000000000000 0.000000000000 0.000000000000 0.000006733500 0.000000000000 0.000015569000 0.000028683000 0.019429000000 0.000000000003 0.000108070000 0.000209970000 0.044620000000 0.001475800000 0.097832000000 0.180380000000 0.677030000000 

0.000000000000 0.000000000000 0.000000000000 0.000000000000 0.000000000000 0.000000000000 0.000000000000 0.000000000000 0.000000000000 0.000000000000 0.000000000000 0.000000000000 0.000000000000 0.000000000000 0.000000000000 0.000000095125 0.000000000000 0.000000000000 0.000000000000 0.000000000000 0.000000000000 0.000000000000 0.000000000000 0.000000053585 0.000000000000 0.000000000000 0.000000000000 0.000000418720 0.000000000000 0.000000044015 0.000002500300 0.008271200000 0.000000000000 0.000000000000 0.000000000000 0.000000000000 0.000000000000 0.000000000000 0.000000000000 0.000000229160 0.000000000000 0.000000000000 0.000000000000 0.000001786200 0.000000000000 0.000008159400 0.000010232000 0.017907000000 0.000000000000 0.000000000000 0.000000000000 0.000011445000 0.000000000000 0.000041724000 0.000061525000 0.039759000000 0.000000000001 0.000247380000 0.000475910000 0.088261000000 0.003330400000 0.185340000000 0.331050000000 0.878530000000 

N_obs: 800000

File Format:
1- most to least reliable channels (taken entropies)
2- most to least reliable channels (taken error probabilities)
3- channels entropies (flipped)
4- channels error probabilities (flipped)
5- number of MontCarlo simulations
