63 62 61 59 55 60 31 47 58 15 57 23 39 29 54 30 27 51 7 53 43 46 45 11 19 35 14 3 13 56 49 25 21 37 41 28 22 38 52 50 26 5 9 17 33 1 44 42 6 12 10 48 18 24 34 20 36 40 8 2 4 16 32 0 

63 62 61 59 60 55 58 57 47 54 31 53 51 56 46 45 43 39 30 52 29 27 15 23 50 49 38 41 44 28 9 5 17 25 37 1 24 42 11 2 36 48 12 16 26 8 33 34 0 32 10 6 20 4 40 18 13 22 35 3 21 7 14 19 

0.000000633060 0.002617600000 0.005871000000 0.149830000000 0.027996000000 0.278580000000 0.372490000000 0.806970000000 0.115190000000 0.484870000000 0.530760000000 0.892180000000 0.512080000000 0.900420000000 0.836100000000 0.988440000000 0.198340000000 0.566530000000 0.585650000000 0.919280000000 0.554790000000 0.923840000000 0.851400000000 0.990570000000 0.436750000000 0.890440000000 0.848560000000 0.990150000000 0.722220000000 0.989690000000 0.904360000000 0.999040000000 0.182290000000 0.489890000000 0.484590000000 0.871360000000 0.508000000000 0.902000000000 0.839080000000 0.988790000000 0.432560000000 0.887300000000 0.846760000000 0.989720000000 0.719840000000 0.988740000000 0.903020000000 0.998830000000 0.314550000000 0.744780000000 0.804410000000 0.985200000000 0.716360000000 0.988190000000 0.902270000000 0.998670000000 0.524010000000 0.963630000000 0.902000000000 0.998710000000 0.758450000000 0.998700000000 0.915250000000 0.999890000000 

0.000002430700 0.007960900000 0.017440000000 0.350590000000 0.081237000000 0.571480000000 0.737660000000 0.969090000000 0.353860000000 0.858770000000 0.923960000000 0.983140000000 0.957240000000 0.984110000000 0.984180000000 0.984370000000 0.745910000000 0.969280000000 0.977240000000 0.984340000000 0.980280000000 0.984370000000 0.984330000000 0.984380000000 0.981850000000 0.984320000000 0.984360000000 0.984370000000 0.984390000000 0.984380000000 0.984380000000 0.984380000000 0.917900000000 0.983040000000 0.983550000000 0.984340000000 0.983830000000 0.984380000000 0.984360000000 0.984370000000 0.984110000000 0.984390000000 0.984400000000 0.984380000000 0.984440000000 0.984380000000 0.984350000000 0.984380000000 0.983920000000 0.984440000000 0.984380000000 0.984380000000 0.984370000000 0.984380000000 0.984340000000 0.984380000000 0.984410000000 0.984380000000 0.984350000000 0.984380000000 0.984400000000 0.984370000000 0.984360000000 0.984380000000 

N_obs: 800000

File Format:
1- most to least reliable channels (taken entropies)
2- most to least reliable channels (taken error probabilities)
3- channels entropies (flipped)
4- channels error probabilities (flipped)
5- number of MontCarlo simulations
