63 62 61 59 55 47 60 57 31 58 53 54 51 46 45 43 56 39 52 30 50 29 49 44 27 42 41 23 38 28 37 15 26 48 35 25 40 22 21 7 19 14 11 13 36 34 33 24 3 17 20 5 9 18 6 12 10 1 32 16 8 2 4 0 

63 62 61 59 55 47 60 57 31 58 53 54 51 46 45 43 56 39 52 30 50 29 49 44 27 42 41 38 23 37 28 48 26 35 15 25 40 22 36 21 19 34 14 24 33 13 11 20 7 18 17 32 12 10 9 6 3 5 16 8 4 1 0 2 

0.000000000000 0.000000000000 0.000000000000 0.000000000007 0.000000000000 0.000000003996 0.000000000105 0.000286780000 0.000000000000 0.000000096329 0.000000089992 0.000576470000 0.000000192410 0.001284500000 0.002988900000 0.150480000000 0.000000000000 0.000000935560 0.000002691400 0.004452100000 0.000009436100 0.009583800000 0.020866000000 0.307660000000 0.000367780000 0.045310000000 0.087475000000 0.505340000000 0.185390000000 0.646440000000 0.666850000000 0.947650000000 0.000000000395 0.000665910000 0.001388800000 0.077896000000 0.006615700000 0.149430000000 0.233730000000 0.691610000000 0.039461000000 0.309220000000 0.391580000000 0.813110000000 0.423060000000 0.841150000000 0.791520000000 0.979480000000 0.120340000000 0.450160000000 0.485680000000 0.869900000000 0.476820000000 0.877810000000 0.816550000000 0.983970000000 0.397170000000 0.848980000000 0.816170000000 0.984130000000 0.702640000000 0.984030000000 0.899850000000 0.998610000000 

0.000000000000 0.000000000000 0.000000000000 0.000000000002 0.000000000000 0.000000002272 0.000000000035 0.000633220000 0.000000000000 0.000000116120 0.000000109740 0.001225200000 0.000000224720 0.002721900000 0.006339100000 0.274220000000 0.000000000000 0.000001563400 0.000005113800 0.009715600000 0.000025540000 0.020432000000 0.043752000000 0.506610000000 0.000952750000 0.097683000000 0.181150000000 0.744830000000 0.399710000000 0.886750000000 0.937980000000 0.983600000000 0.000000000132 0.001993100000 0.003962500000 0.185550000000 0.018821000000 0.329070000000 0.492700000000 0.918060000000 0.119380000000 0.630590000000 0.771260000000 0.971700000000 0.882240000000 0.981130000000 0.982440000000 0.984360000000 0.451370000000 0.897950000000 0.943000000000 0.983760000000 0.964600000000 0.984220000000 0.984270000000 0.984370000000 0.974240000000 0.984270000000 0.984330000000 0.984370000000 0.984300000000 0.984390000000 0.984370000000 0.984380000000 

N_obs: 800000

File Format:
1- most to least reliable channels (taken entropies)
2- most to least reliable channels (taken error probabilities)
3- channels entropies (flipped)
4- channels error probabilities (flipped)
5- number of MontCarlo simulations
