63 62 61 59 31 55 47 15 60 23 39 58 29 30 7 57 27 51 43 46 54 53 45 11 19 35 14 3 13 25 49 21 37 41 28 56 5 9 17 33 22 38 1 26 52 50 44 42 6 12 10 24 18 20 48 34 36 40 8 2 4 16 32 0 

63 62 61 59 60 55 58 47 57 31 54 53 51 46 45 56 43 39 30 27 23 29 15 52 49 11 13 17 33 22 21 50 42 37 40 12 25 36 20 48 16 9 4 26 32 2 0 41 10 8 1 34 6 24 5 18 14 44 19 28 38 3 35 7 

0.000084686000 0.019821000000 0.043129000000 0.331940000000 0.119590000000 0.491750000000 0.532280000000 0.896330000000 0.224230000000 0.632740000000 0.635930000000 0.935270000000 0.579120000000 0.935920000000 0.862340000000 0.993040000000 0.241700000000 0.628050000000 0.649790000000 0.943280000000 0.605480000000 0.947930000000 0.869550000000 0.993760000000 0.463540000000 0.915300000000 0.867310000000 0.993500000000 0.734730000000 0.993170000000 0.907810000000 0.999360000000 0.194480000000 0.515340000000 0.512720000000 0.887140000000 0.548140000000 0.925310000000 0.856870000000 0.992040000000 0.456800000000 0.910570000000 0.864360000000 0.992910000000 0.731880000000 0.992220000000 0.906470000000 0.999190000000 0.325340000000 0.759070000000 0.826960000000 0.989640000000 0.729240000000 0.991850000000 0.905900000000 0.999080000000 0.531730000000 0.968460000000 0.905660000000 0.999110000000 0.760850000000 0.999100000000 0.916070000000 0.999920000000 

0.000288520000 0.063189000000 0.131300000000 0.677110000000 0.356030000000 0.859910000000 0.925460000000 0.983230000000 0.698050000000 0.962690000000 0.974010000000 0.984320000000 0.978800000000 0.984360000000 0.984340000000 0.984370000000 0.895380000000 0.981990000000 0.983090000000 0.984390000000 0.983470000000 0.984370000000 0.984380000000 0.984370000000 0.983640000000 0.984410000000 0.984370000000 0.984370000000 0.984450000000 0.984380000000 0.984360000000 0.984370000000 0.955540000000 0.984040000000 0.984210000000 0.984410000000 0.984180000000 0.984370000000 0.984370000000 0.984380000000 0.984210000000 0.984360000000 0.984360000000 0.984370000000 0.984400000000 0.984380000000 0.984360000000 0.984370000000 0.984300000000 0.984390000000 0.984350000000 0.984370000000 0.984340000000 0.984380000000 0.984370000000 0.984380000000 0.984460000000 0.984380000000 0.984380000000 0.984370000000 0.984410000000 0.984380000000 0.984380000000 0.984380000000 

N_obs: 800000

File Format:
1- most to least reliable channels (taken entropies)
2- most to least reliable channels (taken error probabilities)
3- channels entropies (flipped)
4- channels error probabilities (flipped)
5- number of MontCarlo simulations
