63 62 61 60 59 58 57 55 54 53 51 47 46 45 43 39 31 29 30 27 23 50 49 52 42 44 56 15 38 37 41 28 35 26 25 22 21 19 48 14 40 13 36 34 11 24 33 20 18 7 17 12 10 9 32 6 5 3 16 8 1 4 2 0 

63 62 61 60 59 58 57 55 54 53 51 47 46 45 43 39 31 29 30 27 23 50 49 42 52 44 56 15 38 41 37 28 35 26 25 22 21 19 48 14 40 13 36 34 11 24 33 20 18 7 17 12 10 32 9 6 16 5 3 8 4 2 1 0 

0.000000000000 0.000000000000 0.000000000000 0.000000000000 0.000000000000 0.000000000000 0.000000000000 0.000000017762 0.000000000000 0.000000000000 0.000000000000 0.000000002121 0.000000000000 0.000000000517 0.000000000840 0.000532300000 0.000000000000 0.000000000000 0.000000000000 0.000000007452 0.000000000000 0.000000002561 0.000000385430 0.001149200000 0.000000000000 0.000000197420 0.000000250570 0.002542000000 0.000003138500 0.005743000000 0.013421000000 0.282850000000 0.000000000000 0.000000000000 0.000000000000 0.000002226500 0.000000000000 0.000004211300 0.000007547000 0.008915300000 0.000000000000 0.000020690000 0.000046571000 0.019446000000 0.000253620000 0.042087000000 0.084171000000 0.518940000000 0.000000055526 0.000759250000 0.001609000000 0.091732000000 0.007534400000 0.172780000000 0.265690000000 0.736250000000 0.045047000000 0.347440000000 0.435340000000 0.845380000000 0.461850000000 0.871390000000 0.816990000000 0.985380000000 

0.000000000000 0.000000000000 0.000000000000 0.000000000000 0.000000000000 0.000000000000 0.000000000000 0.000000013120 0.000000000000 0.000000000000 0.000000000000 0.000000001014 0.000000000000 0.000000000179 0.000000000328 0.001150700000 0.000000000000 0.000000000000 0.000000000000 0.000000003756 0.000000000000 0.000000000968 0.000001023800 0.002411400000 0.000000000000 0.000000181970 0.000001401700 0.005258300000 0.000007863100 0.011940000000 0.027273000000 0.470410000000 0.000000000000 0.000000000000 0.000000000000 0.000003507600 0.000000000000 0.000010999000 0.000017950000 0.019129000000 0.000000000000 0.000048083000 0.000107440000 0.040818000000 0.000610230000 0.085624000000 0.165860000000 0.749160000000 0.000000053937 0.001930000000 0.003954200000 0.189470000000 0.018589000000 0.333550000000 0.497800000000 0.923050000000 0.123370000000 0.644080000000 0.783440000000 0.973580000000 0.891800000000 0.981820000000 0.982760000000 0.984370000000 

N_obs: 800000

File Format:
1- most to least reliable channels (taken entropies)
2- most to least reliable channels (taken error probabilities)
3- channels entropies (flipped)
4- channels error probabilities (flipped)
5- number of MontCarlo simulations
