63 62 61 59 55 60 58 47 57 54 53 31 51 46 56 45 15 43 39 30 23 29 52 27 7 50 49 35 11 19 44 14 13 41 37 3 42 25 38 21 28 22 26 33 5 9 17 1 48 6 40 12 34 36 10 18 24 20 8 2 4 32 16 0 

63 62 61 59 55 60 58 57 47 54 53 51 46 31 56 45 52 43 50 30 39 49 44 29 27 42 23 41 15 38 48 37 35 28 26 25 19 22 13 7 33 21 11 40 1 6 3 20 12 10 9 8 2 24 18 17 0 16 14 32 4 36 34 5 

0.000000000000 0.000000312930 0.000000315740 0.001677800000 0.000001781500 0.003710900000 0.008427200000 0.207710000000 0.000080964000 0.022222000000 0.045917000000 0.387920000000 0.121220000000 0.547770000000 0.597830000000 0.924370000000 0.007474200000 0.149460000000 0.234070000000 0.679200000000 0.320540000000 0.756850000000 0.727030000000 0.963170000000 0.326470000000 0.765700000000 0.744280000000 0.967320000000 0.651220000000 0.965910000000 0.885310000000 0.996710000000 0.081755000000 0.340490000000 0.369080000000 0.783900000000 0.388190000000 0.807090000000 0.763410000000 0.972910000000 0.353440000000 0.796060000000 0.770120000000 0.973440000000 0.666850000000 0.971280000000 0.888360000000 0.996970000000 0.278180000000 0.687860000000 0.722810000000 0.965470000000 0.661100000000 0.970060000000 0.886940000000 0.996580000000 0.493680000000 0.941440000000 0.886550000000 0.996670000000 0.748310000000 0.996660000000 0.912090000000 0.999710000000 

0.000000000000 0.000000860190 0.000001037600 0.004067500000 0.000005927500 0.008965500000 0.019807000000 0.389750000000 0.000205020000 0.052504000000 0.103890000000 0.636840000000 0.279430000000 0.820350000000 0.902720000000 0.982330000000 0.023940000000 0.366300000000 0.539610000000 0.930040000000 0.748530000000 0.969320000000 0.976470000000 0.984350000000 0.889620000000 0.981510000000 0.982660000000 0.984380000000 0.983200000000 0.984390000000 0.984340000000 0.984380000000 0.380480000000 0.870220000000 0.933640000000 0.983500000000 0.962000000000 0.984150000000 0.984250000000 0.984370000000 0.973390000000 0.984310000000 0.984340000000 0.984360000000 0.984250000000 0.984370000000 0.984370000000 0.984380000000 0.978290000000 0.984380000000 0.984310000000 0.984370000000 0.984340000000 0.984370000000 0.984370000000 0.984370000000 0.984330000000 0.984350000000 0.984390000000 0.984380000000 0.984360000000 0.984370000000 0.984350000000 0.984380000000 

N_obs: 800000

File Format:
1- most to least reliable channels (taken entropies)
2- most to least reliable channels (taken error probabilities)
3- channels entropies (flipped)
4- channels error probabilities (flipped)
5- number of MontCarlo simulations
