63 62 61 60 59 58 57 55 47 31 54 46 53 51 45 43 39 30 27 29 56 52 50 23 49 44 42 41 38 37 28 15 26 35 25 22 48 21 40 19 36 14 13 34 24 33 11 20 7 18 17 12 10 3 9 32 6 5 16 1 8 4 2 0 

63 62 61 60 59 58 57 55 47 31 54 46 53 51 45 43 39 30 27 29 56 52 23 50 49 44 42 41 38 37 28 15 26 35 25 22 48 21 40 19 36 14 34 13 24 33 20 11 18 7 17 12 32 10 9 6 16 5 3 8 4 2 1 0 

0.000000000000 0.000000000000 0.000000000000 0.000000000000 0.000000000000 0.000000000000 0.000000000000 0.000000434670 0.000000000000 0.000000000000 0.000000000000 0.000000652490 0.000000000000 0.000001109500 0.000002055700 0.005915900000 0.000000000000 0.000000000000 0.000000000000 0.000002663500 0.000000000000 0.000006215900 0.000011775000 0.013221000000 0.000000000007 0.000044833000 0.000091984000 0.030170000000 0.000619340000 0.066911000000 0.130520000000 0.614150000000 0.000000000000 0.000000000244 0.000000012308 0.000250010000 0.000000002967 0.000535620000 0.001131600000 0.085323000000 0.000001204500 0.002975200000 0.006303500000 0.171190000000 0.024907000000 0.293870000000 0.395720000000 0.831510000000 0.000284070000 0.033799000000 0.065466000000 0.419710000000 0.142740000000 0.560300000000 0.594290000000 0.920990000000 0.227000000000 0.652380000000 0.655970000000 0.942160000000 0.593670000000 0.942850000000 0.869230000000 0.994480000000 

0.000000000000 0.000000000000 0.000000000000 0.000000000000 0.000000000000 0.000000000000 0.000000000000 0.000000592780 0.000000000000 0.000000000000 0.000000000000 0.000001030500 0.000000000000 0.000002791100 0.000003465000 0.012275000000 0.000000000000 0.000000000000 0.000000000000 0.000005198400 0.000000000000 0.000014285000 0.000023849000 0.027037000000 0.000000000002 0.000098898000 0.000211700000 0.060434000000 0.001404300000 0.129400000000 0.244430000000 0.829450000000 0.000000000000 0.000000000094 0.000000008552 0.000619420000 0.000000001398 0.001272300000 0.002641200000 0.172060000000 0.000002052900 0.007099400000 0.014536000000 0.321480000000 0.058533000000 0.514020000000 0.680680000000 0.962140000000 0.000873090000 0.087279000000 0.161370000000 0.704640000000 0.353490000000 0.855020000000 0.918580000000 0.982900000000 0.644890000000 0.952550000000 0.968550000000 0.984270000000 0.976120000000 0.984320000000 0.984340000000 0.984380000000 

N_obs: 800000

File Format:
1- most to least reliable channels (taken entropies)
2- most to least reliable channels (taken error probabilities)
3- channels entropies (flipped)
4- channels error probabilities (flipped)
5- number of MontCarlo simulations
