63 31 62 47 61 59 15 55 23 39 7 30 29 27 51 43 57 60 46 11 19 35 58 3 14 45 53 54 13 25 21 49 37 41 5 9 17 33 28 1 22 38 56 26 6 52 44 50 42 12 24 10 18 20 34 48 36 40 8 2 4 16 32 0 

63 62 61 59 55 47 31 60 58 57 7 39 54 30 51 23 43 45 35 33 3 53 37 25 9 17 52 40 44 18 8 19 4 10 14 2 49 48 16 6 0 5 36 20 24 32 12 29 13 46 34 26 38 50 42 27 28 41 56 1 21 22 15 11 

0.052539000000 0.279280000000 0.320910000000 0.734540000000 0.346690000000 0.762490000000 0.728970000000 0.965260000000 0.374200000000 0.827340000000 0.805810000000 0.981970000000 0.698380000000 0.982900000000 0.898090000000 0.998310000000 0.307800000000 0.735010000000 0.791950000000 0.982610000000 0.709370000000 0.986030000000 0.900090000000 0.998390000000 0.519010000000 0.960190000000 0.899160000000 0.998330000000 0.756140000000 0.998230000000 0.914300000000 0.999830000000 0.220540000000 0.570630000000 0.573650000000 0.916950000000 0.659710000000 0.975010000000 0.893870000000 0.997790000000 0.514570000000 0.957540000000 0.897490000000 0.998090000000 0.754690000000 0.997890000000 0.913580000000 0.999780000000 0.349870000000 0.787440000000 0.876340000000 0.997180000000 0.753590000000 0.997790000000 0.913340000000 0.999750000000 0.548310000000 0.976140000000 0.913210000000 0.999760000000 0.765860000000 0.999750000000 0.917920000000 0.999980000000 

0.250490000000 0.800550000000 0.905060000000 0.982380000000 0.956750000000 0.984080000000 0.984160000000 0.984390000000 0.973280000000 0.984290000000 0.984360000000 0.984370000000 0.984310000000 0.984380000000 0.984370000000 0.984370000000 0.978390000000 0.984380000000 0.984350000000 0.984370000000 0.984350000000 0.984380000000 0.984380000000 0.984370000000 0.984270000000 0.984380000000 0.984360000000 0.984380000000 0.984360000000 0.984380000000 0.984360000000 0.984380000000 0.980850000000 0.984310000000 0.984380000000 0.984380000000 0.984380000000 0.984380000000 0.984360000000 0.984380000000 0.984310000000 0.984390000000 0.984390000000 0.984380000000 0.984370000000 0.984370000000 0.984370000000 0.984370000000 0.984420000000 0.984370000000 0.984380000000 0.984380000000 0.984420000000 0.984370000000 0.984370000000 0.984370000000 0.984250000000 0.984370000000 0.984370000000 0.984370000000 0.984360000000 0.984370000000 0.984390000000 0.984370000000 

N_obs: 800000

File Format:
1- most to least reliable channels (taken entropies)
2- most to least reliable channels (taken error probabilities)
3- channels entropies (flipped)
4- channels error probabilities (flipped)
5- number of MontCarlo simulations
