63 62 61 59 55 60 58 47 57 31 54 53 15 51 46 39 23 29 30 27 45 43 7 56 11 35 19 52 14 3 49 13 50 25 37 41 21 28 38 22 44 26 42 5 9 17 33 1 6 48 12 10 34 18 36 40 24 20 8 2 4 16 32 0 

63 62 61 59 55 60 58 57 47 54 53 31 51 56 46 45 52 43 39 30 50 49 29 27 44 23 15 42 41 38 37 35 14 48 1 25 28 7 33 10 16 40 13 21 32 20 0 36 8 18 24 6 17 2 4 34 5 19 12 3 26 11 22 9 

0.000000000000 0.000025364000 0.000058645000 0.020600000000 0.000394140000 0.046369000000 0.092983000000 0.510660000000 0.008077900000 0.165360000000 0.256870000000 0.713540000000 0.345470000000 0.786540000000 0.753960000000 0.971090000000 0.076626000000 0.385070000000 0.446810000000 0.847200000000 0.457280000000 0.864400000000 0.805950000000 0.981690000000 0.387670000000 0.837540000000 0.805540000000 0.981590000000 0.693250000000 0.980720000000 0.896660000000 0.998190000000 0.148100000000 0.435220000000 0.433980000000 0.837420000000 0.446430000000 0.858410000000 0.805070000000 0.982020000000 0.391880000000 0.843600000000 0.811500000000 0.982680000000 0.695650000000 0.981150000000 0.896330000000 0.998040000000 0.296460000000 0.717680000000 0.764400000000 0.976140000000 0.690690000000 0.980260000000 0.895220000000 0.997770000000 0.509620000000 0.953570000000 0.894880000000 0.997830000000 0.753760000000 0.997820000000 0.913740000000 0.999810000000 

0.000000000000 0.000068936000 0.000156050000 0.051303000000 0.001069800000 0.109250000000 0.208960000000 0.781250000000 0.023355000000 0.363960000000 0.536410000000 0.931080000000 0.751480000000 0.970110000000 0.976900000000 0.984350000000 0.270640000000 0.807070000000 0.897400000000 0.982010000000 0.946000000000 0.983860000000 0.983970000000 0.984370000000 0.967030000000 0.984250000000 0.984260000000 0.984370000000 0.984320000000 0.984380000000 0.984370000000 0.984370000000 0.740680000000 0.968630000000 0.977130000000 0.984350000000 0.980640000000 0.984390000000 0.984350000000 0.984380000000 0.982010000000 0.984420000000 0.984370000000 0.984370000000 0.984390000000 0.984370000000 0.984380000000 0.984370000000 0.982910000000 0.984340000000 0.984370000000 0.984390000000 0.984410000000 0.984370000000 0.984420000000 0.984370000000 0.984360000000 0.984380000000 0.984380000000 0.984380000000 0.984390000000 0.984380000000 0.984350000000 0.984370000000 

N_obs: 800000

File Format:
1- most to least reliable channels (taken entropies)
2- most to least reliable channels (taken error probabilities)
3- channels entropies (flipped)
4- channels error probabilities (flipped)
5- number of MontCarlo simulations
