63 62 61 60 59 55 47 31 58 53 54 57 51 46 45 43 39 29 30 56 27 52 50 49 44 42 23 41 38 37 28 15 26 35 25 48 22 21 40 36 19 14 34 13 24 11 33 7 20 18 17 12 3 9 10 5 6 32 1 16 8 2 4 0 

63 62 61 60 59 55 47 31 58 53 54 57 51 46 45 43 39 29 30 56 27 52 50 49 44 42 23 41 38 37 28 26 35 15 25 48 22 40 21 36 19 14 34 24 13 33 20 11 18 7 17 12 32 10 9 6 16 5 3 8 1 2 4 0 

0.000000000000 0.000000000000 0.000000000000 0.000000000000 0.000000000000 0.000000000000 0.000000000000 0.000001539000 0.000000000000 0.000000000000 0.000000000000 0.000004513900 0.000000000000 0.000010002000 0.000017786000 0.015852000000 0.000000000000 0.000000000000 0.000000000000 0.000031603000 0.000000000001 0.000052175000 0.000116710000 0.035851000000 0.000000031280 0.000391320000 0.000851880000 0.080342000000 0.005033300000 0.163180000000 0.266490000000 0.754370000000 0.000000000000 0.000000130310 0.000000091892 0.001678200000 0.000002548400 0.003613500000 0.007742600000 0.191980000000 0.000053907000 0.017568000000 0.035451000000 0.343380000000 0.094442000000 0.492710000000 0.554790000000 0.907320000000 0.003546700000 0.104770000000 0.174000000000 0.606000000000 0.264900000000 0.703380000000 0.689240000000 0.952800000000 0.298010000000 0.732170000000 0.716910000000 0.960490000000 0.634740000000 0.960080000000 0.881780000000 0.996330000000 

0.000000000000 0.000000000000 0.000000000000 0.000000000000 0.000000000000 0.000000000000 0.000000000000 0.000002935900 0.000000000000 0.000000000000 0.000000000000 0.000007252800 0.000000000000 0.000021760000 0.000039140000 0.032579000000 0.000000000000 0.000000000000 0.000000000000 0.000072724000 0.000000000000 0.000106710000 0.000259360000 0.071513000000 0.000000026582 0.000863320000 0.001888100000 0.153780000000 0.011172000000 0.295540000000 0.470460000000 0.924320000000 0.000000000000 0.000000113050 0.000000070946 0.004084900000 0.000007219500 0.008683600000 0.018184000000 0.360050000000 0.000144340000 0.041738000000 0.081440000000 0.579950000000 0.220580000000 0.767540000000 0.867680000000 0.980460000000 0.011469000000 0.265680000000 0.416770000000 0.886190000000 0.641960000000 0.951880000000 0.967990000000 0.984260000000 0.833270000000 0.977680000000 0.980640000000 0.984360000000 0.981990000000 0.984360000000 0.984350000000 0.984380000000 

N_obs: 800000

File Format:
1- most to least reliable channels (taken entropies)
2- most to least reliable channels (taken error probabilities)
3- channels entropies (flipped)
4- channels error probabilities (flipped)
5- number of MontCarlo simulations
