63 31 62 47 61 59 15 55 23 39 7 30 29 27 51 43 60 57 46 11 19 58 35 3 45 14 53 54 13 25 21 49 37 41 5 9 17 33 28 1 22 38 56 26 6 52 44 50 42 12 24 10 18 20 34 48 36 40 8 2 4 16 32 0 

63 62 61 59 55 47 31 60 58 57 54 53 51 39 45 19 49 14 28 46 43 33 52 1 22 29 26 50 10 20 16 2 32 34 8 25 0 37 4 48 12 24 35 36 3 44 40 18 38 42 11 30 9 6 41 56 5 13 17 21 15 27 7 23 

0.042103000000 0.256970000000 0.307650000000 0.720410000000 0.339000000000 0.753960000000 0.721780000000 0.963410000000 0.365710000000 0.816550000000 0.796230000000 0.979930000000 0.691780000000 0.980750000000 0.896340000000 0.998090000000 0.303590000000 0.728730000000 0.782870000000 0.980580000000 0.703700000000 0.984270000000 0.898520000000 0.998190000000 0.515720000000 0.957880000000 0.897490000000 0.998120000000 0.755020000000 0.998010000000 0.913920000000 0.999810000000 0.219140000000 0.567240000000 0.569910000000 0.915360000000 0.651800000000 0.972180000000 0.891760000000 0.997510000000 0.510790000000 0.955000000000 0.895680000000 0.997850000000 0.753450000000 0.997630000000 0.913150000000 0.999750000000 0.348090000000 0.785900000000 0.873460000000 0.996820000000 0.752270000000 0.997520000000 0.912900000000 0.999720000000 0.547400000000 0.975800000000 0.912750000000 0.999730000000 0.765570000000 0.999720000000 0.917800000000 0.999980000000 

0.196780000000 0.753100000000 0.878750000000 0.980970000000 0.947520000000 0.983770000000 0.984060000000 0.984390000000 0.970200000000 0.984270000000 0.984290000000 0.984360000000 0.984300000000 0.984370000000 0.984340000000 0.984380000000 0.977020000000 0.984350000000 0.984320000000 0.984380000000 0.984350000000 0.984380000000 0.984390000000 0.984380000000 0.984310000000 0.984380000000 0.984370000000 0.984380000000 0.984380000000 0.984370000000 0.984360000000 0.984370000000 0.980490000000 0.984380000000 0.984360000000 0.984350000000 0.984450000000 0.984370000000 0.984370000000 0.984380000000 0.984590000000 0.984360000000 0.984400000000 0.984370000000 0.984320000000 0.984380000000 0.984400000000 0.984370000000 0.984430000000 0.984340000000 0.984400000000 0.984380000000 0.984380000000 0.984370000000 0.984380000000 0.984370000000 0.984470000000 0.984390000000 0.984390000000 0.984370000000 0.984380000000 0.984370000000 0.984360000000 0.984370000000 

N_obs: 800000

File Format:
1- most to least reliable channels (taken entropies)
2- most to least reliable channels (taken error probabilities)
3- channels entropies (flipped)
4- channels error probabilities (flipped)
5- number of MontCarlo simulations
