63 62 61 59 55 60 58 47 57 54 53 31 51 46 56 45 43 52 15 30 39 29 23 27 50 7 49 44 35 11 19 14 41 42 13 37 38 25 3 28 21 22 26 33 5 9 17 48 1 6 40 34 36 12 10 18 24 20 32 8 2 4 16 0 

63 62 61 59 55 60 58 47 57 54 53 51 46 31 56 45 52 43 50 30 39 49 44 29 27 42 41 23 15 38 48 37 28 35 26 25 21 40 22 19 14 3 36 9 33 34 24 12 7 10 16 32 8 2 0 4 18 1 20 6 5 17 13 11 

0.000000000000 0.000000000073 0.000000057715 0.000556400000 0.000000133940 0.001214900000 0.002699400000 0.131740000000 0.000007346400 0.008112500000 0.017426000000 0.267290000000 0.060887000000 0.424380000000 0.510770000000 0.890160000000 0.001935800000 0.083552000000 0.147480000000 0.575910000000 0.246190000000 0.688380000000 0.680830000000 0.950190000000 0.292920000000 0.728020000000 0.713130000000 0.959080000000 0.630020000000 0.957710000000 0.879230000000 0.995840000000 0.053119000000 0.287070000000 0.334370000000 0.751170000000 0.363340000000 0.782360000000 0.743320000000 0.968150000000 0.338560000000 0.775420000000 0.751990000000 0.969040000000 0.654010000000 0.966520000000 0.884720000000 0.996450000000 0.271210000000 0.675590000000 0.706000000000 0.960780000000 0.648220000000 0.965340000000 0.883260000000 0.996020000000 0.487270000000 0.936000000000 0.882790000000 0.996120000000 0.745900000000 0.996110000000 0.911380000000 0.999670000000 

0.000000000000 0.000000000023 0.000000049473 0.001308400000 0.000001385900 0.002866200000 0.006162700000 0.260070000000 0.000021135000 0.019264000000 0.040068000000 0.472900000000 0.141410000000 0.686570000000 0.820380000000 0.977530000000 0.006063800000 0.211290000000 0.350840000000 0.859170000000 0.591100000000 0.941860000000 0.963300000000 0.984160000000 0.814290000000 0.976260000000 0.980000000000 0.984350000000 0.981650000000 0.984360000000 0.984360000000 0.984370000000 0.237930000000 0.778650000000 0.883920000000 0.981120000000 0.941560000000 0.983700000000 0.983960000000 0.984370000000 0.964940000000 0.984270000000 0.984140000000 0.984380000000 0.984280000000 0.984380000000 0.984400000000 0.984370000000 0.974470000000 0.984290000000 0.984420000000 0.984370000000 0.984440000000 0.984370000000 0.984360000000 0.984380000000 0.984370000000 0.984390000000 0.984400000000 0.984380000000 0.984330000000 0.984380000000 0.984380000000 0.984380000000 

N_obs: 800000

File Format:
1- most to least reliable channels (taken entropies)
2- most to least reliable channels (taken error probabilities)
3- channels entropies (flipped)
4- channels error probabilities (flipped)
5- number of MontCarlo simulations
