63 62 61 59 55 47 60 57 54 58 53 51 31 46 45 43 56 52 39 30 50 29 49 44 27 42 41 23 38 28 15 37 48 26 35 25 7 22 40 19 21 11 14 13 36 3 33 34 24 17 5 9 6 20 18 12 10 1 32 16 2 8 4 0 

63 62 61 59 55 47 60 57 54 58 53 51 31 46 45 43 56 52 39 50 30 49 29 44 42 27 41 38 23 28 37 48 26 35 15 40 25 22 36 21 19 34 14 24 33 13 11 7 20 18 17 32 12 9 5 6 10 1 0 2 4 16 8 3 

0.000000000000 0.000000000000 0.000000000000 0.000000003749 0.000000000000 0.000000091864 0.000000005080 0.001020700000 0.000000000000 0.000000026291 0.000000528510 0.002156500000 0.000001414200 0.004851200000 0.011079000000 0.254570000000 0.000000000000 0.000013567000 0.000027991000 0.015283000000 0.000160050000 0.032773000000 0.066022000000 0.469220000000 0.003222200000 0.117390000000 0.196950000000 0.664970000000 0.302060000000 0.758810000000 0.738920000000 0.967590000000 0.000003388400 0.003852000000 0.008246200000 0.165500000000 0.030321000000 0.282920000000 0.370310000000 0.803170000000 0.099423000000 0.449420000000 0.498520000000 0.875620000000 0.485980000000 0.883220000000 0.822780000000 0.985840000000 0.171710000000 0.521810000000 0.539440000000 0.898320000000 0.514980000000 0.901930000000 0.835260000000 0.987620000000 0.417460000000 0.870740000000 0.834020000000 0.987660000000 0.714360000000 0.987610000000 0.902860000000 0.998930000000 

0.000000000000 0.000000000000 0.000000000000 0.000000002036 0.000000000000 0.000000099303 0.000000002122 0.002240600000 0.000000000000 0.000000013345 0.000000630620 0.004635900000 0.000001934800 0.010329000000 0.023126000000 0.433350000000 0.000000000000 0.000030732000 0.000062549000 0.032969000000 0.000377910000 0.068849000000 0.134070000000 0.701370000000 0.008382000000 0.244290000000 0.391940000000 0.884310000000 0.633220000000 0.953080000000 0.969170000000 0.984290000000 0.000012841000 0.011535000000 0.024283000000 0.372950000000 0.087753000000 0.572430000000 0.725960000000 0.966640000000 0.309750000000 0.825920000000 0.902260000000 0.982170000000 0.946110000000 0.983860000000 0.984060000000 0.984380000000 0.662370000000 0.955370000000 0.970350000000 0.984290000000 0.976980000000 0.984360000000 0.984340000000 0.984380000000 0.980240000000 0.984360000000 0.984350000000 0.984380000000 0.984380000000 0.984380000000 0.984360000000 0.984370000000 

N_obs: 800000

File Format:
1- most to least reliable channels (taken entropies)
2- most to least reliable channels (taken error probabilities)
3- channels entropies (flipped)
4- channels error probabilities (flipped)
5- number of MontCarlo simulations
