63 62 61 59 55 60 58 47 57 54 53 31 51 46 15 56 45 39 23 43 30 29 27 7 52 50 49 35 11 19 14 13 3 44 41 37 25 21 38 42 28 22 26 5 33 9 17 1 6 48 12 40 34 36 10 18 24 20 8 2 4 32 16 0 

63 62 61 59 55 60 58 57 47 54 53 51 31 56 46 45 52 43 50 30 39 49 29 44 27 23 42 15 41 38 37 48 35 28 26 7 21 14 25 17 22 40 10 4 2 0 32 8 36 16 12 34 20 33 1 6 18 24 19 11 5 3 9 13 

0.000000000000 0.000001157600 0.000002273700 0.004308400000 0.000013558000 0.009803900000 0.022086000000 0.301560000000 0.000539030000 0.050754000000 0.097441000000 0.511590000000 0.197630000000 0.650270000000 0.664930000000 0.946670000000 0.020908000000 0.228610000000 0.317850000000 0.755520000000 0.377880000000 0.804760000000 0.761200000000 0.971720000000 0.351440000000 0.794730000000 0.769060000000 0.973410000000 0.668240000000 0.972190000000 0.889990000000 0.997340000000 0.108640000000 0.381210000000 0.395640000000 0.807200000000 0.409140000000 0.827060000000 0.779890000000 0.976630000000 0.367390000000 0.813770000000 0.786100000000 0.977120000000 0.678030000000 0.975170000000 0.891460000000 0.997400000000 0.284710000000 0.699230000000 0.738200000000 0.969570000000 0.672370000000 0.974050000000 0.890110000000 0.997050000000 0.499970000000 0.946100000000 0.889750000000 0.997130000000 0.750430000000 0.997120000000 0.912710000000 0.999750000000 

0.000000000000 0.000002926200 0.000005210600 0.010687000000 0.000028739000 0.023443000000 0.051212000000 0.531230000000 0.001476400000 0.118470000000 0.215870000000 0.774920000000 0.449800000000 0.903980000000 0.946410000000 0.983860000000 0.069914000000 0.537290000000 0.704960000000 0.963380000000 0.852380000000 0.979300000000 0.981400000000 0.984370000000 0.931480000000 0.983490000000 0.983710000000 0.984380000000 0.983950000000 0.984380000000 0.984380000000 0.984380000000 0.522840000000 0.924550000000 0.958520000000 0.984180000000 0.972550000000 0.984320000000 0.984340000000 0.984390000000 0.977870000000 0.984350000000 0.984330000000 0.984380000000 0.984390000000 0.984390000000 0.984350000000 0.984380000000 0.980550000000 0.984330000000 0.984430000000 0.984380000000 0.984390000000 0.984370000000 0.984400000000 0.984380000000 0.984320000000 0.984390000000 0.984390000000 0.984370000000 0.984400000000 0.984370000000 0.984380000000 0.984380000000 

N_obs: 800000

File Format:
1- most to least reliable channels (taken entropies)
2- most to least reliable channels (taken error probabilities)
3- channels entropies (flipped)
4- channels error probabilities (flipped)
5- number of MontCarlo simulations
