127 126 125 124 123 122 121 120 119 118 117 116 115 114 113 111 110 109 108 107 106 105 103 102 101 99 95 94 93 92 91 90 89 87 86 85 83 79 78 77 75 63 62 61 60 59 57 55 54 47 31 46 53 45 58 71 51 100 112 84 88 39 104 98 82 30 81 29 97 76 43 74 70 73 56 23 69 50 52 27 49 44 67 42 41 38 37 96 28 80 15 26 72 35 25 68 22 48 66 21 40 65 19 36 14 13 34 24 11 33 7 20 18 64 17 3 12 9 5 10 6 32 1 16 2 8 4 0 

127 126 125 124 123 122 121 120 119 118 117 116 115 114 113 111 110 109 108 107 106 105 103 102 101 99 95 94 93 92 91 90 89 87 86 85 83 79 78 77 75 63 62 61 60 59 57 55 54 47 31 46 53 45 58 71 51 100 112 84 88 39 104 98 82 30 81 29 97 76 43 74 70 56 73 23 69 50 52 27 67 44 49 41 42 37 38 96 80 28 15 26 72 35 25 68 48 22 66 21 40 65 36 19 14 34 24 13 33 20 11 64 18 7 17 12 32 10 9 6 16 3 5 8 0 2 4 1 

0.000000000000 0.000000000000 0.000000000000 0.000000000000 0.000000000000 0.000000000000 0.000000000000 0.000000000000 0.000000000000 0.000000000000 0.000000000000 0.000000000000 0.000000000000 0.000000000000 0.000000000000 0.000000000058 0.000000000000 0.000000000000 0.000000000000 0.000000000000 0.000000000000 0.000000000000 0.000000000000 0.000000000930 0.000000000000 0.000000000000 0.000000000000 0.000000000002 0.000000000000 0.000000000980 0.000000014664 0.001340500000 0.000000000000 0.000000000000 0.000000000000 0.000000000000 0.000000000000 0.000000000000 0.000000000000 0.000000000276 0.000000000000 0.000000000000 0.000000000000 0.000000000099 0.000000000000 0.000000002285 0.000000008242 0.003115400000 0.000000000000 0.000000000000 0.000000000000 0.000000014773 0.000000000000 0.000000029077 0.000000935570 0.005674600000 0.000000000000 0.000000200880 0.000011772000 0.013968000000 0.000110940000 0.031479000000 0.063856000000 0.485350000000 0.000000000000 0.000000000000 0.000000000000 0.000000000000 0.000000000000 0.000000000000 0.000000000000 0.000001076900 0.000000000000 0.000000000000 0.000000000000 0.000014502000 0.000000000000 0.000012922000 0.000061759000 0.021794000000 0.000000000000 0.000000000000 0.000000000000 0.000096202000 0.000000021178 0.000177490000 0.000217280000 0.043611000000 0.000000000354 0.000761810000 0.001112700000 0.092656000000 0.007159500000 0.175070000000 0.270530000000 0.737960000000 0.000000000000 0.000000002520 0.000000011430 0.002535300000 0.000022400000 0.004763600000 0.009601700000 0.191430000000 0.000006557300 0.020524000000 0.038224000000 0.323520000000 0.092454000000 0.457000000000 0.515740000000 0.882810000000 0.003350500000 0.101440000000 0.165710000000 0.565620000000 0.254360000000 0.645780000000 0.630520000000 0.934850000000 0.313300000000 0.681900000000 0.637010000000 0.939100000000 0.564670000000 0.916320000000 0.829660000000 0.995270000000 

0.000000000000 0.000000000000 0.000000000000 0.000000000000 0.000000000000 0.000000000000 0.000000000000 0.000000000000 0.000000000000 0.000000000000 0.000000000000 0.000000000000 0.000000000000 0.000000000000 0.000000000000 0.000000000014 0.000000000000 0.000000000000 0.000000000000 0.000000000000 0.000000000000 0.000000000000 0.000000000000 0.000000000258 0.000000000000 0.000000000000 0.000000000000 0.000000000000 0.000000000000 0.000000000266 0.000000004795 0.002896700000 0.000000000000 0.000000000000 0.000000000000 0.000000000000 0.000000000000 0.000000000000 0.000000000000 0.000000000067 0.000000000000 0.000000000000 0.000000000000 0.000000000022 0.000000000000 0.000000000639 0.000000002401 0.006310700000 0.000000000000 0.000000000000 0.000000000000 0.000000004851 0.000000000000 0.000000009969 0.000000514210 0.011432000000 0.000000000000 0.000000072294 0.000008330500 0.025879000000 0.000147530000 0.062150000000 0.120000000000 0.717910000000 0.000000000000 0.000000000000 0.000000000000 0.000000000000 0.000000000000 0.000000000000 0.000000000000 0.000000498700 0.000000000000 0.000000000000 0.000000000000 0.000012552000 0.000000000000 0.000008710100 0.000269000000 0.040764000000 0.000000000000 0.000000000000 0.000000000000 0.000223910000 0.000000007737 0.000762390000 0.000299030000 0.085003000000 0.000000000093 0.002426700000 0.001902600000 0.184250000000 0.016799000000 0.323210000000 0.487350000000 0.926930000000 0.000000000000 0.000000000739 0.000000003906 0.006622200000 0.000022315000 0.011310000000 0.022273000000 0.358210000000 0.000003808800 0.047264000000 0.083035000000 0.568300000000 0.207740000000 0.751030000000 0.850110000000 0.978760000000 0.010804000000 0.238630000000 0.372800000000 0.865710000000 0.598350000000 0.941210000000 0.959460000000 0.984330000000 0.798600000000 0.974910000000 0.980300000000 0.984600000000 0.980280000000 0.984500000000 0.984780000000 0.984440000000 

N_obs: 4000

File Format:
1- most to least reliable channels (taken entropies)
2- most to least reliable channels (taken error probabilities)
3- channels entropies (flipped)
4- channels error probabilities (flipped)
5- number of MontCarlo simulations
