127 126 125 124 123 122 121 120 119 118 117 116 115 114 113 111 110 109 108 107 106 105 103 102 101 99 95 94 93 92 91 90 89 87 86 85 83 79 78 77 75 71 63 62 61 60 59 58 57 55 54 53 51 47 46 43 31 45 112 104 39 88 100 30 98 84 97 82 29 74 81 27 70 73 76 56 50 23 52 42 44 67 69 49 41 38 96 37 28 80 26 72 35 15 25 68 22 48 66 21 40 65 36 19 14 34 24 13 33 20 11 64 18 7 17 12 10 32 9 3 5 6 16 1 2 8 4 0 

127 126 125 124 123 122 121 120 119 118 117 116 115 114 113 111 110 109 108 107 106 105 103 102 101 99 95 94 93 92 91 90 89 87 86 85 83 79 78 77 75 71 63 62 61 60 59 58 57 55 54 53 51 47 46 43 31 45 112 104 39 88 100 30 98 84 97 82 29 74 81 27 70 76 73 56 23 50 52 42 44 67 69 41 49 38 96 37 80 28 26 72 35 15 25 68 22 48 66 21 65 40 36 19 14 34 24 13 33 20 11 64 18 7 17 12 32 10 9 6 16 5 3 8 1 2 0 4 

0.000000000000 0.000000000000 0.000000000000 0.000000000000 0.000000000000 0.000000000000 0.000000000000 0.000000000000 0.000000000000 0.000000000000 0.000000000000 0.000000000000 0.000000000000 0.000000000000 0.000000000000 0.000000000000 0.000000000000 0.000000000000 0.000000000000 0.000000000000 0.000000000000 0.000000000000 0.000000000000 0.000000000000 0.000000000000 0.000000000000 0.000000000000 0.000000000001 0.000000000000 0.000000000006 0.000000000011 0.000417980000 0.000000000000 0.000000000000 0.000000000000 0.000000000000 0.000000000000 0.000000000000 0.000000000000 0.000000000000 0.000000000000 0.000000000000 0.000000000000 0.000000000006 0.000000000000 0.000000000018 0.000000000581 0.000695500000 0.000000000000 0.000000000000 0.000000000000 0.000000004838 0.000000000000 0.000000000335 0.000000004669 0.001747100000 0.000000000000 0.000000003808 0.000016769000 0.004427600000 0.000005590500 0.010477000000 0.026342000000 0.365560000000 0.000000000000 0.000000000000 0.000000000000 0.000000000000 0.000000000000 0.000000000000 0.000000000000 0.000000233630 0.000000000000 0.000000000000 0.000000000000 0.000001012500 0.000000000000 0.000000607040 0.000035091000 0.009942900000 0.000000000000 0.000000000000 0.000000000000 0.000004415200 0.000000000000 0.000002634100 0.000078055000 0.023884000000 0.000000000000 0.000135520000 0.000439600000 0.048373000000 0.001819500000 0.101720000000 0.196310000000 0.648380000000 0.000000000000 0.000000000004 0.000000000034 0.000694080000 0.000000001153 0.001487100000 0.003866000000 0.138710000000 0.000000672480 0.008793700000 0.019292000000 0.255190000000 0.059024000000 0.388150000000 0.521550000000 0.853140000000 0.001885900000 0.079123000000 0.151370000000 0.540720000000 0.271450000000 0.646840000000 0.679360000000 0.925670000000 0.393840000000 0.723540000000 0.697300000000 0.931560000000 0.682290000000 0.906740000000 0.871050000000 0.994290000000 

0.000000000000 0.000000000000 0.000000000000 0.000000000000 0.000000000000 0.000000000000 0.000000000000 0.000000000000 0.000000000000 0.000000000000 0.000000000000 0.000000000000 0.000000000000 0.000000000000 0.000000000000 0.000000000000 0.000000000000 0.000000000000 0.000000000000 0.000000000000 0.000000000000 0.000000000000 0.000000000000 0.000000000000 0.000000000000 0.000000000000 0.000000000000 0.000000000000 0.000000000000 0.000000000001 0.000000000003 0.000741670000 0.000000000000 0.000000000000 0.000000000000 0.000000000000 0.000000000000 0.000000000000 0.000000000000 0.000000000000 0.000000000000 0.000000000000 0.000000000000 0.000000000001 0.000000000000 0.000000000005 0.000000000201 0.001047500000 0.000000000000 0.000000000000 0.000000000000 0.000000001862 0.000000000000 0.000000000107 0.000000001984 0.003821000000 0.000000000000 0.000000001313 0.000030501000 0.010561000000 0.000005867600 0.023415000000 0.051046000000 0.642170000000 0.000000000000 0.000000000000 0.000000000000 0.000000000000 0.000000000000 0.000000000000 0.000000000000 0.000000118300 0.000000000000 0.000000000000 0.000000000000 0.000000827310 0.000000000000 0.000000382330 0.000250250000 0.020913000000 0.000000000000 0.000000000000 0.000000000000 0.000003574900 0.000000000000 0.000002137500 0.000103680000 0.053598000000 0.000000000000 0.000345690000 0.000801970000 0.104190000000 0.004052900000 0.212470000000 0.359570000000 0.913310000000 0.000000000000 0.000000000001 0.000000000010 0.001339300000 0.000000000421 0.002657800000 0.008695200000 0.285630000000 0.000000366520 0.018098000000 0.040980000000 0.476910000000 0.126240000000 0.689190000000 0.832820000000 0.991240000000 0.004687600000 0.181700000000 0.312290000000 0.858680000000 0.558690000000 0.945790000000 0.975810000000 0.995930000000 0.827710000000 0.989470000000 0.993410000000 0.996100000000 0.994620000000 0.996010000000 0.995980000000 0.996070000000 

N_obs: 4000

File Format:
1- most to least reliable channels (taken entropies)
2- most to least reliable channels (taken error probabilities)
3- channels entropies (flipped)
4- channels error probabilities (flipped)
5- number of MontCarlo simulations
