127 126 125 123 63 119 95 111 31 47 79 55 15 59 87 103 61 124 91 107 23 115 39 93 71 62 27 7 109 121 122 117 29 94 118 110 51 30 43 75 99 45 83 53 77 13 11 46 19 35 57 67 3 78 54 14 101 85 58 89 105 25 102 86 113 60 90 106 49 21 114 22 26 92 37 38 70 69 41 108 6 97 81 73 120 116 5 28 9 17 33 65 1 50 44 42 76 52 12 98 74 82 56 10 18 34 2 66 100 88 84 104 24 112 48 20 40 36 96 68 80 72 4 16 8 32 64 0 

127 126 125 123 119 124 111 122 121 95 63 118 115 117 91 7 29 45 55 62 110 107 13 11 23 85 106 26 92 31 5 104 38 114 47 42 98 79 103 65 14 73 27 58 10 2 54 67 56 100 34 102 74 120 108 40 3 33 68 97 9 18 66 48 44 64 16 96 0 8 12 32 88 4 72 75 90 36 80 49 24 60 78 82 86 50 52 81 20 25 84 1 22 93 15 116 57 112 17 37 46 28 35 70 21 89 61 6 41 69 51 76 53 30 19 59 105 113 87 83 109 43 39 71 99 101 94 77 

0.001638500000 0.055830000000 0.098173000000 0.396490000000 0.161680000000 0.472950000000 0.470160000000 0.849010000000 0.224180000000 0.527820000000 0.481710000000 0.849120000000 0.445100000000 0.818790000000 0.755480000000 0.978290000000 0.233910000000 0.528540000000 0.468680000000 0.838790000000 0.424600000000 0.796420000000 0.729270000000 0.971500000000 0.380610000000 0.748070000000 0.693000000000 0.962930000000 0.593830000000 0.934420000000 0.841460000000 0.997240000000 0.229890000000 0.507250000000 0.447470000000 0.825590000000 0.413990000000 0.782920000000 0.714830000000 0.965790000000 0.379620000000 0.748310000000 0.702350000000 0.966680000000 0.610190000000 0.940860000000 0.846550000000 0.997840000000 0.323640000000 0.672620000000 0.620130000000 0.923480000000 0.593790000000 0.935470000000 0.846580000000 0.997920000000 0.449620000000 0.833150000000 0.834920000000 0.997730000000 0.662430000000 0.959590000000 0.868360000000 0.999830000000 0.195380000000 0.449730000000 0.390200000000 0.771100000000 0.353030000000 0.711970000000 0.659190000000 0.947700000000 0.329750000000 0.677030000000 0.614360000000 0.927200000000 0.539250000000 0.896030000000 0.814800000000 0.993070000000 0.313230000000 0.651780000000 0.599710000000 0.916190000000 0.572390000000 0.923110000000 0.838150000000 0.996950000000 0.447350000000 0.829450000000 0.829170000000 0.996960000000 0.658930000000 0.959020000000 0.867070000000 0.999790000000 0.257120000000 0.554690000000 0.494170000000 0.861860000000 0.451610000000 0.823630000000 0.744310000000 0.977640000000 0.442880000000 0.821570000000 0.818690000000 0.995870000000 0.657320000000 0.958850000000 0.866090000000 0.999750000000 0.336710000000 0.687370000000 0.636230000000 0.928540000000 0.643030000000 0.957110000000 0.865660000000 0.999760000000 0.459290000000 0.839690000000 0.857550000000 0.999730000000 0.669990000000 0.959370000000 0.872230000000 0.999910000000 

0.007585500000 0.192940000000 0.325650000000 0.830720000000 0.563710000000 0.928750000000 0.955820000000 0.984280000000 0.807700000000 0.974590000000 0.979740000000 0.984600000000 0.979680000000 0.983960000000 0.985070000000 0.984620000000 0.925290000000 0.983150000000 0.985180000000 0.984290000000 0.983150000000 0.983600000000 0.985050000000 0.983900000000 0.984060000000 0.984210000000 0.985580000000 0.984200000000 0.985530000000 0.983980000000 0.984330000000 0.984370000000 0.961620000000 0.986010000000 0.984570000000 0.983830000000 0.981950000000 0.984400000000 0.984750000000 0.984380000000 0.985070000000 0.984480000000 0.983570000000 0.984540000000 0.985120000000 0.984470000000 0.984510000000 0.984410000000 0.984060000000 0.984460000000 0.986750000000 0.984850000000 0.984390000000 0.984220000000 0.984110000000 0.984380000000 0.985490000000 0.984710000000 0.984820000000 0.984320000000 0.984170000000 0.984350000000 0.984070000000 0.984370000000 0.973060000000 0.983060000000 0.984770000000 0.984430000000 0.984960000000 0.984140000000 0.984600000000 0.984180000000 0.982720000000 0.984170000000 0.984850000000 0.984490000000 0.984830000000 0.984480000000 0.984420000000 0.984360000000 0.983960000000 0.984650000000 0.982540000000 0.984370000000 0.985330000000 0.983980000000 0.984800000000 0.984290000000 0.985350000000 0.983930000000 0.984650000000 0.984400000000 0.984690000000 0.984210000000 0.984300000000 0.984380000000 0.983890000000 0.984920000000 0.982130000000 0.984660000000 0.984110000000 0.983820000000 0.984520000000 0.984430000000 0.983430000000 0.984560000000 0.984720000000 0.984520000000 0.984930000000 0.984340000000 0.984640000000 0.984370000000 0.984590000000 0.984100000000 0.983260000000 0.984380000000 0.983380000000 0.984150000000 0.984340000000 0.984380000000 0.982130000000 0.984770000000 0.983890000000 0.984380000000 0.984290000000 0.984160000000 0.984550000000 0.984370000000 

N_obs: 4000

File Format:
1- most to least reliable channels (taken entropies)
2- most to least reliable channels (taken error probabilities)
3- channels entropies (flipped)
4- channels error probabilities (flipped)
5- number of MontCarlo simulations
