127 125 126 123 119 124 122 111 121 118 117 95 63 115 110 31 120 47 109 79 55 87 107 15 103 59 91 61 94 93 23 62 39 116 71 27 43 7 29 75 45 30 114 51 11 83 77 113 99 53 46 85 101 78 13 54 105 21 57 108 86 19 89 35 106 102 67 37 14 58 69 5 90 3 22 25 41 92 60 73 38 26 70 49 42 81 97 6 74 9 17 28 33 50 65 10 82 1 98 44 76 52 18 112 84 34 66 100 2 12 104 56 20 88 36 24 68 40 72 48 80 4 96 8 16 32 64 0 

127 125 126 123 119 124 122 111 121 118 117 115 95 110 120 109 116 107 63 114 94 103 93 113 108 91 106 79 39 87 62 59 99 27 23 61 13 29 105 78 102 5 11 81 55 54 37 67 86 101 71 42 10 92 49 58 15 112 46 26 75 28 66 12 90 97 24 1 89 88 21 53 44 68 4 32 64 48 40 16 47 0 2 85 8 82 84 56 34 72 52 33 96 80 50 14 3 60 36 17 18 45 77 57 65 100 20 76 35 9 74 38 104 98 6 19 70 41 22 25 30 73 7 51 69 43 31 83 

0.000000000000 0.000001968000 0.000001034700 0.014405000000 0.000189940000 0.030705000000 0.062605000000 0.402140000000 0.002565200000 0.100650000000 0.179140000000 0.574200000000 0.297460000000 0.671150000000 0.700560000000 0.935980000000 0.045897000000 0.308980000000 0.409660000000 0.755630000000 0.460110000000 0.769300000000 0.750710000000 0.955390000000 0.465740000000 0.769690000000 0.722880000000 0.942550000000 0.700910000000 0.913840000000 0.874430000000 0.994830000000 0.210780000000 0.523860000000 0.526840000000 0.831230000000 0.498410000000 0.789320000000 0.763060000000 0.961320000000 0.458240000000 0.756090000000 0.709310000000 0.936000000000 0.678920000000 0.903280000000 0.865440000000 0.992800000000 0.427250000000 0.731640000000 0.688810000000 0.927690000000 0.634650000000 0.879860000000 0.845620000000 0.988490000000 0.584690000000 0.858800000000 0.787390000000 0.981060000000 0.775830000000 0.941270000000 0.901050000000 0.999230000000 0.285770000000 0.565100000000 0.521920000000 0.833300000000 0.490380000000 0.785120000000 0.753790000000 0.957940000000 0.447560000000 0.748980000000 0.702130000000 0.933090000000 0.674440000000 0.900730000000 0.861480000000 0.991610000000 0.406310000000 0.707390000000 0.663100000000 0.915510000000 0.608200000000 0.865340000000 0.827300000000 0.982880000000 0.567960000000 0.846430000000 0.780610000000 0.974470000000 0.767300000000 0.939320000000 0.897900000000 0.998930000000 0.376160000000 0.664220000000 0.630780000000 0.895150000000 0.590640000000 0.853360000000 0.820140000000 0.978200000000 0.528420000000 0.815100000000 0.751020000000 0.957940000000 0.756210000000 0.935540000000 0.895020000000 0.998610000000 0.463920000000 0.781830000000 0.738280000000 0.947560000000 0.674680000000 0.903180000000 0.892000000000 0.998430000000 0.623870000000 0.878040000000 0.787890000000 0.993930000000 0.799560000000 0.943760000000 0.908770000000 0.999730000000 

0.000000000000 0.000001141300 0.000000527620 0.034606000000 0.000462490000 0.071388000000 0.134980000000 0.698970000000 0.006029600000 0.223670000000 0.362400000000 0.877500000000 0.599960000000 0.957790000000 0.981780000000 0.996020000000 0.120630000000 0.639610000000 0.797670000000 0.985790000000 0.910940000000 0.993880000000 0.995730000000 0.996190000000 0.967220000000 0.995820000000 0.995950000000 0.996150000000 0.995360000000 0.996190000000 0.996060000000 0.996120000000 0.620830000000 0.960140000000 0.981770000000 0.995990000000 0.990700000000 0.996050000000 0.996060000000 0.996070000000 0.994740000000 0.995940000000 0.996100000000 0.996100000000 0.996630000000 0.996100000000 0.995890000000 0.996120000000 0.994300000000 0.995790000000 0.996140000000 0.996150000000 0.996030000000 0.996180000000 0.996340000000 0.996110000000 0.995960000000 0.996220000000 0.996480000000 0.996080000000 0.995930000000 0.996030000000 0.996140000000 0.996090000000 0.954210000000 0.995200000000 0.995590000000 0.996120000000 0.995280000000 0.996010000000 0.996140000000 0.996100000000 0.995910000000 0.995920000000 0.996070000000 0.996110000000 0.996460000000 0.996120000000 0.995990000000 0.996090000000 0.996090000000 0.996020000000 0.996130000000 0.996080000000 0.996580000000 0.995970000000 0.996230000000 0.996090000000 0.994610000000 0.996190000000 0.995930000000 0.996130000000 0.996160000000 0.996100000000 0.996110000000 0.996090000000 0.996600000000 0.996340000000 0.995680000000 0.996030000000 0.995490000000 0.996030000000 0.996260000000 0.996060000000 0.995510000000 0.996240000000 0.996070000000 0.996150000000 0.996210000000 0.996130000000 0.996130000000 0.996090000000 0.996010000000 0.996120000000 0.995640000000 0.996030000000 0.995850000000 0.995990000000 0.996170000000 0.996100000000 0.996410000000 0.996200000000 0.995830000000 0.996080000000 0.996120000000 0.996100000000 0.996060000000 0.996100000000 

N_obs: 4000

File Format:
1- most to least reliable channels (taken entropies)
2- most to least reliable channels (taken error probabilities)
3- channels entropies (flipped)
4- channels error probabilities (flipped)
5- number of MontCarlo simulations
