127 126 125 124 123 122 121 120 119 118 117 116 115 114 113 112 111 110 109 108 107 106 105 104 103 102 101 100 99 98 97 95 94 93 92 91 90 89 88 87 86 85 84 83 82 81 79 78 77 76 75 74 73 71 70 63 62 61 60 59 58 57 56 55 54 53 52 51 47 46 45 44 43 39 31 30 29 27 23 15 49 50 42 69 67 41 37 38 26 22 35 21 25 19 28 14 96 80 72 66 48 11 68 13 65 40 36 34 33 24 20 7 18 17 12 10 64 9 32 6 5 16 3 8 4 2 1 0 

127 126 125 124 123 122 121 120 119 118 117 116 115 114 113 112 111 110 109 108 107 106 105 104 103 102 101 100 99 98 97 95 94 93 92 91 90 89 88 87 86 85 84 83 82 81 79 78 77 76 75 74 73 71 70 63 62 61 60 59 58 57 56 55 54 53 52 51 47 46 45 44 43 39 31 30 29 27 23 15 50 49 42 69 67 41 37 38 26 22 35 21 25 19 14 28 96 80 72 66 48 11 13 40 68 36 65 33 34 20 24 7 18 17 12 10 9 64 32 6 5 16 3 8 4 2 1 0 

0.000000000000 0.000000000000 0.000000000000 0.000000000000 0.000000000000 0.000000000000 0.000000000000 0.000000000000 0.000000000000 0.000000000000 0.000000000000 0.000000000000 0.000000000000 0.000000000000 0.000000000000 0.000000000000 0.000000000000 0.000000000000 0.000000000000 0.000000000000 0.000000000000 0.000000000000 0.000000000000 0.000000000000 0.000000000000 0.000000000000 0.000000000000 0.000000000000 0.000000000000 0.000000000000 0.000000000000 0.000000173180 0.000000000000 0.000000000000 0.000000000000 0.000000000000 0.000000000000 0.000000000000 0.000000000000 0.000000000000 0.000000000000 0.000000000000 0.000000000000 0.000000000000 0.000000000000 0.000000000000 0.000000000000 0.000000179390 0.000000000000 0.000000000000 0.000000000000 0.000000000000 0.000000000000 0.000000000000 0.000000000000 0.000000497680 0.000000000000 0.000000000000 0.000000000000 0.000019497000 0.000000000000 0.000008224800 0.000037894000 0.027813000000 0.000000000000 0.000000000000 0.000000000000 0.000000000000 0.000000000000 0.000000000000 0.000000000000 0.000000000000 0.000000000000 0.000000000000 0.000000000000 0.000000000000 0.000000000000 0.000000000000 0.000000000000 0.000015726000 0.000000000000 0.000000000000 0.000000000000 0.000000000000 0.000000000000 0.000000000000 0.000000000000 0.000051462000 0.000000000000 0.000000000000 0.000000000000 0.000108880000 0.000000000001 0.000215100000 0.000365860000 0.067083000000 0.000000000000 0.000000000000 0.000000000000 0.000000000709 0.000000000000 0.000000000001 0.000000000002 0.000575830000 0.000000000000 0.000000000001 0.000000000001 0.000604070000 0.000000000035 0.001996700000 0.003231400000 0.161150000000 0.000000000000 0.000000000858 0.000033496000 0.006559500000 0.000016661000 0.013508000000 0.030824000000 0.338730000000 0.001250300000 0.072152000000 0.140680000000 0.553610000000 0.300160000000 0.689740000000 0.727750000000 0.950820000000 

0.000000000000 0.000000000000 0.000000000000 0.000000000000 0.000000000000 0.000000000000 0.000000000000 0.000000000000 0.000000000000 0.000000000000 0.000000000000 0.000000000000 0.000000000000 0.000000000000 0.000000000000 0.000000000000 0.000000000000 0.000000000000 0.000000000000 0.000000000000 0.000000000000 0.000000000000 0.000000000000 0.000000000000 0.000000000000 0.000000000000 0.000000000000 0.000000000000 0.000000000000 0.000000000000 0.000000000000 0.000000102870 0.000000000000 0.000000000000 0.000000000000 0.000000000000 0.000000000000 0.000000000000 0.000000000000 0.000000000000 0.000000000000 0.000000000000 0.000000000000 0.000000000000 0.000000000000 0.000000000000 0.000000000000 0.000000105060 0.000000000000 0.000000000000 0.000000000000 0.000000000000 0.000000000000 0.000000000000 0.000000000000 0.000000308670 0.000000000000 0.000000000000 0.000000000000 0.000219320000 0.000000000000 0.000006883500 0.000301100000 0.068523000000 0.000000000000 0.000000000000 0.000000000000 0.000000000000 0.000000000000 0.000000000000 0.000000000000 0.000000000000 0.000000000000 0.000000000000 0.000000000000 0.000000000000 0.000000000000 0.000000000000 0.000000000000 0.000018990000 0.000000000000 0.000000000000 0.000000000000 0.000000000000 0.000000000000 0.000000000000 0.000000000000 0.000195380000 0.000000000000 0.000000000000 0.000000000000 0.000255250000 0.000000000000 0.000751910000 0.000615260000 0.152490000000 0.000000000000 0.000000000000 0.000000000000 0.000000000265 0.000000000000 0.000000000000 0.000000000000 0.001702800000 0.000000000000 0.000000000000 0.000000000000 0.001561000000 0.000000000009 0.004837400000 0.007584900000 0.334820000000 0.000000000000 0.000000000255 0.000081654000 0.016464000000 0.000023722000 0.030597000000 0.061016000000 0.607640000000 0.003532800000 0.157300000000 0.277580000000 0.853830000000 0.569070000000 0.954540000000 0.981710000000 0.995910000000 

N_obs: 4000

File Format:
1- most to least reliable channels (taken entropies)
2- most to least reliable channels (taken error probabilities)
3- channels entropies (flipped)
4- channels error probabilities (flipped)
5- number of MontCarlo simulations
