127 126 125 124 123 122 121 120 119 118 117 116 115 114 113 111 110 109 108 107 106 105 103 102 101 99 95 94 93 92 91 90 89 87 86 85 83 79 78 77 75 71 63 62 61 60 59 58 57 55 54 53 51 47 46 45 43 31 39 30 112 29 104 27 100 98 97 84 82 88 76 23 56 74 81 52 70 73 49 50 44 67 42 41 69 38 37 15 28 26 96 35 25 80 22 72 68 21 48 66 40 19 65 14 36 13 34 24 33 11 20 7 18 64 17 12 10 9 3 32 5 6 16 1 8 2 4 0 

127 126 125 124 123 122 121 120 119 118 117 116 115 114 113 111 110 109 108 107 106 105 103 102 101 99 95 94 93 92 91 90 89 87 86 85 83 79 78 77 75 71 63 62 61 60 59 58 57 55 54 53 51 47 46 45 43 31 39 30 112 29 104 27 100 98 97 84 82 88 76 23 56 74 81 52 70 73 49 50 44 67 41 42 69 38 15 26 37 96 28 35 80 25 22 72 21 68 48 66 40 19 65 14 36 13 34 24 33 11 20 18 7 64 17 12 10 32 9 6 16 5 3 8 1 4 2 0 

0.000000000000 0.000000000000 0.000000000000 0.000000000000 0.000000000000 0.000000000000 0.000000000000 0.000000000000 0.000000000000 0.000000000000 0.000000000000 0.000000000000 0.000000000000 0.000000000000 0.000000000000 0.000000000000 0.000000000000 0.000000000000 0.000000000000 0.000000000000 0.000000000000 0.000000000000 0.000000000000 0.000000000000 0.000000000000 0.000000000000 0.000000000000 0.000000000000 0.000000000000 0.000000000000 0.000000000000 0.000274560000 0.000000000000 0.000000000000 0.000000000000 0.000000000000 0.000000000000 0.000000000000 0.000000000000 0.000000000004 0.000000000000 0.000000000000 0.000000000000 0.000000000000 0.000000000000 0.000000000003 0.000000002202 0.000766290000 0.000000000000 0.000000000000 0.000000000000 0.000000000050 0.000000000000 0.000000000283 0.000000009807 0.001762400000 0.000000000000 0.000000005229 0.000002718000 0.003189700000 0.000000242820 0.006597200000 0.015867000000 0.295240000000 0.000000000000 0.000000000000 0.000000000000 0.000000000000 0.000000000000 0.000000000000 0.000000000000 0.000000000185 0.000000000000 0.000000000000 0.000000000000 0.000000004383 0.000000000000 0.000000147620 0.000000105880 0.004568900000 0.000000000000 0.000000000000 0.000000000000 0.000000161550 0.000000000000 0.000000313880 0.000000317270 0.011086000000 0.000000000000 0.000009064800 0.000084677000 0.023056000000 0.000330200000 0.049219000000 0.092762000000 0.526680000000 0.000000000000 0.000000000000 0.000000000000 0.000165190000 0.000000000000 0.000172440000 0.000479220000 0.061908000000 0.000000000072 0.001596800000 0.003297400000 0.119040000000 0.012176000000 0.204720000000 0.302700000000 0.751610000000 0.000085646000 0.019640000000 0.036396000000 0.318330000000 0.093869000000 0.446770000000 0.506620000000 0.873210000000 0.192860000000 0.567050000000 0.564070000000 0.904540000000 0.523440000000 0.887300000000 0.809690000000 0.991590000000 

0.000000000000 0.000000000000 0.000000000000 0.000000000000 0.000000000000 0.000000000000 0.000000000000 0.000000000000 0.000000000000 0.000000000000 0.000000000000 0.000000000000 0.000000000000 0.000000000000 0.000000000000 0.000000000000 0.000000000000 0.000000000000 0.000000000000 0.000000000000 0.000000000000 0.000000000000 0.000000000000 0.000000000000 0.000000000000 0.000000000000 0.000000000000 0.000000000000 0.000000000000 0.000000000000 0.000000000000 0.000335880000 0.000000000000 0.000000000000 0.000000000000 0.000000000000 0.000000000000 0.000000000000 0.000000000000 0.000000000001 0.000000000000 0.000000000000 0.000000000000 0.000000000000 0.000000000000 0.000000000001 0.000000000636 0.001157300000 0.000000000000 0.000000000000 0.000000000000 0.000000000011 0.000000000000 0.000000000070 0.000000003259 0.004545300000 0.000000000000 0.000000001580 0.000001922400 0.007147100000 0.000000095236 0.012543000000 0.030722000000 0.489610000000 0.000000000000 0.000000000000 0.000000000000 0.000000000000 0.000000000000 0.000000000000 0.000000000000 0.000000000041 0.000000000000 0.000000000000 0.000000000000 0.000000001346 0.000000000000 0.000000051467 0.000000041804 0.008505100000 0.000000000000 0.000000000000 0.000000000000 0.000000063172 0.000000000000 0.000000127750 0.000000121080 0.019967000000 0.000000000000 0.000006384400 0.000247980000 0.048557000000 0.000694310000 0.098208000000 0.179820000000 0.767770000000 0.000000000000 0.000000000000 0.000000000000 0.000391830000 0.000000000000 0.000171310000 0.001336400000 0.120490000000 0.000000000015 0.002929600000 0.005770200000 0.231240000000 0.027486000000 0.382660000000 0.546650000000 0.935240000000 0.000097985000 0.044578000000 0.081365000000 0.569930000000 0.215110000000 0.750450000000 0.859400000000 0.979910000000 0.487070000000 0.914780000000 0.945780000000 0.983760000000 0.968320000000 0.984160000000 0.983700000000 0.984390000000 

N_obs: 4000

File Format:
1- most to least reliable channels (taken entropies)
2- most to least reliable channels (taken error probabilities)
3- channels entropies (flipped)
4- channels error probabilities (flipped)
5- number of MontCarlo simulations
