127 126 125 123 119 111 122 124 121 118 95 117 115 110 109 107 120 116 94 103 63 114 93 113 108 91 106 105 87 62 102 61 79 92 31 101 59 47 55 90 15 99 112 89 23 71 39 27 7 86 83 75 29 43 85 51 77 45 30 104 78 53 57 60 46 58 54 11 19 13 67 35 3 14 100 97 21 25 69 98 37 22 81 73 41 70 38 49 26 88 82 74 6 28 42 5 84 9 17 65 33 50 76 44 1 52 56 12 10 18 66 34 2 96 24 20 68 36 72 80 40 48 4 8 16 64 32 0 

127 126 125 123 119 111 122 124 121 118 95 115 117 109 110 107 120 116 94 103 114 93 63 113 108 91 106 105 102 87 92 62 101 112 61 90 79 99 89 104 59 86 55 85 100 60 83 47 78 98 31 88 97 77 58 75 57 71 84 54 23 53 35 46 43 19 14 27 22 30 45 37 13 1 42 81 10 9 41 65 69 82 38 67 28 40 96 48 73 26 24 20 74 36 50 64 8 32 4 0 44 52 68 25 80 16 70 51 56 6 17 21 33 2 72 18 3 12 5 66 39 34 49 76 7 11 29 15 

0.000000000000 0.000000000000 0.000000000000 0.000000039793 0.000000000000 0.000000005748 0.000000041494 0.003177600000 0.000000000000 0.000000060938 0.000057663000 0.007399400000 0.000062911000 0.015458000000 0.032329000000 0.335980000000 0.000000000000 0.000161830000 0.000220490000 0.034602000000 0.001202200000 0.068200000000 0.119380000000 0.529500000000 0.009913000000 0.176460000000 0.254020000000 0.681600000000 0.331130000000 0.732600000000 0.700360000000 0.961830000000 0.000007237300 0.008720900000 0.016834000000 0.212120000000 0.049620000000 0.321000000000 0.384260000000 0.789910000000 0.128300000000 0.453330000000 0.467700000000 0.842940000000 0.454870000000 0.827230000000 0.760920000000 0.980190000000 0.210550000000 0.531500000000 0.498850000000 0.859750000000 0.455410000000 0.828340000000 0.761670000000 0.979940000000 0.401280000000 0.772440000000 0.729980000000 0.975730000000 0.622480000000 0.946300000000 0.851150000000 0.998480000000 0.014868000000 0.151300000000 0.200660000000 0.560610000000 0.254190000000 0.585610000000 0.553920000000 0.901150000000 0.267590000000 0.590030000000 0.537620000000 0.886690000000 0.486830000000 0.852990000000 0.778690000000 0.984760000000 0.258370000000 0.570040000000 0.508730000000 0.866560000000 0.463980000000 0.833530000000 0.764000000000 0.981280000000 0.402450000000 0.776560000000 0.736970000000 0.977610000000 0.624800000000 0.947410000000 0.851660000000 0.998510000000 0.229320000000 0.519530000000 0.458310000000 0.833030000000 0.417730000000 0.788900000000 0.718570000000 0.967610000000 0.390140000000 0.759420000000 0.711400000000 0.970350000000 0.614370000000 0.943960000000 0.849180000000 0.998060000000 0.322470000000 0.670610000000 0.620760000000 0.924020000000 0.593100000000 0.935720000000 0.846310000000 0.998030000000 0.451200000000 0.832390000000 0.835450000000 0.997870000000 0.664880000000 0.960170000000 0.868510000000 0.999860000000 

0.000000000000 0.000000000000 0.000000000000 0.000000013703 0.000000000000 0.000000001792 0.000000015247 0.006575200000 0.000000000000 0.000000022895 0.000407150000 0.015175000000 0.000147130000 0.034245000000 0.069845000000 0.565000000000 0.000000000000 0.000654050000 0.000550230000 0.077741000000 0.003425000000 0.149160000000 0.244450000000 0.792770000000 0.025557000000 0.368620000000 0.526260000000 0.924610000000 0.713440000000 0.965040000000 0.972620000000 0.984220000000 0.000004152200 0.022716000000 0.044582000000 0.448630000000 0.131230000000 0.636420000000 0.770150000000 0.971720000000 0.372190000000 0.852230000000 0.914460000000 0.982110000000 0.950420000000 0.984070000000 0.983910000000 0.984420000000 0.683850000000 0.955210000000 0.973420000000 0.984870000000 0.978780000000 0.984340000000 0.984240000000 0.984560000000 0.980480000000 0.984430000000 0.984060000000 0.984390000000 0.984190000000 0.984700000000 0.984030000000 0.984360000000 0.060562000000 0.467960000000 0.631680000000 0.946450000000 0.813110000000 0.973610000000 0.979510000000 0.984440000000 0.911710000000 0.982190000000 0.983010000000 0.984380000000 0.984430000000 0.984350000000 0.984840000000 0.984230000000 0.954420000000 0.983140000000 0.983620000000 0.984380000000 0.983330000000 0.983890000000 0.984030000000 0.984210000000 0.984760000000 0.984070000000 0.983630000000 0.984340000000 0.983120000000 0.984780000000 0.984480000000 0.984360000000 0.968250000000 0.983610000000 0.986550000000 0.984210000000 0.983470000000 0.984290000000 0.984390000000 0.984310000000 0.983000000000 0.983530000000 0.984480000000 0.984310000000 0.983400000000 0.984560000000 0.984450000000 0.984430000000 0.986780000000 0.983430000000 0.983700000000 0.984650000000 0.985720000000 0.984000000000 0.984020000000 0.984360000000 0.985440000000 0.984440000000 0.984680000000 0.984370000000 0.984630000000 0.984540000000 0.983840000000 0.984370000000 

N_obs: 4000

File Format:
1- most to least reliable channels (taken entropies)
2- most to least reliable channels (taken error probabilities)
3- channels entropies (flipped)
4- channels error probabilities (flipped)
5- number of MontCarlo simulations
