127 126 63 125 95 111 123 31 119 47 79 55 15 59 103 61 87 91 107 23 39 71 62 27 7 115 93 109 29 117 94 121 110 51 30 118 124 122 43 99 45 75 53 77 83 13 11 19 46 67 35 57 3 78 54 14 101 58 89 85 105 25 102 113 86 60 90 106 49 26 22 21 70 114 38 37 92 6 69 97 108 41 81 73 5 28 9 17 33 65 116 1 120 50 44 76 12 52 42 98 74 56 82 10 18 34 2 66 100 88 104 84 24 112 48 20 96 40 36 68 80 72 4 16 64 32 8 0 

127 126 125 123 119 124 111 95 122 63 121 109 11 103 59 19 43 69 49 91 105 29 117 81 25 33 38 93 71 107 41 7 108 85 47 44 110 22 94 97 61 60 6 21 118 2 116 52 70 9 3 92 5 10 75 24 74 115 48 66 65 18 36 88 80 40 68 76 8 96 0 4 104 16 64 32 56 72 78 20 100 84 17 54 45 120 114 26 98 30 1 15 83 58 14 12 57 112 106 90 73 34 35 113 50 101 53 55 82 87 42 67 39 102 46 28 27 51 23 99 77 86 37 62 89 13 31 79 

0.025367000000 0.181420000000 0.223530000000 0.567260000000 0.248550000000 0.573890000000 0.533730000000 0.890510000000 0.254120000000 0.565700000000 0.510690000000 0.870820000000 0.462000000000 0.834440000000 0.768600000000 0.981890000000 0.242650000000 0.540070000000 0.480900000000 0.848870000000 0.439740000000 0.808180000000 0.742290000000 0.974480000000 0.386650000000 0.755160000000 0.702940000000 0.966430000000 0.603980000000 0.938880000000 0.846060000000 0.997870000000 0.238600000000 0.529350000000 0.464900000000 0.840120000000 0.426620000000 0.796190000000 0.723930000000 0.969440000000 0.402220000000 0.772370000000 0.733640000000 0.977840000000 0.629520000000 0.949800000000 0.853750000000 0.998760000000 0.331560000000 0.678250000000 0.624290000000 0.926140000000 0.615270000000 0.946250000000 0.853940000000 0.998840000000 0.450400000000 0.833300000000 0.843860000000 0.998710000000 0.666670000000 0.960020000000 0.869870000000 0.999860000000 0.195790000000 0.453420000000 0.395200000000 0.774830000000 0.355190000000 0.719390000000 0.666850000000 0.949780000000 0.335810000000 0.681440000000 0.619600000000 0.930400000000 0.543150000000 0.899030000000 0.821210000000 0.994950000000 0.320410000000 0.663760000000 0.612560000000 0.921940000000 0.602600000000 0.937870000000 0.849260000000 0.998280000000 0.450190000000 0.836020000000 0.839590000000 0.998290000000 0.666740000000 0.959530000000 0.869220000000 0.999860000000 0.253810000000 0.560070000000 0.498620000000 0.863940000000 0.454770000000 0.823430000000 0.745910000000 0.979110000000 0.442020000000 0.826850000000 0.832070000000 0.997670000000 0.662830000000 0.959390000000 0.868510000000 0.999860000000 0.339940000000 0.689870000000 0.638760000000 0.927960000000 0.649450000000 0.957950000000 0.868110000000 0.999870000000 0.458740000000 0.840410000000 0.860030000000 0.999830000000 0.672280000000 0.959670000000 0.872840000000 0.999960000000 

0.113810000000 0.597200000000 0.752740000000 0.966370000000 0.878370000000 0.979790000000 0.982140000000 0.984430000000 0.945550000000 0.984160000000 0.983810000000 0.984190000000 0.984300000000 0.984430000000 0.984590000000 0.984520000000 0.970240000000 0.984070000000 0.982460000000 0.984020000000 0.983970000000 0.984550000000 0.983760000000 0.984380000000 0.983330000000 0.984720000000 0.984630000000 0.984400000000 0.985050000000 0.984450000000 0.984090000000 0.984370000000 0.975980000000 0.984080000000 0.983940000000 0.984230000000 0.983740000000 0.984550000000 0.985240000000 0.984350000000 0.984700000000 0.985170000000 0.984050000000 0.984410000000 0.984460000000 0.984690000000 0.983840000000 0.984360000000 0.985920000000 0.984400000000 0.985150000000 0.984370000000 0.984280000000 0.984290000000 0.984550000000 0.984400000000 0.983960000000 0.984210000000 0.983690000000 0.984370000000 0.984710000000 0.984310000000 0.984330000000 0.984380000000 0.981950000000 0.985220000000 0.984110000000 0.984130000000 0.983340000000 0.984480000000 0.984510000000 0.984390000000 0.984660000000 0.984430000000 0.984660000000 0.984210000000 0.984960000000 0.984590000000 0.983700000000 0.984310000000 0.984050000000 0.984830000000 0.984430000000 0.984060000000 0.983670000000 0.984700000000 0.984000000000 0.984360000000 0.984720000000 0.983930000000 0.985200000000 0.984340000000 0.984590000000 0.984570000000 0.983920000000 0.984380000000 0.985770000000 0.984450000000 0.983780000000 0.984860000000 0.984890000000 0.984450000000 0.983910000000 0.984290000000 0.985030000000 0.984080000000 0.984150000000 0.984400000000 0.983610000000 0.984340000000 0.984410000000 0.984380000000 0.984460000000 0.984490000000 0.985390000000 0.984490000000 0.982910000000 0.984250000000 0.984220000000 0.984370000000 0.984000000000 0.984140000000 0.984230000000 0.984370000000 0.984220000000 0.984180000000 0.984450000000 0.984370000000 

N_obs: 4000

File Format:
1- most to least reliable channels (taken entropies)
2- most to least reliable channels (taken error probabilities)
3- channels entropies (flipped)
4- channels error probabilities (flipped)
5- number of MontCarlo simulations
