127 126 125 124 123 122 121 120 119 118 117 116 115 114 111 110 109 107 103 95 94 93 91 87 79 63 62 61 59 108 55 106 113 101 92 105 102 90 89 99 86 85 83 77 75 78 47 112 60 58 57 104 71 100 98 54 88 97 53 84 82 51 31 81 46 76 45 74 73 56 43 70 52 96 30 50 69 39 29 80 44 49 67 27 42 72 23 15 41 38 68 28 37 7 35 48 11 26 19 66 25 21 13 22 14 65 3 40 5 33 9 17 6 34 36 10 18 1 20 24 12 64 2 4 32 8 16 0 

127 126 125 124 123 122 121 120 119 118 117 116 115 114 111 110 109 107 103 95 94 93 91 87 79 63 62 61 59 108 55 106 113 101 92 105 102 90 89 99 86 85 83 77 75 78 47 60 112 58 57 98 100 54 104 71 88 53 97 84 82 51 31 81 76 46 45 74 73 56 43 70 52 96 69 50 30 39 80 29 49 44 67 42 72 27 41 68 38 23 28 48 37 66 15 26 35 65 40 25 22 21 36 19 14 34 64 13 11 1 18 33 24 17 5 7 2 32 9 0 16 10 8 4 20 3 6 12 

0.000000000000 0.000000000000 0.000000000000 0.000000000000 0.000000000000 0.000000000000 0.000000000000 0.000000000000 0.000000000000 0.000000000000 0.000000000000 0.000000000000 0.000000000000 0.000000000000 0.000000000000 0.000008124100 0.000000000000 0.000000000000 0.000000000000 0.000000000000 0.000000000000 0.000000000000 0.000000000000 0.000071271000 0.000000000000 0.000000000000 0.000000000000 0.000113860000 0.000000000002 0.000119850000 0.000298080000 0.072871000000 0.000000000000 0.000000000000 0.000000000000 0.000000000000 0.000000000000 0.000000000000 0.000000000001 0.000275190000 0.000000000000 0.000000000007 0.000000000008 0.000573410000 0.000000000010 0.001125200000 0.002809300000 0.151080000000 0.000000000000 0.000000049225 0.000000006070 0.004372900000 0.000000024140 0.008342400000 0.020288000000 0.300560000000 0.000111290000 0.044831000000 0.094318000000 0.486030000000 0.220450000000 0.628760000000 0.696740000000 0.937200000000 0.000000000000 0.000000000000 0.000000000000 0.000008501200 0.000000000000 0.000012906000 0.000027297000 0.022601000000 0.000000000000 0.000179340000 0.000394620000 0.049196000000 0.001682000000 0.093675000000 0.178750000000 0.602020000000 0.000000452140 0.004218700000 0.008013000000 0.166450000000 0.027637000000 0.269420000000 0.394780000000 0.772120000000 0.115810000000 0.461750000000 0.541820000000 0.845790000000 0.569010000000 0.845750000000 0.824380000000 0.981700000000 0.002096900000 0.083525000000 0.150640000000 0.515130000000 0.262130000000 0.613400000000 0.643770000000 0.909400000000 0.348060000000 0.674550000000 0.653230000000 0.908430000000 0.626630000000 0.878620000000 0.845110000000 0.987740000000 0.389630000000 0.692160000000 0.656750000000 0.909790000000 0.603980000000 0.863970000000 0.829990000000 0.983610000000 0.568020000000 0.845640000000 0.782370000000 0.974660000000 0.766820000000 0.939320000000 0.897980000000 0.998980000000 

0.000000000000 0.000000000000 0.000000000000 0.000000000000 0.000000000000 0.000000000000 0.000000000000 0.000000000000 0.000000000000 0.000000000000 0.000000000000 0.000000000000 0.000000000000 0.000000000000 0.000000000000 0.000007048300 0.000000000000 0.000000000000 0.000000000000 0.000000000000 0.000000000000 0.000000000000 0.000000000000 0.000261170000 0.000000000000 0.000000000000 0.000000000000 0.000189100000 0.000000000001 0.000152280000 0.001084600000 0.150010000000 0.000000000000 0.000000000000 0.000000000000 0.000000000000 0.000000000000 0.000000000000 0.000000000000 0.000526820000 0.000000000000 0.000000000002 0.000000000002 0.001334400000 0.000000000003 0.002456600000 0.005783900000 0.292310000000 0.000000000000 0.000000023964 0.000000002500 0.010255000000 0.000000009933 0.017716000000 0.040518000000 0.532750000000 0.000352660000 0.094143000000 0.179510000000 0.771560000000 0.420640000000 0.911490000000 0.965580000000 0.995740000000 0.000000000000 0.000000000000 0.000000000000 0.000006750300 0.000000000000 0.000010198000 0.000023455000 0.050890000000 0.000000000000 0.000253480000 0.000761620000 0.106580000000 0.003726700000 0.200720000000 0.338630000000 0.882880000000 0.000000262160 0.011864000000 0.016542000000 0.341700000000 0.061576000000 0.524160000000 0.692860000000 0.974620000000 0.255390000000 0.809470000000 0.904490000000 0.993560000000 0.952980000000 0.995370000000 0.995900000000 0.996080000000 0.005327700000 0.205280000000 0.331780000000 0.860910000000 0.580680000000 0.947500000000 0.977380000000 0.995900000000 0.820240000000 0.987660000000 0.992920000000 0.996180000000 0.994290000000 0.995850000000 0.995950000000 0.996100000000 0.945840000000 0.995330000000 0.995790000000 0.996310000000 0.995820000000 0.996120000000 0.996090000000 0.996130000000 0.996030000000 0.996210000000 0.995970000000 0.996130000000 0.996190000000 0.996040000000 0.995820000000 0.996090000000 

N_obs: 4000

File Format:
1- most to least reliable channels (taken entropies)
2- most to least reliable channels (taken error probabilities)
3- channels entropies (flipped)
4- channels error probabilities (flipped)
5- number of MontCarlo simulations
