127 126 125 124 123 122 121 119 118 117 115 111 110 109 107 103 95 94 93 91 87 63 116 108 79 114 113 120 105 106 62 102 101 61 99 92 59 86 90 89 85 55 83 112 78 104 77 60 100 58 98 47 75 88 57 97 84 54 82 53 71 81 76 31 51 46 74 56 45 96 73 43 52 70 39 30 15 23 29 27 69 50 80 67 7 49 11 44 19 35 13 37 42 21 41 14 38 72 25 22 26 3 5 28 65 68 66 9 6 17 33 10 48 18 34 1 12 36 20 40 2 24 64 4 8 16 32 0 

127 126 125 124 123 122 121 119 118 117 115 111 110 109 107 103 95 94 93 91 87 63 116 108 79 114 113 120 105 106 62 102 101 61 99 92 59 86 90 89 85 55 83 112 78 104 77 100 60 98 58 75 47 88 97 57 84 54 82 53 71 81 76 51 31 46 74 56 45 96 73 52 70 43 80 69 30 50 39 49 29 67 44 72 27 42 41 23 68 15 38 28 48 66 35 37 65 19 22 21 7 26 25 1 6 18 24 9 40 20 8 33 16 32 0 17 4 2 36 64 12 10 5 34 14 13 3 11 

0.000000000000 0.000000000000 0.000000000000 0.000000000000 0.000000000000 0.000000000000 0.000000000000 0.000000000193 0.000000000000 0.000000000000 0.000000000000 0.000000000000 0.000000000000 0.000000000025 0.000000000084 0.000822430000 0.000000000000 0.000000000000 0.000000000000 0.000000000002 0.000000000000 0.000000000518 0.000000000466 0.001662600000 0.000000000000 0.000000003453 0.000000017023 0.003964800000 0.000000143300 0.008354700000 0.019576000000 0.316990000000 0.000000000000 0.000000000000 0.000000000000 0.000000772120 0.000000000000 0.000043481000 0.000087971000 0.013221000000 0.000000000000 0.000025896000 0.000132890000 0.025925000000 0.000319670000 0.053819000000 0.110740000000 0.537350000000 0.000000000009 0.001223000000 0.002249100000 0.111280000000 0.010453000000 0.198620000000 0.325680000000 0.735630000000 0.072614000000 0.401920000000 0.510890000000 0.834970000000 0.563070000000 0.842190000000 0.824040000000 0.981860000000 0.000000000000 0.000000002321 0.000000020359 0.003688000000 0.000003053700 0.008328700000 0.017971000000 0.248860000000 0.000243960000 0.033217000000 0.066799000000 0.398810000000 0.154940000000 0.528520000000 0.610720000000 0.895030000000 0.009872300000 0.161080000000 0.260200000000 0.637940000000 0.360730000000 0.698820000000 0.703420000000 0.936100000000 0.416780000000 0.734960000000 0.694260000000 0.930190000000 0.674560000000 0.901910000000 0.865680000000 0.993060000000 0.120060000000 0.425730000000 0.479730000000 0.799120000000 0.480830000000 0.777800000000 0.750210000000 0.956470000000 0.449930000000 0.751450000000 0.702170000000 0.933340000000 0.674010000000 0.901590000000 0.863690000000 0.992590000000 0.433140000000 0.731460000000 0.689160000000 0.927060000000 0.636560000000 0.879520000000 0.847080000000 0.989160000000 0.585760000000 0.860830000000 0.790790000000 0.982640000000 0.780050000000 0.942010000000 0.902260000000 0.999300000000 

0.000000000000 0.000000000000 0.000000000000 0.000000000000 0.000000000000 0.000000000000 0.000000000000 0.000000000064 0.000000000000 0.000000000000 0.000000000000 0.000000000000 0.000000000000 0.000000000007 0.000000000025 0.001625900000 0.000000000000 0.000000000000 0.000000000000 0.000000000000 0.000000000000 0.000000000177 0.000000000145 0.004165400000 0.000000000000 0.000000001273 0.000000007493 0.008713900000 0.000000071490 0.017466000000 0.036469000000 0.552770000000 0.000000000000 0.000000000000 0.000000000000 0.000000516750 0.000000000000 0.000080166000 0.000175910000 0.027931000000 0.000000000000 0.000024341000 0.000222330000 0.054876000000 0.000471430000 0.109930000000 0.201560000000 0.815970000000 0.000000000002 0.002722000000 0.005364500000 0.228560000000 0.021174000000 0.389510000000 0.559410000000 0.954090000000 0.150680000000 0.715460000000 0.847510000000 0.990880000000 0.936790000000 0.995160000000 0.995400000000 0.996120000000 0.000000000000 0.000000000877 0.000000009195 0.009406300000 0.000002657000 0.020280000000 0.037097000000 0.482730000000 0.000433670000 0.078406000000 0.141020000000 0.702130000000 0.324300000000 0.858670000000 0.930550000000 0.995050000000 0.024802000000 0.370250000000 0.536490000000 0.942200000000 0.752620000000 0.980220000000 0.989690000000 0.996080000000 0.903620000000 0.994260000000 0.995330000000 0.996110000000 0.995240000000 0.996190000000 0.996090000000 0.996090000000 0.338380000000 0.854950000000 0.934090000000 0.994920000000 0.973730000000 0.995870000000 0.995870000000 0.996030000000 0.989720000000 0.995730000000 0.995830000000 0.996080000000 0.995520000000 0.996030000000 0.996110000000 0.996090000000 0.991730000000 0.996210000000 0.996440000000 0.996160000000 0.996550000000 0.996180000000 0.996070000000 0.996080000000 0.995870000000 0.996010000000 0.996190000000 0.996110000000 0.996550000000 0.996110000000 0.995990000000 0.996100000000 

N_obs: 4000

File Format:
1- most to least reliable channels (taken entropies)
2- most to least reliable channels (taken error probabilities)
3- channels entropies (flipped)
4- channels error probabilities (flipped)
5- number of MontCarlo simulations
