127 126 125 123 119 111 122 121 95 117 118 115 124 109 110 107 120 103 94 116 93 63 114 113 108 91 106 105 87 102 62 92 61 101 79 90 59 112 31 99 47 55 89 15 86 104 23 71 85 39 83 27 75 7 29 43 60 77 51 78 45 30 57 53 58 100 46 54 11 19 13 67 35 97 98 3 14 88 21 69 25 37 81 73 22 41 70 49 38 26 84 82 74 42 6 28 5 76 50 9 17 65 33 44 1 52 56 12 10 18 66 96 34 2 24 20 68 80 36 72 40 48 4 8 16 64 32 0 

127 126 125 123 119 111 122 121 95 117 118 115 124 109 107 110 120 103 116 94 93 114 63 108 113 91 106 105 87 102 92 62 101 112 90 61 79 99 89 104 59 86 85 100 55 60 83 78 98 47 88 77 58 97 31 75 57 71 84 54 53 51 82 46 81 11 35 15 69 23 43 76 49 67 21 5 74 70 26 34 52 38 65 73 12 39 28 56 41 6 96 72 44 18 2 36 8 20 50 16 32 0 4 17 64 68 80 22 30 45 40 24 66 48 29 1 13 14 42 10 25 37 19 9 33 3 27 7 

0.000000000000 0.000000000000 0.000000000000 0.000000208600 0.000000000000 0.000000000007 0.000000000068 0.001324500000 0.000000000000 0.000000013912 0.000000013665 0.002261600000 0.000000051622 0.004901700000 0.009988600000 0.216100000000 0.000000000000 0.000067636000 0.000003988700 0.010571000000 0.000072106000 0.025610000000 0.046617000000 0.379510000000 0.001498100000 0.080661000000 0.138960000000 0.553630000000 0.238890000000 0.653540000000 0.651260000000 0.942990000000 0.000000005847 0.001671400000 0.003247100000 0.106060000000 0.013192000000 0.189300000000 0.266830000000 0.695840000000 0.061087000000 0.336920000000 0.396040000000 0.789760000000 0.415960000000 0.794450000000 0.735410000000 0.972960000000 0.152160000000 0.470420000000 0.465020000000 0.834680000000 0.437600000000 0.809570000000 0.744890000000 0.976100000000 0.387250000000 0.759490000000 0.716550000000 0.970990000000 0.611870000000 0.942410000000 0.848280000000 0.998070000000 0.003883500000 0.085499000000 0.137100000000 0.464890000000 0.201870000000 0.539790000000 0.517830000000 0.879690000000 0.249770000000 0.566200000000 0.518150000000 0.874010000000 0.468130000000 0.841270000000 0.772260000000 0.982900000000 0.247990000000 0.559260000000 0.499590000000 0.860130000000 0.453100000000 0.822940000000 0.757930000000 0.978880000000 0.399330000000 0.772740000000 0.725710000000 0.974140000000 0.612450000000 0.944910000000 0.849640000000 0.998280000000 0.230990000000 0.516420000000 0.450890000000 0.829300000000 0.416690000000 0.784200000000 0.716620000000 0.966870000000 0.382420000000 0.748360000000 0.701970000000 0.966900000000 0.607280000000 0.940640000000 0.846540000000 0.997830000000 0.321530000000 0.665860000000 0.609960000000 0.921650000000 0.591290000000 0.932560000000 0.844010000000 0.997620000000 0.444540000000 0.829110000000 0.832160000000 0.997490000000 0.662100000000 0.959260000000 0.868190000000 0.999800000000 

0.000000000000 0.000000000000 0.000000000000 0.000000098106 0.000000000000 0.000000000001 0.000000000015 0.002551300000 0.000000000000 0.000000004823 0.000000004525 0.005073400000 0.000000017670 0.010900000000 0.023582000000 0.395400000000 0.000000000000 0.000235500000 0.000002165500 0.022879000000 0.000075946000 0.053720000000 0.098726000000 0.626430000000 0.003142500000 0.173930000000 0.290950000000 0.828070000000 0.517310000000 0.925310000000 0.955110000000 0.984200000000 0.000000001796 0.005330200000 0.009117000000 0.238210000000 0.033247000000 0.403060000000 0.563100000000 0.933010000000 0.171330000000 0.690280000000 0.811420000000 0.975150000000 0.893710000000 0.981910000000 0.982790000000 0.984410000000 0.486490000000 0.905310000000 0.945950000000 0.983730000000 0.965420000000 0.983850000000 0.984130000000 0.984210000000 0.972750000000 0.983930000000 0.983410000000 0.984410000000 0.983760000000 0.984490000000 0.984130000000 0.984390000000 0.016360000000 0.276570000000 0.424440000000 0.884210000000 0.641140000000 0.950250000000 0.966360000000 0.984180000000 0.842320000000 0.975720000000 0.979850000000 0.984040000000 0.980750000000 0.984350000000 0.983750000000 0.984570000000 0.929030000000 0.982780000000 0.984430000000 0.984260000000 0.983620000000 0.984750000000 0.984190000000 0.984470000000 0.984160000000 0.984070000000 0.985000000000 0.984330000000 0.983280000000 0.983990000000 0.985070000000 0.984360000000 0.957580000000 0.984430000000 0.984630000000 0.984170000000 0.985240000000 0.983990000000 0.984810000000 0.984470000000 0.983440000000 0.984430000000 0.983800000000 0.984340000000 0.985020000000 0.984290000000 0.984380000000 0.984360000000 0.983310000000 0.984730000000 0.984680000000 0.984140000000 0.983100000000 0.984760000000 0.985050000000 0.984340000000 0.985250000000 0.984190000000 0.983830000000 0.984380000000 0.985200000000 0.984330000000 0.984630000000 0.984380000000 

N_obs: 4000

File Format:
1- most to least reliable channels (taken entropies)
2- most to least reliable channels (taken error probabilities)
3- channels entropies (flipped)
4- channels error probabilities (flipped)
5- number of MontCarlo simulations
