127 126 125 124 123 122 121 120 119 118 117 116 115 114 113 111 110 109 108 107 106 105 103 102 101 99 95 94 93 92 91 90 89 87 86 85 83 79 78 77 75 71 63 62 61 60 59 58 57 55 54 53 51 47 46 45 43 39 31 30 27 104 97 98 88 29 81 100 76 84 74 112 82 73 23 70 56 69 52 44 67 49 42 41 38 15 50 35 26 28 37 22 96 25 80 72 21 68 66 19 48 40 65 14 36 13 34 24 33 11 20 18 64 7 17 12 10 32 9 6 5 3 16 8 1 2 4 0 

127 126 125 124 123 122 121 120 119 118 117 116 115 114 113 111 110 109 108 107 106 105 103 102 101 99 95 94 93 92 91 90 89 87 86 85 83 79 78 77 75 71 63 62 61 60 59 58 57 55 54 53 51 47 46 45 43 39 31 30 27 104 97 98 88 29 81 100 76 74 112 84 82 73 23 70 56 69 44 52 67 49 42 41 38 15 50 35 26 37 28 96 25 22 21 72 80 68 66 19 48 40 65 14 36 13 34 24 33 11 20 18 64 17 7 12 10 32 9 6 16 5 3 8 4 2 0 1 

0.000000000000 0.000000000000 0.000000000000 0.000000000000 0.000000000000 0.000000000000 0.000000000000 0.000000000000 0.000000000000 0.000000000000 0.000000000000 0.000000000000 0.000000000000 0.000000000000 0.000000000000 0.000000000000 0.000000000000 0.000000000000 0.000000000000 0.000000000000 0.000000000000 0.000000000000 0.000000000000 0.000000000000 0.000000000000 0.000000000000 0.000000000000 0.000000000000 0.000000000000 0.000000000000 0.000000000000 0.000098354000 0.000000000000 0.000000000000 0.000000000000 0.000000000000 0.000000000000 0.000000000000 0.000000000000 0.000000000000 0.000000000000 0.000000000000 0.000000000000 0.000000000000 0.000000000000 0.000000000000 0.000000000000 0.000279070000 0.000000000000 0.000000000000 0.000000000000 0.000000000000 0.000000000000 0.000000000000 0.000000000000 0.000334070000 0.000000000000 0.000000000001 0.000000000015 0.000604450000 0.000000000087 0.001487300000 0.003305000000 0.182840000000 0.000000000000 0.000000000000 0.000000000000 0.000000000000 0.000000000000 0.000000000000 0.000000000000 0.000000000005 0.000000000000 0.000000000000 0.000000000000 0.000000000043 0.000000000000 0.000002939600 0.000000008162 0.001838600000 0.000000000000 0.000000000000 0.000000000000 0.000000000044 0.000000000000 0.000000027672 0.000000116780 0.002776500000 0.000000000000 0.000000135680 0.000040113000 0.007811300000 0.000004501900 0.017625000000 0.041959000000 0.394470000000 0.000000000000 0.000000000000 0.000000000000 0.000034955000 0.000000000000 0.000027040000 0.000148390000 0.028782000000 0.000000000000 0.000091607000 0.000437340000 0.059378000000 0.001809400000 0.119720000000 0.221870000000 0.661280000000 0.000000245060 0.007451600000 0.014220000000 0.235530000000 0.056710000000 0.372640000000 0.497890000000 0.837580000000 0.196530000000 0.568050000000 0.614470000000 0.890860000000 0.627030000000 0.878440000000 0.849460000000 0.989280000000 

0.000000000000 0.000000000000 0.000000000000 0.000000000000 0.000000000000 0.000000000000 0.000000000000 0.000000000000 0.000000000000 0.000000000000 0.000000000000 0.000000000000 0.000000000000 0.000000000000 0.000000000000 0.000000000000 0.000000000000 0.000000000000 0.000000000000 0.000000000000 0.000000000000 0.000000000000 0.000000000000 0.000000000000 0.000000000000 0.000000000000 0.000000000000 0.000000000000 0.000000000000 0.000000000000 0.000000000000 0.000192730000 0.000000000000 0.000000000000 0.000000000000 0.000000000000 0.000000000000 0.000000000000 0.000000000000 0.000000000000 0.000000000000 0.000000000000 0.000000000000 0.000000000000 0.000000000000 0.000000000000 0.000000000000 0.001003600000 0.000000000000 0.000000000000 0.000000000000 0.000000000000 0.000000000000 0.000000000000 0.000000000000 0.000831840000 0.000000000000 0.000000000000 0.000000000004 0.001329500000 0.000000000025 0.003143900000 0.008482000000 0.378140000000 0.000000000000 0.000000000000 0.000000000000 0.000000000000 0.000000000000 0.000000000000 0.000000000000 0.000000000001 0.000000000000 0.000000000000 0.000000000000 0.000000000013 0.000000000000 0.000002607200 0.000000003610 0.004407300000 0.000000000000 0.000000000000 0.000000000000 0.000000000012 0.000000000000 0.000000013801 0.000000063418 0.007497900000 0.000000000000 0.000000066970 0.000087975000 0.019174000000 0.000002865000 0.040839000000 0.084856000000 0.683190000000 0.000000000000 0.000000000000 0.000000000000 0.000110310000 0.000000000000 0.000040568000 0.000202660000 0.066153000000 0.000000000000 0.000213790000 0.000753480000 0.125550000000 0.003175500000 0.244110000000 0.405370000000 0.922560000000 0.000000113500 0.017012000000 0.032121000000 0.460790000000 0.120030000000 0.672470000000 0.817760000000 0.989390000000 0.419470000000 0.907620000000 0.963760000000 0.995600000000 0.983740000000 0.996040000000 0.996230000000 0.996110000000 

N_obs: 4000

File Format:
1- most to least reliable channels (taken entropies)
2- most to least reliable channels (taken error probabilities)
3- channels entropies (flipped)
4- channels error probabilities (flipped)
5- number of MontCarlo simulations
