127 123 126 125 119 124 122 111 121 118 117 95 115 110 120 109 63 107 116 31 94 103 47 79 55 87 93 114 15 91 59 61 23 62 39 113 71 108 27 43 7 75 29 45 30 106 51 83 99 11 77 105 101 53 85 46 102 78 13 89 54 86 57 19 21 35 90 67 58 37 92 14 69 5 3 22 25 60 41 73 38 26 70 49 42 81 97 74 112 6 9 17 28 33 50 82 65 98 10 1 44 76 100 52 104 84 18 34 66 2 12 88 56 20 36 24 68 40 72 48 80 96 4 8 16 32 64 0 

127 123 126 125 119 124 122 111 121 118 117 115 110 95 120 109 116 107 114 94 103 63 108 113 93 106 91 105 87 102 79 62 112 92 101 61 59 99 47 55 77 86 89 35 13 75 37 26 58 54 78 74 90 41 25 81 6 5 18 73 84 33 97 69 43 88 98 9 68 34 56 1 20 80 104 14 42 29 40 46 10 64 2 83 16 44 8 48 70 0 36 52 32 60 67 4 96 72 65 66 50 12 49 24 17 28 82 100 85 53 39 51 27 21 38 76 19 3 22 45 11 71 57 30 23 7 15 31 

0.000000000000 0.000000002811 0.000000082563 0.001645200000 0.000000001624 0.003522500000 0.007602400000 0.189970000000 0.000014829000 0.017669000000 0.034063000000 0.319070000000 0.099135000000 0.457070000000 0.569160000000 0.873860000000 0.003569900000 0.109600000000 0.194320000000 0.582070000000 0.307250000000 0.666150000000 0.688160000000 0.929000000000 0.391690000000 0.718310000000 0.689320000000 0.926070000000 0.670470000000 0.900110000000 0.863580000000 0.992410000000 0.091515000000 0.383580000000 0.448680000000 0.779120000000 0.464200000000 0.765100000000 0.740650000000 0.952600000000 0.439700000000 0.742110000000 0.693910000000 0.929150000000 0.669210000000 0.897990000000 0.859940000000 0.991700000000 0.416240000000 0.719350000000 0.680250000000 0.921580000000 0.618880000000 0.872380000000 0.838650000000 0.986320000000 0.574710000000 0.853050000000 0.784830000000 0.977980000000 0.772000000000 0.940340000000 0.899280000000 0.999100000000 0.260160000000 0.539840000000 0.504930000000 0.820170000000 0.474620000000 0.774890000000 0.744000000000 0.954310000000 0.434800000000 0.741020000000 0.692140000000 0.928940000000 0.666670000000 0.896520000000 0.858800000000 0.991020000000 0.398280000000 0.700830000000 0.654730000000 0.910650000000 0.598350000000 0.859790000000 0.824050000000 0.981810000000 0.561190000000 0.841860000000 0.777710000000 0.971900000000 0.762350000000 0.937980000000 0.895990000000 0.998720000000 0.373250000000 0.657560000000 0.631850000000 0.894130000000 0.583800000000 0.851520000000 0.817880000000 0.977440000000 0.523790000000 0.811390000000 0.748400000000 0.955670000000 0.746610000000 0.933320000000 0.891760000000 0.998280000000 0.463620000000 0.782140000000 0.737320000000 0.946910000000 0.675990000000 0.902290000000 0.888930000000 0.998040000000 0.616180000000 0.877100000000 0.790750000000 0.993390000000 0.798030000000 0.943580000000 0.908290000000 0.999740000000 

0.000000000000 0.000000001172 0.000000041065 0.004017600000 0.000000000542 0.008305200000 0.015310000000 0.376120000000 0.000012958000 0.041776000000 0.074490000000 0.577730000000 0.194760000000 0.773030000000 0.891310000000 0.992950000000 0.009451400000 0.243920000000 0.395960000000 0.890000000000 0.633980000000 0.962510000000 0.982260000000 0.996060000000 0.840540000000 0.988930000000 0.994190000000 0.996210000000 0.994630000000 0.996040000000 0.996010000000 0.996100000000 0.256860000000 0.803010000000 0.899350000000 0.993540000000 0.963990000000 0.995920000000 0.995720000000 0.996040000000 0.985260000000 0.995720000000 0.996210000000 0.996010000000 0.996080000000 0.996190000000 0.995950000000 0.996060000000 0.991300000000 0.995860000000 0.995710000000 0.996270000000 0.995800000000 0.995860000000 0.996000000000 0.996120000000 0.996380000000 0.996090000000 0.996020000000 0.996050000000 0.996100000000 0.996130000000 0.996120000000 0.996070000000 0.870540000000 0.991470000000 0.994320000000 0.996100000000 0.994490000000 0.995830000000 0.996400000000 0.996050000000 0.995490000000 0.995830000000 0.996230000000 0.996090000000 0.996240000000 0.996130000000 0.996150000000 0.996090000000 0.995450000000 0.996070000000 0.996300000000 0.996080000000 0.996030000000 0.996070000000 0.995920000000 0.996070000000 0.996230000000 0.996250000000 0.995810000000 0.996090000000 0.995730000000 0.996050000000 0.996010000000 0.996100000000 0.996960000000 0.996420000000 0.996070000000 0.996180000000 0.996250000000 0.995820000000 0.995930000000 0.996160000000 0.996430000000 0.996280000000 0.996250000000 0.996050000000 0.996270000000 0.995970000000 0.996170000000 0.996080000000 0.996800000000 0.996060000000 0.995770000000 0.996150000000 0.996370000000 0.996070000000 0.996050000000 0.996090000000 0.996470000000 0.995960000000 0.995970000000 0.996100000000 0.996270000000 0.996080000000 0.996050000000 0.996090000000 

N_obs: 4000

File Format:
1- most to least reliable channels (taken entropies)
2- most to least reliable channels (taken error probabilities)
3- channels entropies (flipped)
4- channels error probabilities (flipped)
5- number of MontCarlo simulations
