127 126 125 123 119 111 95 124 122 117 118 121 115 109 110 107 103 93 63 94 116 91 120 114 108 113 106 87 105 102 62 92 101 61 90 79 99 89 59 112 86 104 55 85 47 31 60 100 83 78 15 77 58 71 75 23 98 88 57 39 27 43 51 29 7 53 54 97 45 30 46 84 11 67 19 13 35 81 82 3 14 69 21 73 37 25 76 70 41 22 74 49 38 26 56 42 50 28 52 5 6 44 9 65 17 33 96 1 12 10 66 18 34 80 68 20 72 2 24 36 40 48 4 8 64 16 32 0 

127 126 125 123 119 111 95 124 122 117 118 121 115 109 110 107 103 93 63 116 91 94 120 114 108 113 106 87 105 102 92 101 62 90 61 79 99 89 112 59 86 104 85 100 55 60 83 78 98 88 58 77 47 97 57 84 75 31 54 71 82 53 81 51 76 46 96 45 56 74 39 43 73 27 67 7 29 52 3 11 23 13 69 30 35 70 12 14 19 80 22 72 44 37 6 66 41 26 17 38 28 68 40 49 34 20 2 8 0 32 4 1 5 10 64 33 16 48 24 36 42 9 18 21 25 65 50 15 

0.000000000000 0.000000000000 0.000000000000 0.000000000000 0.000000000000 0.000000000000 0.000000000000 0.000104780000 0.000000000000 0.000000000000 0.000000000000 0.000084298000 0.000000000000 0.000149310000 0.000631440000 0.062547000000 0.000000000000 0.000000000008 0.000000000002 0.000390640000 0.000000000241 0.001713200000 0.002991800000 0.127520000000 0.000000054353 0.007185600000 0.015805000000 0.239490000000 0.048705000000 0.369000000000 0.461600000000 0.858140000000 0.000000000000 0.000028194000 0.000000578610 0.012872000000 0.000102820000 0.027118000000 0.053942000000 0.387050000000 0.002302200000 0.087697000000 0.149410000000 0.553240000000 0.239740000000 0.643160000000 0.636230000000 0.937880000000 0.028786000000 0.251890000000 0.318260000000 0.721710000000 0.361610000000 0.739760000000 0.688890000000 0.958350000000 0.360360000000 0.723430000000 0.670280000000 0.955070000000 0.584880000000 0.928360000000 0.838190000000 0.996700000000 0.000004181000 0.010660000000 0.021950000000 0.219590000000 0.060469000000 0.327430000000 0.387940000000 0.783860000000 0.142580000000 0.451550000000 0.449420000000 0.824990000000 0.431800000000 0.804170000000 0.741140000000 0.974640000000 0.208030000000 0.509670000000 0.465070000000 0.836680000000 0.425840000000 0.798760000000 0.733480000000 0.972590000000 0.388230000000 0.750990000000 0.701970000000 0.965950000000 0.603000000000 0.937790000000 0.844030000000 0.997520000000 0.214550000000 0.490270000000 0.440400000000 0.818340000000 0.402190000000 0.770460000000 0.705960000000 0.963480000000 0.365800000000 0.735330000000 0.679170000000 0.958240000000 0.596240000000 0.932830000000 0.840380000000 0.997000000000 0.314090000000 0.659210000000 0.599580000000 0.918250000000 0.574120000000 0.922790000000 0.837390000000 0.996680000000 0.445680000000 0.827460000000 0.824990000000 0.996420000000 0.657650000000 0.959250000000 0.867110000000 0.999760000000 

0.000000000000 0.000000000000 0.000000000000 0.000000000000 0.000000000000 0.000000000000 0.000000000000 0.000372520000 0.000000000000 0.000000000000 0.000000000000 0.000075065000 0.000000000000 0.000386520000 0.001884200000 0.121740000000 0.000000000000 0.000000000002 0.000000000000 0.000517920000 0.000000000057 0.003960900000 0.006540600000 0.241750000000 0.000000017195 0.014476000000 0.031953000000 0.424680000000 0.109110000000 0.628100000000 0.775020000000 0.974120000000 0.000000000000 0.000212520000 0.000000225250 0.030868000000 0.000133700000 0.061854000000 0.120250000000 0.649300000000 0.006323900000 0.200080000000 0.329580000000 0.834440000000 0.542920000000 0.929650000000 0.956870000000 0.984020000000 0.081592000000 0.556050000000 0.713610000000 0.964230000000 0.849140000000 0.978400000000 0.980930000000 0.984060000000 0.923060000000 0.983920000000 0.983820000000 0.984220000000 0.982480000000 0.984120000000 0.984970000000 0.984410000000 0.000003153100 0.034094000000 0.066327000000 0.511150000000 0.185190000000 0.712690000000 0.830000000000 0.978190000000 0.464850000000 0.895960000000 0.941320000000 0.982930000000 0.961750000000 0.985110000000 0.984260000000 0.984440000000 0.748440000000 0.969160000000 0.976520000000 0.984090000000 0.980170000000 0.984550000000 0.984160000000 0.984240000000 0.979520000000 0.984210000000 0.984100000000 0.984530000000 0.983870000000 0.984280000000 0.984420000000 0.984380000000 0.892810000000 0.983860000000 0.982830000000 0.984220000000 0.981580000000 0.984160000000 0.984860000000 0.984460000000 0.983370000000 0.984040000000 0.984800000000 0.984280000000 0.984000000000 0.984630000000 0.984210000000 0.984430000000 0.985540000000 0.983960000000 0.983570000000 0.983950000000 0.983050000000 0.984390000000 0.984600000000 0.984350000000 0.982500000000 0.984100000000 0.984390000000 0.984380000000 0.982950000000 0.984310000000 0.984390000000 0.984370000000 

N_obs: 4000

File Format:
1- most to least reliable channels (taken entropies)
2- most to least reliable channels (taken error probabilities)
3- channels entropies (flipped)
4- channels error probabilities (flipped)
5- number of MontCarlo simulations
