127 126 125 124 123 122 121 120 119 118 117 116 115 114 113 112 111 110 109 108 107 106 105 104 103 102 101 99 95 94 93 92 91 90 89 87 86 85 83 79 78 77 75 71 63 62 61 60 59 58 57 55 54 53 51 47 46 45 43 39 31 30 29 27 88 23 100 97 76 84 82 98 70 81 56 74 73 50 52 69 67 44 15 42 49 41 38 37 28 26 35 25 96 80 22 21 68 72 19 48 66 14 40 13 65 36 34 11 24 33 20 18 7 17 12 64 10 9 32 6 5 3 16 8 1 4 2 0 

127 126 125 124 123 122 121 120 119 118 117 116 115 114 113 112 111 110 109 108 107 106 105 104 103 102 101 99 95 94 93 92 91 90 89 87 86 85 83 79 78 77 75 71 63 62 61 60 59 58 57 55 54 53 51 47 46 45 43 39 31 30 29 27 88 23 100 97 76 84 82 98 70 81 56 74 73 50 52 69 67 44 15 42 49 41 38 37 28 26 35 25 96 80 21 22 68 72 48 66 19 40 14 13 65 36 34 24 11 33 20 18 7 17 12 64 10 32 9 6 16 5 3 8 4 2 1 0 

0.000000000000 0.000000000000 0.000000000000 0.000000000000 0.000000000000 0.000000000000 0.000000000000 0.000000000000 0.000000000000 0.000000000000 0.000000000000 0.000000000000 0.000000000000 0.000000000000 0.000000000000 0.000000000000 0.000000000000 0.000000000000 0.000000000000 0.000000000000 0.000000000000 0.000000000000 0.000000000000 0.000000000000 0.000000000000 0.000000000000 0.000000000000 0.000000000000 0.000000000000 0.000000000000 0.000000000000 0.000016804000 0.000000000000 0.000000000000 0.000000000000 0.000000000000 0.000000000000 0.000000000000 0.000000000000 0.000000000000 0.000000000000 0.000000000000 0.000000000000 0.000000000000 0.000000000000 0.000000000000 0.000000000000 0.000041179000 0.000000000000 0.000000000000 0.000000000000 0.000000000000 0.000000000000 0.000000000004 0.000000000005 0.000389950000 0.000000000000 0.000000000000 0.000000000013 0.000369920000 0.000000000069 0.001227200000 0.003451300000 0.149580000000 0.000000000000 0.000000000000 0.000000000000 0.000000000000 0.000000000000 0.000000000000 0.000000000000 0.000000000002 0.000000000000 0.000000000000 0.000000000000 0.000000000009 0.000000000000 0.000000000005 0.000000000268 0.000881410000 0.000000000000 0.000000000000 0.000000000000 0.000000000189 0.000000000000 0.000000000229 0.000000022250 0.001607900000 0.000000000000 0.000000025147 0.000000033004 0.003804000000 0.000005002400 0.010051000000 0.021201000000 0.306600000000 0.000000000000 0.000000000000 0.000000000000 0.000000563320 0.000000000000 0.000002356200 0.000005350100 0.013682000000 0.000000000000 0.000075377000 0.000110130000 0.029353000000 0.000813250000 0.057510000000 0.109390000000 0.542310000000 0.000000000221 0.001455100000 0.002702500000 0.114710000000 0.013248000000 0.199750000000 0.295960000000 0.737590000000 0.061304000000 0.367530000000 0.438460000000 0.831270000000 0.460420000000 0.838410000000 0.773320000000 0.983880000000 

0.000000000000 0.000000000000 0.000000000000 0.000000000000 0.000000000000 0.000000000000 0.000000000000 0.000000000000 0.000000000000 0.000000000000 0.000000000000 0.000000000000 0.000000000000 0.000000000000 0.000000000000 0.000000000000 0.000000000000 0.000000000000 0.000000000000 0.000000000000 0.000000000000 0.000000000000 0.000000000000 0.000000000000 0.000000000000 0.000000000000 0.000000000000 0.000000000000 0.000000000000 0.000000000000 0.000000000000 0.000010582000 0.000000000000 0.000000000000 0.000000000000 0.000000000000 0.000000000000 0.000000000000 0.000000000000 0.000000000000 0.000000000000 0.000000000000 0.000000000000 0.000000000000 0.000000000000 0.000000000000 0.000000000000 0.000026759000 0.000000000000 0.000000000000 0.000000000000 0.000000000000 0.000000000000 0.000000000001 0.000000000001 0.001003800000 0.000000000000 0.000000000000 0.000000000003 0.000591790000 0.000000000015 0.002360100000 0.006869700000 0.276490000000 0.000000000000 0.000000000000 0.000000000000 0.000000000000 0.000000000000 0.000000000000 0.000000000000 0.000000000000 0.000000000000 0.000000000000 0.000000000000 0.000000000002 0.000000000000 0.000000000001 0.000000000069 0.001900200000 0.000000000000 0.000000000000 0.000000000000 0.000000000043 0.000000000000 0.000000000057 0.000000007362 0.003032500000 0.000000000000 0.000000008895 0.000000010547 0.008226200000 0.000002799800 0.019350000000 0.043143000000 0.504410000000 0.000000000000 0.000000000000 0.000000000000 0.000000282460 0.000000000000 0.000001366400 0.000003535600 0.026845000000 0.000000000000 0.000168710000 0.000096799000 0.061533000000 0.002486000000 0.114930000000 0.209860000000 0.780210000000 0.000000000055 0.003301100000 0.006005800000 0.229110000000 0.031341000000 0.385330000000 0.552130000000 0.934610000000 0.151060000000 0.672000000000 0.809360000000 0.975270000000 0.906580000000 0.982650000000 0.983420000000 0.984390000000 

N_obs: 4000

File Format:
1- most to least reliable channels (taken entropies)
2- most to least reliable channels (taken error probabilities)
3- channels entropies (flipped)
4- channels error probabilities (flipped)
5- number of MontCarlo simulations
