127 126 125 123 119 124 111 122 63 95 121 31 47 118 79 55 15 59 117 87 103 115 61 91 107 23 109 93 62 39 110 71 27 7 94 29 51 43 30 75 45 83 99 77 53 13 11 46 120 57 19 35 78 67 85 54 101 3 14 89 113 58 105 86 102 25 116 114 90 60 106 21 108 92 49 37 22 69 38 26 41 70 73 81 97 6 5 28 9 17 33 65 1 50 42 44 74 76 52 82 98 12 56 84 100 10 18 34 88 66 2 112 104 24 48 20 36 40 68 72 80 96 4 8 16 32 64 0 

127 126 125 123 119 124 122 111 121 118 117 95 115 110 120 63 109 107 116 103 94 93 113 47 87 114 31 55 79 30 22 67 62 35 99 19 81 11 77 69 73 90 29 6 91 57 43 88 5 27 44 108 15 51 65 56 60 42 82 112 37 41 66 2 85 71 102 59 50 104 68 20 46 18 52 80 40 96 48 32 0 72 49 10 4 76 24 64 16 100 12 8 36 84 14 98 33 9 38 17 92 70 1 28 34 74 106 97 58 23 26 25 89 105 61 21 53 101 7 54 3 45 86 13 75 83 78 39 

0.000000000000 0.000979000000 0.002871700000 0.087160000000 0.010733000000 0.160500000000 0.236770000000 0.642400000000 0.055915000000 0.305670000000 0.350040000000 0.743030000000 0.371580000000 0.743470000000 0.696230000000 0.962020000000 0.150820000000 0.439020000000 0.423890000000 0.801990000000 0.391950000000 0.764770000000 0.702890000000 0.962460000000 0.361130000000 0.722200000000 0.664450000000 0.951080000000 0.581410000000 0.924860000000 0.834320000000 0.996120000000 0.198870000000 0.473400000000 0.424050000000 0.803130000000 0.388330000000 0.753760000000 0.688540000000 0.958350000000 0.355290000000 0.711640000000 0.659970000000 0.949600000000 0.577730000000 0.924850000000 0.833260000000 0.996000000000 0.311560000000 0.653720000000 0.594310000000 0.913940000000 0.561650000000 0.913850000000 0.831300000000 0.995730000000 0.439760000000 0.823950000000 0.816930000000 0.995290000000 0.655150000000 0.958660000000 0.866000000000 0.999670000000 0.187140000000 0.434070000000 0.377320000000 0.759310000000 0.338480000000 0.700270000000 0.646970000000 0.943650000000 0.322220000000 0.662950000000 0.603960000000 0.922070000000 0.529400000000 0.890300000000 0.807690000000 0.991290000000 0.300620000000 0.637870000000 0.575700000000 0.905020000000 0.537930000000 0.897900000000 0.819970000000 0.993890000000 0.435660000000 0.818890000000 0.808530000000 0.993820000000 0.653210000000 0.957900000000 0.863630000000 0.999580000000 0.250080000000 0.551680000000 0.491180000000 0.857380000000 0.450270000000 0.819020000000 0.741400000000 0.975700000000 0.423870000000 0.808680000000 0.793030000000 0.991800000000 0.648910000000 0.957210000000 0.862910000000 0.999550000000 0.328450000000 0.685480000000 0.633780000000 0.929450000000 0.636090000000 0.954260000000 0.862590000000 0.999530000000 0.453190000000 0.838850000000 0.852730000000 0.999470000000 0.670320000000 0.959590000000 0.871830000000 0.999930000000 

0.000000000000 0.002218400000 0.008642700000 0.231330000000 0.035810000000 0.394590000000 0.566110000000 0.932600000000 0.181270000000 0.699370000000 0.827970000000 0.976630000000 0.905290000000 0.982800000000 0.982280000000 0.984230000000 0.547490000000 0.928430000000 0.955400000000 0.984100000000 0.970530000000 0.984630000000 0.984890000000 0.984320000000 0.977210000000 0.984310000000 0.985070000000 0.984390000000 0.983760000000 0.984440000000 0.984670000000 0.984360000000 0.851950000000 0.978830000000 0.980500000000 0.984510000000 0.983950000000 0.983880000000 0.984870000000 0.983990000000 0.982440000000 0.985420000000 0.984290000000 0.984420000000 0.985660000000 0.984190000000 0.983820000000 0.984350000000 0.983330000000 0.985940000000 0.983840000000 0.984390000000 0.985570000000 0.984630000000 0.983860000000 0.984370000000 0.984300000000 0.984520000000 0.983850000000 0.984320000000 0.983580000000 0.984280000000 0.984120000000 0.984390000000 0.941430000000 0.983620000000 0.984890000000 0.984170000000 0.984310000000 0.984730000000 0.983990000000 0.984160000000 0.983250000000 0.985230000000 0.985050000000 0.984350000000 0.984120000000 0.984310000000 0.984390000000 0.984360000000 0.982430000000 0.984330000000 0.985390000000 0.984060000000 0.983990000000 0.984170000000 0.984280000000 0.984350000000 0.986450000000 0.984460000000 0.984240000000 0.984420000000 0.983660000000 0.984620000000 0.984440000000 0.984370000000 0.983190000000 0.983360000000 0.983910000000 0.984620000000 0.984040000000 0.984810000000 0.984850000000 0.984390000000 0.984750000000 0.983530000000 0.984960000000 0.984320000000 0.983820000000 0.984350000000 0.984480000000 0.984390000000 0.984110000000 0.984420000000 0.985520000000 0.984400000000 0.983840000000 0.984390000000 0.984440000000 0.984400000000 0.985220000000 0.983930000000 0.984000000000 0.984390000000 0.985290000000 0.984290000000 0.984610000000 0.984370000000 

N_obs: 4000

File Format:
1- most to least reliable channels (taken entropies)
2- most to least reliable channels (taken error probabilities)
3- channels entropies (flipped)
4- channels error probabilities (flipped)
5- number of MontCarlo simulations
