127 126 125 123 119 124 63 111 95 31 122 47 79 55 15 121 59 87 103 61 91 118 115 107 117 23 93 39 62 71 109 27 7 110 29 94 51 43 30 75 45 99 83 77 53 13 11 46 35 19 57 67 78 54 85 3 101 14 89 58 105 113 86 102 25 120 90 60 106 114 116 21 49 22 37 92 26 108 69 38 70 41 97 73 6 81 5 28 9 17 33 65 1 50 42 44 76 74 52 98 12 82 56 10 84 100 18 34 66 2 88 104 112 24 48 20 40 36 68 96 72 80 4 16 8 32 64 0 

127 126 125 123 119 124 122 111 121 118 95 117 63 115 110 120 109 107 43 39 116 91 99 86 79 94 7 103 53 101 35 22 75 85 25 93 108 70 26 38 59 58 97 57 89 92 28 49 42 71 6 34 51 50 24 1 30 23 102 69 10 46 36 31 54 9 5 17 68 96 8 112 32 73 65 0 64 20 84 80 16 4 100 66 33 48 104 40 74 81 72 98 2 15 18 12 83 82 56 21 114 52 88 3 44 11 14 76 87 113 106 45 37 19 90 61 78 105 47 62 77 55 41 29 60 13 27 67 

0.000014964000 0.006611500000 0.014092000000 0.174960000000 0.042383000000 0.281440000000 0.342880000000 0.743160000000 0.121510000000 0.410870000000 0.417370000000 0.801890000000 0.411070000000 0.782400000000 0.723580000000 0.970070000000 0.199910000000 0.489480000000 0.447110000000 0.823040000000 0.413760000000 0.781190000000 0.717940000000 0.967320000000 0.371110000000 0.730640000000 0.675690000000 0.956370000000 0.588800000000 0.928810000000 0.836940000000 0.996500000000 0.216430000000 0.494360000000 0.436840000000 0.816290000000 0.396490000000 0.764410000000 0.701830000000 0.961060000000 0.364310000000 0.725770000000 0.672990000000 0.955460000000 0.591970000000 0.930320000000 0.838360000000 0.996710000000 0.316350000000 0.659200000000 0.606130000000 0.917310000000 0.573460000000 0.922170000000 0.837530000000 0.996620000000 0.443040000000 0.827320000000 0.823480000000 0.996360000000 0.658530000000 0.958880000000 0.867330000000 0.999770000000 0.188570000000 0.440030000000 0.389180000000 0.764640000000 0.348180000000 0.707830000000 0.657010000000 0.945590000000 0.320010000000 0.665970000000 0.610220000000 0.924540000000 0.532170000000 0.893390000000 0.810220000000 0.991760000000 0.304280000000 0.642260000000 0.586780000000 0.909230000000 0.549280000000 0.908200000000 0.827770000000 0.995140000000 0.439990000000 0.823740000000 0.815630000000 0.995190000000 0.652980000000 0.958590000000 0.865150000000 0.999690000000 0.251890000000 0.555850000000 0.490970000000 0.859640000000 0.447360000000 0.820210000000 0.741620000000 0.976380000000 0.428580000000 0.811490000000 0.802850000000 0.993520000000 0.654450000000 0.957680000000 0.863960000000 0.999610000000 0.335170000000 0.688160000000 0.635230000000 0.929040000000 0.638780000000 0.955450000000 0.863550000000 0.999630000000 0.455770000000 0.837900000000 0.854100000000 0.999590000000 0.673410000000 0.959530000000 0.871990000000 0.999880000000 

0.000015735000 0.022412000000 0.043019000000 0.444600000000 0.135840000000 0.661260000000 0.782780000000 0.970540000000 0.414700000000 0.876430000000 0.928740000000 0.982970000000 0.959850000000 0.984610000000 0.984790000000 0.984360000000 0.750240000000 0.968480000000 0.976880000000 0.983880000000 0.981050000000 0.984810000000 0.985020000000 0.984420000000 0.983500000000 0.984260000000 0.983540000000 0.984400000000 0.983100000000 0.984530000000 0.984030000000 0.984350000000 0.912750000000 0.983270000000 0.983720000000 0.984140000000 0.982990000000 0.984910000000 0.984140000000 0.984670000000 0.984790000000 0.983120000000 0.983600000000 0.984380000000 0.984570000000 0.984570000000 0.984430000000 0.984390000000 0.983200000000 0.985020000000 0.985360000000 0.984720000000 0.983580000000 0.984430000000 0.984370000000 0.984440000000 0.984190000000 0.983890000000 0.984270000000 0.984340000000 0.986130000000 0.984400000000 0.984370000000 0.984380000000 0.959390000000 0.985320000000 0.984970000000 0.985710000000 0.984000000000 0.984000000000 0.984080000000 0.984570000000 0.985410000000 0.984310000000 0.983510000000 0.984660000000 0.984210000000 0.984220000000 0.984160000000 0.984410000000 0.985200000000 0.984300000000 0.984820000000 0.984690000000 0.982770000000 0.984160000000 0.985500000000 0.984420000000 0.982890000000 0.983990000000 0.984890000000 0.984310000000 0.983560000000 0.984190000000 0.984410000000 0.984370000000 0.984310000000 0.984240000000 0.985530000000 0.984160000000 0.986110000000 0.983970000000 0.983670000000 0.984230000000 0.984260000000 0.983580000000 0.984590000000 0.984380000000 0.984900000000 0.984540000000 0.984340000000 0.984390000000 0.984540000000 0.984710000000 0.985840000000 0.984570000000 0.984700000000 0.984290000000 0.984330000000 0.984360000000 0.983330000000 0.984190000000 0.984330000000 0.984390000000 0.984690000000 0.984530000000 0.984240000000 0.984370000000 

N_obs: 4000

File Format:
1- most to least reliable channels (taken entropies)
2- most to least reliable channels (taken error probabilities)
3- channels entropies (flipped)
4- channels error probabilities (flipped)
5- number of MontCarlo simulations
