127 126 125 123 119 111 124 122 118 121 117 95 115 110 109 107 120 116 94 103 63 114 93 113 108 91 106 87 62 105 31 79 61 47 55 59 102 15 92 101 23 99 39 71 27 7 90 29 112 43 75 83 89 51 30 77 85 45 86 53 78 57 46 11 54 19 13 58 35 67 60 3 104 14 21 25 97 69 37 22 41 73 81 100 70 49 38 98 26 6 28 5 42 74 9 17 82 33 65 88 50 1 76 44 84 52 56 12 10 18 34 66 2 24 20 96 36 68 40 72 80 48 4 8 16 32 64 0 

127 126 125 123 119 111 124 122 118 121 117 95 115 110 109 107 120 116 94 114 103 93 63 113 108 106 91 105 102 87 92 62 112 101 61 79 90 99 59 89 104 86 55 85 100 47 60 83 78 31 75 77 71 98 15 97 58 88 67 57 54 53 22 29 43 35 26 69 52 3 21 51 33 50 5 84 18 38 68 36 1 10 9 28 96 49 23 2 16 20 80 64 19 0 8 73 4 34 32 72 40 24 48 82 66 27 45 76 44 41 81 65 17 14 12 74 56 42 7 39 70 13 11 46 25 6 37 30 

0.000000000000 0.000000000000 0.000000000000 0.000000346270 0.000000000000 0.000000378530 0.000019266000 0.009691000000 0.000000000000 0.000001742700 0.000026799000 0.020325000000 0.000328320000 0.040914000000 0.079363000000 0.465540000000 0.000000000097 0.001071900000 0.001969500000 0.083042000000 0.006911800000 0.146160000000 0.225730000000 0.666020000000 0.037300000000 0.296420000000 0.369260000000 0.780330000000 0.409500000000 0.794640000000 0.738990000000 0.974290000000 0.000134630000 0.028152000000 0.053923000000 0.334970000000 0.118550000000 0.457020000000 0.482670000000 0.855670000000 0.203780000000 0.546720000000 0.522640000000 0.877400000000 0.482340000000 0.852360000000 0.779330000000 0.984620000000 0.248680000000 0.567850000000 0.517910000000 0.872870000000 0.474790000000 0.843700000000 0.774100000000 0.983580000000 0.411750000000 0.782710000000 0.744250000000 0.980250000000 0.627880000000 0.949780000000 0.854230000000 0.998800000000 0.038095000000 0.225060000000 0.261870000000 0.628360000000 0.284670000000 0.623820000000 0.582430000000 0.915010000000 0.281950000000 0.609850000000 0.547740000000 0.893610000000 0.492690000000 0.862830000000 0.786200000000 0.986450000000 0.269290000000 0.584050000000 0.524780000000 0.875000000000 0.472550000000 0.841570000000 0.771720000000 0.983190000000 0.410110000000 0.787290000000 0.744570000000 0.979990000000 0.625370000000 0.949130000000 0.852870000000 0.998700000000 0.233430000000 0.517780000000 0.464920000000 0.837330000000 0.423710000000 0.799100000000 0.724200000000 0.969060000000 0.390170000000 0.763860000000 0.720990000000 0.973740000000 0.617670000000 0.945730000000 0.850200000000 0.998330000000 0.328090000000 0.669680000000 0.619650000000 0.925130000000 0.599910000000 0.939590000000 0.849420000000 0.998300000000 0.456590000000 0.833600000000 0.837910000000 0.998180000000 0.663460000000 0.960040000000 0.869200000000 0.999870000000 

0.000000000000 0.000000000000 0.000000000000 0.000000165750 0.000000000000 0.000000179350 0.000018355000 0.020487000000 0.000000000000 0.000000816090 0.000022218000 0.043932000000 0.001004100000 0.085001000000 0.162020000000 0.724130000000 0.000000000023 0.002868800000 0.005296300000 0.179070000000 0.017022000000 0.308670000000 0.456230000000 0.902800000000 0.101510000000 0.599530000000 0.737690000000 0.968810000000 0.864110000000 0.981120000000 0.981520000000 0.984310000000 0.000373130000 0.081543000000 0.147770000000 0.673610000000 0.318150000000 0.834430000000 0.900730000000 0.982160000000 0.603500000000 0.941630000000 0.962570000000 0.984240000000 0.972300000000 0.984480000000 0.984620000000 0.984360000000 0.826020000000 0.976090000000 0.980710000000 0.984590000000 0.980000000000 0.984750000000 0.984390000000 0.984400000000 0.980950000000 0.984870000000 0.983870000000 0.984250000000 0.982790000000 0.984480000000 0.984630000000 0.984360000000 0.155760000000 0.675640000000 0.793730000000 0.971390000000 0.896960000000 0.982090000000 0.982980000000 0.984790000000 0.949810000000 0.983030000000 0.983360000000 0.983910000000 0.984060000000 0.984150000000 0.984320000000 0.984480000000 0.970130000000 0.984950000000 0.984570000000 0.984610000000 0.983700000000 0.984790000000 0.984620000000 0.984420000000 0.984810000000 0.984250000000 0.985420000000 0.984260000000 0.983720000000 0.984390000000 0.984120000000 0.984400000000 0.976760000000 0.985500000000 0.983440000000 0.984300000000 0.984560000000 0.983730000000 0.985070000000 0.984430000000 0.984320000000 0.983400000000 0.984050000000 0.984360000000 0.984370000000 0.984250000000 0.984660000000 0.984350000000 0.981280000000 0.984670000000 0.984870000000 0.984710000000 0.984910000000 0.984280000000 0.984290000000 0.984380000000 0.984800000000 0.985260000000 0.984170000000 0.984390000000 0.984010000000 0.984340000000 0.984280000000 0.984370000000 

N_obs: 4000

File Format:
1- most to least reliable channels (taken entropies)
2- most to least reliable channels (taken error probabilities)
3- channels entropies (flipped)
4- channels error probabilities (flipped)
5- number of MontCarlo simulations
