127 126 63 125 95 111 123 119 31 47 79 55 15 59 103 61 87 91 107 23 39 71 62 27 115 7 93 109 29 117 121 94 110 51 124 30 118 122 43 99 45 75 53 83 77 13 11 19 35 57 46 67 3 78 54 14 101 58 89 85 105 25 102 113 86 60 90 106 49 26 22 21 114 38 70 92 37 6 69 97 41 108 81 73 5 28 116 9 17 33 65 1 120 50 44 76 12 52 42 98 74 82 56 10 18 34 2 66 100 88 104 84 24 112 48 20 96 40 36 80 68 72 4 8 16 32 64 0 

127 126 125 123 119 124 111 95 63 122 121 61 118 87 94 29 35 47 114 110 43 17 106 5 70 78 7 116 58 10 93 21 14 6 65 82 12 79 38 37 55 46 34 91 18 69 11 104 28 48 1 81 117 52 76 96 40 112 42 88 36 74 32 75 53 8 68 0 56 41 24 113 64 4 80 16 92 50 67 84 45 72 77 2 20 83 109 66 108 102 25 100 89 71 98 105 44 120 54 97 3 57 86 22 51 19 73 26 101 103 90 27 13 9 49 33 62 23 115 31 60 30 85 107 15 99 59 39 

0.017165000000 0.154830000000 0.206840000000 0.545360000000 0.245420000000 0.564610000000 0.526200000000 0.885790000000 0.247060000000 0.559690000000 0.502910000000 0.866920000000 0.457300000000 0.832500000000 0.765390000000 0.981460000000 0.243010000000 0.536850000000 0.485820000000 0.850880000000 0.436530000000 0.809250000000 0.740750000000 0.974810000000 0.387690000000 0.755340000000 0.703460000000 0.966140000000 0.605980000000 0.938570000000 0.845250000000 0.997630000000 0.234480000000 0.526540000000 0.461980000000 0.837050000000 0.424780000000 0.791450000000 0.721320000000 0.968620000000 0.398300000000 0.770320000000 0.725620000000 0.975300000000 0.620950000000 0.948190000000 0.852740000000 0.998590000000 0.325080000000 0.676560000000 0.622700000000 0.926460000000 0.612010000000 0.944030000000 0.853140000000 0.998690000000 0.450200000000 0.835190000000 0.842430000000 0.998600000000 0.667250000000 0.959950000000 0.869930000000 0.999870000000 0.198510000000 0.451510000000 0.394100000000 0.773460000000 0.357410000000 0.719690000000 0.663780000000 0.949280000000 0.333420000000 0.682250000000 0.619290000000 0.930320000000 0.540230000000 0.898780000000 0.819110000000 0.994470000000 0.320240000000 0.665030000000 0.611160000000 0.920520000000 0.592810000000 0.935470000000 0.846970000000 0.998060000000 0.449420000000 0.834020000000 0.838170000000 0.998110000000 0.662620000000 0.959380000000 0.868480000000 0.999850000000 0.255870000000 0.556320000000 0.496990000000 0.862870000000 0.456970000000 0.822770000000 0.746500000000 0.978320000000 0.446090000000 0.825250000000 0.829880000000 0.997410000000 0.660760000000 0.959350000000 0.868400000000 0.999850000000 0.338970000000 0.689130000000 0.636690000000 0.927950000000 0.647480000000 0.957480000000 0.867800000000 0.999850000000 0.459610000000 0.838870000000 0.857950000000 0.999790000000 0.673700000000 0.959440000000 0.872510000000 0.999890000000 

0.076367000000 0.527420000000 0.686460000000 0.956150000000 0.849040000000 0.979920000000 0.981000000000 0.984590000000 0.927920000000 0.982630000000 0.984300000000 0.984020000000 0.985070000000 0.983430000000 0.984380000000 0.984330000000 0.963550000000 0.983470000000 0.984450000000 0.984480000000 0.985810000000 0.983830000000 0.984550000000 0.984280000000 0.984910000000 0.984500000000 0.984900000000 0.984500000000 0.986180000000 0.984540000000 0.984660000000 0.984330000000 0.971680000000 0.983090000000 0.984050000000 0.984390000000 0.984210000000 0.984920000000 0.984510000000 0.984340000000 0.982960000000 0.984710000000 0.985320000000 0.984400000000 0.984440000000 0.984130000000 0.984300000000 0.984390000000 0.984140000000 0.983920000000 0.984410000000 0.984320000000 0.984370000000 0.984360000000 0.984820000000 0.984400000000 0.984510000000 0.983860000000 0.984250000000 0.984370000000 0.984390000000 0.984460000000 0.984120000000 0.984380000000 0.979530000000 0.985050000000 0.981950000000 0.985230000000 0.986710000000 0.984040000000 0.984700000000 0.984380000000 0.984180000000 0.984590000000 0.984370000000 0.984310000000 0.984750000000 0.984390000000 0.985000000000 0.984290000000 0.983320000000 0.984200000000 0.984400000000 0.984550000000 0.983540000000 0.984340000000 0.984380000000 0.984330000000 0.987250000000 0.984160000000 0.984160000000 0.984350000000 0.983280000000 0.984210000000 0.985010000000 0.984370000000 0.985180000000 0.985250000000 0.983130000000 0.984290000000 0.984950000000 0.984890000000 0.984500000000 0.984380000000 0.985060000000 0.984740000000 0.984070000000 0.984430000000 0.984760000000 0.984220000000 0.983630000000 0.984390000000 0.985960000000 0.984100000000 0.984950000000 0.984140000000 0.984260000000 0.984050000000 0.984970000000 0.984370000000 0.983970000000 0.984110000000 0.983830000000 0.984380000000 0.984690000000 0.984420000000 0.984290000000 0.984370000000 

N_obs: 4000

File Format:
1- most to least reliable channels (taken entropies)
2- most to least reliable channels (taken error probabilities)
3- channels entropies (flipped)
4- channels error probabilities (flipped)
5- number of MontCarlo simulations
