127 126 125 124 123 122 121 119 118 111 95 117 115 110 109 107 103 94 63 93 91 116 120 114 113 108 87 106 105 102 62 101 92 61 90 79 99 89 59 112 86 85 104 55 60 100 83 78 47 58 31 77 98 88 57 75 97 15 71 54 23 39 53 84 51 27 43 29 45 7 46 30 82 81 11 67 19 35 13 76 69 73 3 14 21 74 56 37 70 25 49 41 22 38 26 50 52 96 42 28 44 5 6 65 9 17 33 1 80 12 10 66 18 34 72 68 20 2 36 24 48 40 64 4 8 16 32 0 

127 126 125 124 123 122 121 119 118 111 95 117 115 110 109 107 103 94 63 93 91 116 120 114 108 113 87 105 106 102 62 92 101 90 61 79 99 89 59 112 86 104 85 55 100 83 60 78 98 88 58 77 47 97 57 84 75 54 82 31 53 71 81 76 51 46 56 96 45 74 43 73 30 39 52 70 29 69 80 15 49 50 67 7 38 25 28 19 21 36 66 41 27 14 68 34 18 8 3 12 26 37 32 24 64 9 16 0 4 42 44 48 20 2 10 72 17 1 5 65 40 11 23 33 6 22 35 13 

0.000000000000 0.000000000000 0.000000000000 0.000000000000 0.000000000000 0.000000000000 0.000000000000 0.000004145200 0.000000000000 0.000000000000 0.000000000000 0.000003398900 0.000000000000 0.000022054000 0.000081107000 0.028364000000 0.000000000000 0.000000000000 0.000000000000 0.000097595000 0.000000000000 0.000271740000 0.000410180000 0.059475000000 0.000000002967 0.001667700000 0.003242300000 0.120130000000 0.012725000000 0.216970000000 0.318290000000 0.769010000000 0.000000000000 0.000000022983 0.000000265390 0.003317800000 0.000000996600 0.006701600000 0.014475000000 0.231920000000 0.000231600000 0.029373000000 0.054779000000 0.380130000000 0.124090000000 0.502080000000 0.551200000000 0.899500000000 0.006872900000 0.130510000000 0.204060000000 0.610690000000 0.289750000000 0.675600000000 0.647300000000 0.941590000000 0.320050000000 0.687780000000 0.640120000000 0.941720000000 0.564400000000 0.916940000000 0.829140000000 0.995230000000 0.000000159730 0.002156800000 0.005410300000 0.110370000000 0.016089000000 0.194090000000 0.264970000000 0.676410000000 0.063580000000 0.333300000000 0.375700000000 0.767550000000 0.390880000000 0.766550000000 0.714640000000 0.967110000000 0.155670000000 0.451740000000 0.437420000000 0.812320000000 0.411480000000 0.779830000000 0.721210000000 0.968000000000 0.369040000000 0.740030000000 0.683500000000 0.960120000000 0.593730000000 0.932880000000 0.839610000000 0.996910000000 0.200420000000 0.479350000000 0.429380000000 0.809870000000 0.394110000000 0.761980000000 0.695700000000 0.960480000000 0.364590000000 0.722640000000 0.667540000000 0.952660000000 0.584610000000 0.928540000000 0.836330000000 0.996380000000 0.319190000000 0.659710000000 0.599020000000 0.916030000000 0.563240000000 0.916070000000 0.831870000000 0.996000000000 0.445460000000 0.827400000000 0.818970000000 0.995580000000 0.657920000000 0.958580000000 0.866520000000 0.999720000000 

0.000000000000 0.000000000000 0.000000000000 0.000000000000 0.000000000000 0.000000000000 0.000000000000 0.000002395600 0.000000000000 0.000000000000 0.000000000000 0.000001646900 0.000000000000 0.000015945000 0.000176380000 0.059190000000 0.000000000000 0.000000000000 0.000000000000 0.000130170000 0.000000000000 0.000674060000 0.000669110000 0.115880000000 0.000000000814 0.003130200000 0.008299600000 0.223560000000 0.029243000000 0.388880000000 0.564510000000 0.942300000000 0.000000000000 0.000000008337 0.000000109880 0.006797000000 0.000000506780 0.015377000000 0.033478000000 0.422530000000 0.000462380000 0.066610000000 0.121470000000 0.647610000000 0.277940000000 0.807770000000 0.887170000000 0.981300000000 0.019708000000 0.301270000000 0.461930000000 0.899170000000 0.676540000000 0.958840000000 0.970620000000 0.984490000000 0.843830000000 0.977360000000 0.981190000000 0.984150000000 0.982680000000 0.984060000000 0.984680000000 0.984360000000 0.000000067396 0.006500700000 0.018762000000 0.278740000000 0.045479000000 0.451170000000 0.610800000000 0.940880000000 0.200180000000 0.740570000000 0.837900000000 0.976550000000 0.911360000000 0.982230000000 0.981900000000 0.984410000000 0.554460000000 0.926190000000 0.954520000000 0.984390000000 0.969940000000 0.984390000000 0.984090000000 0.984700000000 0.976330000000 0.983130000000 0.984320000000 0.984050000000 0.985250000000 0.984240000000 0.984870000000 0.984350000000 0.820490000000 0.975990000000 0.979860000000 0.983840000000 0.984120000000 0.984310000000 0.983790000000 0.984350000000 0.984860000000 0.985150000000 0.983940000000 0.984420000000 0.983880000000 0.984270000000 0.984530000000 0.984370000000 0.981630000000 0.984130000000 0.985470000000 0.984300000000 0.984800000000 0.984450000000 0.984360000000 0.984280000000 0.982860000000 0.985020000000 0.984670000000 0.984390000000 0.984300000000 0.984440000000 0.984640000000 0.984380000000 

N_obs: 4000

File Format:
1- most to least reliable channels (taken entropies)
2- most to least reliable channels (taken error probabilities)
3- channels entropies (flipped)
4- channels error probabilities (flipped)
5- number of MontCarlo simulations
