127 126 125 124 123 122 121 120 119 118 117 116 115 114 113 112 111 110 109 108 107 106 105 104 103 102 101 100 99 98 97 95 94 93 92 91 90 89 88 87 86 85 84 83 82 81 79 78 77 76 75 74 73 71 69 67 63 62 61 60 59 58 57 56 55 54 53 51 50 49 47 46 45 44 43 39 31 30 29 27 23 15 42 70 37 38 28 52 26 41 25 35 21 22 19 14 11 13 72 80 96 68 66 40 48 65 24 36 7 34 33 20 18 17 12 10 9 64 6 32 5 16 3 8 4 2 1 0 

127 126 125 124 123 122 121 120 119 118 117 116 115 114 113 112 111 110 109 108 107 106 105 104 103 102 101 100 99 98 97 95 94 93 92 91 90 89 88 87 86 85 84 83 82 81 79 78 77 76 75 74 73 71 69 67 63 62 61 60 59 58 57 56 55 54 53 51 50 49 47 46 45 44 43 39 31 30 29 27 23 15 42 70 37 38 28 52 26 41 25 35 21 22 19 14 11 72 13 80 96 68 66 40 48 65 24 7 34 36 33 20 18 17 12 10 9 64 6 32 5 16 3 8 4 2 1 0 

0.000000000000 0.000000000000 0.000000000000 0.000000000000 0.000000000000 0.000000000000 0.000000000000 0.000000000000 0.000000000000 0.000000000000 0.000000000000 0.000000000000 0.000000000000 0.000000000000 0.000000000000 0.000000000000 0.000000000000 0.000000000000 0.000000000000 0.000000000000 0.000000000000 0.000000000000 0.000000000000 0.000000000000 0.000000000000 0.000000000000 0.000000000000 0.000000000000 0.000000000000 0.000000000000 0.000000000000 0.000000997200 0.000000000000 0.000000000000 0.000000000000 0.000000000000 0.000000000000 0.000000000000 0.000000000000 0.000000000000 0.000000000000 0.000000000000 0.000000000000 0.000000000000 0.000000000000 0.000000000000 0.000000000000 0.000000318680 0.000000000000 0.000000000000 0.000000000000 0.000000000000 0.000000000000 0.000000000000 0.000000000000 0.000000156920 0.000000000000 0.000000000000 0.000000000000 0.000001761900 0.000000000000 0.000003579400 0.000018328000 0.025891000000 0.000000000000 0.000000000000 0.000000000000 0.000000000000 0.000000000000 0.000000000000 0.000000000000 0.000000000000 0.000000000000 0.000000000000 0.000000000000 0.000000000000 0.000000000000 0.000000000000 0.000000000000 0.000010429000 0.000000000000 0.000000000000 0.000000000000 0.000000000000 0.000000000000 0.000000000000 0.000000000000 0.000006318300 0.000000000000 0.000000000000 0.000000000000 0.000140740000 0.000000000003 0.000176450000 0.000348880000 0.056244000000 0.000000000000 0.000000000000 0.000000000000 0.000000000000 0.000000000000 0.000000000000 0.000000000000 0.000077781000 0.000000000000 0.000000000017 0.000000000013 0.000601830000 0.000000000208 0.000835100000 0.001693500000 0.122440000000 0.000000000000 0.000000000667 0.000000141050 0.003277700000 0.000000103460 0.006451800000 0.013502000000 0.257010000000 0.000157770000 0.032382000000 0.064638000000 0.437870000000 0.152100000000 0.578650000000 0.609070000000 0.930270000000 

0.000000000000 0.000000000000 0.000000000000 0.000000000000 0.000000000000 0.000000000000 0.000000000000 0.000000000000 0.000000000000 0.000000000000 0.000000000000 0.000000000000 0.000000000000 0.000000000000 0.000000000000 0.000000000000 0.000000000000 0.000000000000 0.000000000000 0.000000000000 0.000000000000 0.000000000000 0.000000000000 0.000000000000 0.000000000000 0.000000000000 0.000000000000 0.000000000000 0.000000000000 0.000000000000 0.000000000000 0.000000585410 0.000000000000 0.000000000000 0.000000000000 0.000000000000 0.000000000000 0.000000000000 0.000000000000 0.000000000000 0.000000000000 0.000000000000 0.000000000000 0.000000000000 0.000000000000 0.000000000000 0.000000000000 0.000000148100 0.000000000000 0.000000000000 0.000000000000 0.000000000000 0.000000000000 0.000000000000 0.000000000000 0.000000054488 0.000000000000 0.000000000000 0.000000000000 0.000000910300 0.000000000000 0.000001655100 0.000014285000 0.050836000000 0.000000000000 0.000000000000 0.000000000000 0.000000000000 0.000000000000 0.000000000000 0.000000000000 0.000000000000 0.000000000000 0.000000000000 0.000000000000 0.000000000000 0.000000000000 0.000000000000 0.000000000000 0.000009787900 0.000000000000 0.000000000000 0.000000000000 0.000000000000 0.000000000000 0.000000000000 0.000000000000 0.000004328400 0.000000000000 0.000000000000 0.000000000000 0.000313520000 0.000000000001 0.000218070000 0.000920050000 0.111630000000 0.000000000000 0.000000000000 0.000000000000 0.000000000000 0.000000000000 0.000000000000 0.000000000000 0.000052225000 0.000000000000 0.000000000004 0.000000000003 0.001706000000 0.000000000050 0.002168500000 0.002795500000 0.226680000000 0.000000000000 0.000000000160 0.000000058667 0.007052600000 0.000000034461 0.012268000000 0.026264000000 0.437170000000 0.000181950000 0.068749000000 0.130810000000 0.680960000000 0.322610000000 0.851080000000 0.924850000000 0.982970000000 

N_obs: 4000

File Format:
1- most to least reliable channels (taken entropies)
2- most to least reliable channels (taken error probabilities)
3- channels entropies (flipped)
4- channels error probabilities (flipped)
5- number of MontCarlo simulations
