127 126 125 123 119 124 63 111 95 122 31 47 79 55 15 121 87 59 103 61 91 118 23 107 115 117 93 62 39 109 71 27 43 94 110 7 75 29 11 30 45 51 83 77 53 46 85 99 13 78 21 101 57 54 19 86 35 89 67 37 5 14 69 58 105 3 102 90 113 120 22 25 106 41 114 60 73 116 38 26 92 49 70 42 81 108 6 97 74 9 17 28 33 65 10 50 1 82 44 98 76 52 18 34 84 66 2 12 100 56 20 88 104 112 24 36 40 68 72 48 80 4 96 8 16 32 64 0 

127 126 125 123 119 124 122 111 121 118 95 117 115 110 120 63 109 103 107 59 39 47 43 67 113 29 114 79 54 116 99 62 15 35 91 78 3 82 22 102 10 49 45 17 81 5 73 50 1 94 42 14 25 108 56 41 97 60 93 106 2 57 74 18 12 37 80 40 24 48 84 76 19 70 16 105 8 96 0 64 32 72 66 88 4 68 21 36 11 69 52 33 101 20 28 104 86 53 112 6 34 98 31 100 92 44 13 38 65 9 55 26 77 58 89 83 90 46 61 30 51 7 85 23 71 75 27 87 

0.000044155000 0.012287000000 0.023559000000 0.247740000000 0.067428000000 0.374730000000 0.474130000000 0.814230000000 0.190010000000 0.534150000000 0.565120000000 0.857990000000 0.552010000000 0.834290000000 0.812990000000 0.978020000000 0.306160000000 0.619150000000 0.589880000000 0.875940000000 0.551400000000 0.827880000000 0.798510000000 0.973070000000 0.511570000000 0.807640000000 0.754730000000 0.956850000000 0.730750000000 0.926410000000 0.884710000000 0.996920000000 0.318210000000 0.613450000000 0.569880000000 0.862270000000 0.531710000000 0.812880000000 0.783610000000 0.968020000000 0.478580000000 0.775530000000 0.722880000000 0.942330000000 0.691550000000 0.911080000000 0.870120000000 0.994190000000 0.443190000000 0.749090000000 0.707460000000 0.935930000000 0.645240000000 0.887200000000 0.857790000000 0.992030000000 0.595380000000 0.866950000000 0.793170000000 0.986500000000 0.786010000000 0.942630000000 0.903950000000 0.999530000000 0.296200000000 0.580020000000 0.531320000000 0.843710000000 0.500450000000 0.793620000000 0.761920000000 0.960900000000 0.464450000000 0.763340000000 0.712460000000 0.938830000000 0.682850000000 0.906000000000 0.864740000000 0.992540000000 0.412470000000 0.717990000000 0.674120000000 0.920510000000 0.613220000000 0.869680000000 0.832670000000 0.985320000000 0.585350000000 0.860370000000 0.786360000000 0.981020000000 0.779950000000 0.941680000000 0.901210000000 0.999330000000 0.383800000000 0.670940000000 0.647080000000 0.900900000000 0.602380000000 0.861320000000 0.825940000000 0.979430000000 0.534750000000 0.820640000000 0.751700000000 0.962630000000 0.770170000000 0.940060000000 0.899660000000 0.999220000000 0.470020000000 0.791280000000 0.741370000000 0.948610000000 0.665480000000 0.904170000000 0.897860000000 0.999140000000 0.627210000000 0.879270000000 0.788080000000 0.994660000000 0.801780000000 0.943570000000 0.909790000000 0.999780000000 

0.000241860000 0.029394000000 0.060686000000 0.521720000000 0.167610000000 0.727210000000 0.854710000000 0.991080000000 0.472550000000 0.926710000000 0.964390000000 0.995850000000 0.982460000000 0.995790000000 0.995750000000 0.996150000000 0.826710000000 0.988690000000 0.993460000000 0.996020000000 0.995200000000 0.996050000000 0.996090000000 0.996140000000 0.994800000000 0.995910000000 0.996140000000 0.996180000000 0.995870000000 0.996170000000 0.996040000000 0.996090000000 0.962920000000 0.995980000000 0.996050000000 0.996190000000 0.995890000000 0.996320000000 0.996300000000 0.996110000000 0.996840000000 0.996150000000 0.996540000000 0.996080000000 0.996300000000 0.995900000000 0.995960000000 0.996070000000 0.995790000000 0.995890000000 0.996230000000 0.996080000000 0.996650000000 0.996060000000 0.995970000000 0.996100000000 0.996610000000 0.996090000000 0.996130000000 0.996110000000 0.995750000000 0.996110000000 0.996210000000 0.996100000000 0.991380000000 0.995880000000 0.996420000000 0.996050000000 0.995660000000 0.996270000000 0.996060000000 0.996020000000 0.996220000000 0.995840000000 0.996150000000 0.996130000000 0.996500000000 0.995970000000 0.995940000000 0.996080000000 0.995700000000 0.996360000000 0.995940000000 0.996200000000 0.995730000000 0.995980000000 0.996040000000 0.996070000000 0.995660000000 0.996210000000 0.996070000000 0.996120000000 0.995890000000 0.996160000000 0.996140000000 0.996100000000 0.996180000000 0.996430000000 0.995770000000 0.996140000000 0.996690000000 0.996220000000 0.996010000000 0.996070000000 0.996560000000 0.995910000000 0.996120000000 0.996140000000 0.996090000000 0.996060000000 0.995960000000 0.996090000000 0.995880000000 0.995980000000 0.996200000000 0.996060000000 0.996130000000 0.995920000000 0.996210000000 0.996090000000 0.996500000000 0.996160000000 0.995970000000 0.996110000000 0.995890000000 0.996060000000 0.995970000000 0.996100000000 

N_obs: 4000

File Format:
1- most to least reliable channels (taken entropies)
2- most to least reliable channels (taken error probabilities)
3- channels entropies (flipped)
4- channels error probabilities (flipped)
5- number of MontCarlo simulations
