127 125 126 119 123 111 124 122 121 118 117 115 95 110 109 120 107 116 63 94 103 114 93 31 91 113 108 79 47 87 55 59 61 62 15 106 23 39 71 27 105 7 29 43 99 75 51 101 102 83 30 45 77 92 53 85 89 46 78 57 11 90 13 54 19 86 35 67 58 3 14 60 112 25 21 37 69 22 41 97 73 49 38 70 26 81 104 6 5 28 9 17 42 98 33 65 74 1 50 100 82 44 76 52 84 88 12 56 10 18 34 66 2 24 20 36 40 68 96 72 48 80 4 8 16 32 64 0 

127 125 126 119 123 111 124 122 121 118 117 115 95 110 109 120 107 116 114 94 103 63 108 113 93 106 91 105 87 62 102 92 112 79 101 61 99 59 90 55 89 104 31 47 86 85 29 19 7 78 45 21 100 57 60 77 71 97 14 41 81 33 1 56 58 98 51 13 83 52 17 26 76 37 25 12 10 42 84 3 38 6 96 34 36 49 80 23 72 2 4 64 88 48 0 27 8 15 74 16 32 69 65 20 50 75 68 40 67 66 18 9 24 70 22 82 53 44 5 73 11 28 54 46 43 35 39 30 

0.000000000000 0.000000000000 0.000000000000 0.000087326000 0.000000000181 0.000294740000 0.000464260000 0.046391000000 0.000000000015 0.000596630000 0.001518500000 0.090715000000 0.007974600000 0.170940000000 0.258320000000 0.696740000000 0.000024885000 0.012243000000 0.026084000000 0.262640000000 0.072520000000 0.385790000000 0.446470000000 0.835570000000 0.160940000000 0.515550000000 0.514130000000 0.873300000000 0.487300000000 0.855540000000 0.785270000000 0.986310000000 0.008421100000 0.132360000000 0.193110000000 0.561000000000 0.255140000000 0.616110000000 0.586900000000 0.915090000000 0.289720000000 0.630350000000 0.575180000000 0.910320000000 0.521010000000 0.880970000000 0.801400000000 0.989940000000 0.275130000000 0.602380000000 0.541780000000 0.887450000000 0.497790000000 0.865980000000 0.792000000000 0.987980000000 0.422930000000 0.796230000000 0.768970000000 0.986120000000 0.638080000000 0.953580000000 0.857800000000 0.999140000000 0.097444000000 0.326380000000 0.325940000000 0.695540000000 0.316760000000 0.659790000000 0.608340000000 0.927580000000 0.298540000000 0.626090000000 0.568960000000 0.903930000000 0.505600000000 0.870520000000 0.793220000000 0.987990000000 0.276250000000 0.597160000000 0.538580000000 0.883190000000 0.485640000000 0.854340000000 0.784200000000 0.985930000000 0.418390000000 0.796190000000 0.762170000000 0.984580000000 0.632390000000 0.952130000000 0.856620000000 0.999010000000 0.242550000000 0.530810000000 0.479050000000 0.847420000000 0.428630000000 0.800320000000 0.729980000000 0.970880000000 0.404000000000 0.773350000000 0.739300000000 0.979010000000 0.628970000000 0.950320000000 0.854120000000 0.998780000000 0.326980000000 0.673440000000 0.623980000000 0.927240000000 0.611170000000 0.944690000000 0.852890000000 0.998730000000 0.449420000000 0.835790000000 0.842190000000 0.998620000000 0.666150000000 0.959790000000 0.869460000000 0.999860000000 

0.000000000000 0.000000000000 0.000000000000 0.000118570000 0.000000000045 0.000453400000 0.001344100000 0.100310000000 0.000000000003 0.001707900000 0.003520000000 0.197390000000 0.019988000000 0.349530000000 0.517360000000 0.926130000000 0.000019703000 0.031190000000 0.064738000000 0.512900000000 0.189300000000 0.712950000000 0.826370000000 0.977110000000 0.436130000000 0.888730000000 0.939710000000 0.983660000000 0.960680000000 0.984110000000 0.983870000000 0.984290000000 0.030416000000 0.367850000000 0.527270000000 0.922410000000 0.720470000000 0.964650000000 0.972970000000 0.984370000000 0.878950000000 0.980490000000 0.982480000000 0.984280000000 0.984140000000 0.984660000000 0.983980000000 0.984330000000 0.938630000000 0.983480000000 0.983820000000 0.984210000000 0.984430000000 0.984390000000 0.984930000000 0.984340000000 0.983860000000 0.984630000000 0.984400000000 0.984460000000 0.984490000000 0.984520000000 0.984410000000 0.984370000000 0.445480000000 0.882300000000 0.940300000000 0.983810000000 0.964230000000 0.984100000000 0.983680000000 0.984090000000 0.971960000000 0.985150000000 0.984670000000 0.984180000000 0.984130000000 0.984420000000 0.984330000000 0.984370000000 0.978620000000 0.985470000000 0.983540000000 0.984770000000 0.985500000000 0.984270000000 0.983950000000 0.984490000000 0.985750000000 0.984280000000 0.984210000000 0.984310000000 0.985620000000 0.984290000000 0.984050000000 0.984400000000 0.977970000000 0.986190000000 0.983270000000 0.985020000000 0.984370000000 0.984200000000 0.984260000000 0.984580000000 0.984340000000 0.984660000000 0.983560000000 0.984410000000 0.983360000000 0.984550000000 0.984200000000 0.984390000000 0.984390000000 0.983890000000 0.984140000000 0.984270000000 0.984950000000 0.984270000000 0.984570000000 0.984380000000 0.983390000000 0.984290000000 0.984870000000 0.984360000000 0.984280000000 0.984350000000 0.984060000000 0.984370000000 

N_obs: 4000

File Format:
1- most to least reliable channels (taken entropies)
2- most to least reliable channels (taken error probabilities)
3- channels entropies (flipped)
4- channels error probabilities (flipped)
5- number of MontCarlo simulations
