127 126 125 119 123 124 111 122 121 118 117 95 115 110 109 120 63 107 31 116 94 103 47 79 55 93 87 59 15 91 61 114 62 23 39 71 27 113 7 29 108 43 75 51 99 83 30 45 77 105 53 106 101 85 46 11 78 13 102 57 19 54 35 89 67 86 3 14 58 90 92 60 25 21 37 69 22 41 49 38 73 70 97 26 81 6 112 5 28 9 17 33 65 42 1 50 74 98 44 82 76 104 52 100 84 12 56 88 10 18 34 66 2 24 20 36 40 48 68 72 96 80 4 8 16 32 64 0 

127 126 125 119 123 124 111 122 121 118 117 115 95 110 120 109 116 107 63 94 114 103 93 113 108 91 106 87 105 62 79 102 61 112 92 101 59 99 47 53 85 55 78 89 22 60 97 19 7 67 77 46 69 58 65 42 83 90 41 54 11 74 38 86 100 27 84 98 52 20 70 37 82 75 21 34 23 96 40 104 9 81 68 16 32 12 0 8 44 36 72 64 3 18 4 80 24 31 1 5 56 6 66 48 2 76 10 30 88 28 33 14 25 29 26 17 57 50 73 49 45 39 13 43 35 51 71 15 

0.000000000000 0.000000000001 0.000000000133 0.000865560000 0.000005823500 0.003092600000 0.004877900000 0.138560000000 0.000003932300 0.011497000000 0.022215000000 0.254520000000 0.067209000000 0.382320000000 0.448270000000 0.841050000000 0.002086800000 0.075818000000 0.128980000000 0.495290000000 0.210280000000 0.580660000000 0.577660000000 0.909800000000 0.273660000000 0.628900000000 0.582470000000 0.913800000000 0.525950000000 0.887810000000 0.806940000000 0.991190000000 0.046456000000 0.265660000000 0.308110000000 0.695790000000 0.330770000000 0.685350000000 0.638350000000 0.938970000000 0.320360000000 0.662580000000 0.603210000000 0.924690000000 0.537470000000 0.897410000000 0.813510000000 0.992280000000 0.285040000000 0.621490000000 0.565200000000 0.899820000000 0.516680000000 0.880970000000 0.805060000000 0.990840000000 0.426940000000 0.805510000000 0.784740000000 0.989610000000 0.643660000000 0.955650000000 0.861400000000 0.999340000000 0.143620000000 0.385380000000 0.349920000000 0.730260000000 0.329980000000 0.679540000000 0.629340000000 0.935830000000 0.302730000000 0.636310000000 0.579150000000 0.911090000000 0.519700000000 0.877770000000 0.798510000000 0.989010000000 0.284020000000 0.612340000000 0.547670000000 0.890770000000 0.497590000000 0.865820000000 0.793920000000 0.988440000000 0.423060000000 0.802690000000 0.776190000000 0.987730000000 0.637040000000 0.954490000000 0.858470000000 0.999190000000 0.245260000000 0.541330000000 0.484300000000 0.849810000000 0.437760000000 0.808560000000 0.732880000000 0.972180000000 0.405520000000 0.786670000000 0.753280000000 0.983430000000 0.635550000000 0.953060000000 0.856650000000 0.999080000000 0.330070000000 0.677750000000 0.625600000000 0.926300000000 0.620410000000 0.948140000000 0.856100000000 0.999030000000 0.454000000000 0.835870000000 0.846010000000 0.998920000000 0.669040000000 0.959670000000 0.870170000000 0.999880000000 

0.000000000000 0.000000000000 0.000000000029 0.002553100000 0.000004908000 0.008512700000 0.013083000000 0.300180000000 0.000002628200 0.027615000000 0.055446000000 0.498860000000 0.170110000000 0.703080000000 0.819920000000 0.976250000000 0.005995100000 0.199780000000 0.326100000000 0.833360000000 0.550810000000 0.927520000000 0.954920000000 0.984290000000 0.779680000000 0.970860000000 0.978410000000 0.984110000000 0.980910000000 0.984130000000 0.983630000000 0.984260000000 0.172050000000 0.700010000000 0.818570000000 0.976730000000 0.917240000000 0.983990000000 0.983140000000 0.984630000000 0.952930000000 0.984100000000 0.982840000000 0.984130000000 0.983980000000 0.984200000000 0.984340000000 0.984430000000 0.966540000000 0.983040000000 0.983790000000 0.984500000000 0.984200000000 0.984040000000 0.984970000000 0.984400000000 0.986200000000 0.984190000000 0.983800000000 0.984340000000 0.983790000000 0.984470000000 0.983900000000 0.984410000000 0.694500000000 0.962300000000 0.974320000000 0.983520000000 0.979890000000 0.983820000000 0.984770000000 0.984450000000 0.983020000000 0.984030000000 0.982630000000 0.984160000000 0.985900000000 0.984880000000 0.985050000000 0.984470000000 0.982480000000 0.983800000000 0.985150000000 0.984370000000 0.985530000000 0.983910000000 0.984000000000 0.984280000000 0.985260000000 0.984070000000 0.984200000000 0.984400000000 0.985630000000 0.984230000000 0.984670000000 0.984360000000 0.984440000000 0.984520000000 0.984700000000 0.984660000000 0.984110000000 0.984720000000 0.984690000000 0.984430000000 0.984250000000 0.983410000000 0.984210000000 0.984170000000 0.983690000000 0.984420000000 0.984740000000 0.984350000000 0.987970000000 0.984670000000 0.985360000000 0.984360000000 0.984040000000 0.984510000000 0.984340000000 0.984370000000 0.983700000000 0.984460000000 0.984440000000 0.984420000000 0.984420000000 0.984480000000 0.984440000000 0.984370000000 

N_obs: 4000

File Format:
1- most to least reliable channels (taken entropies)
2- most to least reliable channels (taken error probabilities)
3- channels entropies (flipped)
4- channels error probabilities (flipped)
5- number of MontCarlo simulations
