127 126 125 123 119 63 95 124 111 31 47 79 122 55 15 87 59 103 23 91 121 61 107 93 115 118 62 117 39 109 71 27 94 43 7 110 75 29 11 30 45 51 83 77 53 46 85 99 13 21 78 101 54 57 19 86 35 5 89 67 37 14 69 58 105 3 102 90 113 22 25 106 41 60 114 120 73 38 26 92 49 70 42 81 116 6 108 97 74 9 17 28 33 10 65 50 1 82 44 98 76 52 18 34 66 2 84 12 100 56 20 88 104 24 112 36 40 68 72 48 80 4 96 8 16 32 64 0 

127 126 125 123 119 124 122 111 121 118 95 117 115 63 110 120 107 91 109 55 79 59 93 78 7 94 103 53 13 71 101 54 45 51 29 19 92 37 3 67 102 58 99 74 57 10 9 41 108 12 116 98 75 28 88 50 38 34 90 40 66 86 100 14 69 106 96 80 32 24 72 36 4 0 18 44 8 62 33 16 64 68 112 70 48 17 76 47 82 60 6 56 104 52 5 87 84 26 20 25 85 65 49 42 114 22 77 1 2 73 31 97 81 21 89 23 35 61 30 83 113 46 43 15 39 105 27 11 

0.000106150000 0.024098000000 0.048256000000 0.324610000000 0.117810000000 0.459470000000 0.532670000000 0.848210000000 0.243500000000 0.584660000000 0.588240000000 0.875420000000 0.574820000000 0.846090000000 0.819280000000 0.980380000000 0.327390000000 0.633860000000 0.595500000000 0.880780000000 0.559110000000 0.833430000000 0.800050000000 0.973930000000 0.515430000000 0.810440000000 0.754600000000 0.958570000000 0.731490000000 0.927890000000 0.884980000000 0.997060000000 0.319930000000 0.611680000000 0.569000000000 0.863190000000 0.532120000000 0.814850000000 0.785480000000 0.968660000000 0.480160000000 0.775780000000 0.725540000000 0.943770000000 0.697240000000 0.912250000000 0.870840000000 0.994290000000 0.444460000000 0.753070000000 0.710200000000 0.937260000000 0.646350000000 0.887620000000 0.859610000000 0.992610000000 0.598970000000 0.866680000000 0.790910000000 0.986980000000 0.785930000000 0.942850000000 0.904390000000 0.999510000000 0.300120000000 0.586140000000 0.540430000000 0.846080000000 0.505340000000 0.798410000000 0.765690000000 0.962010000000 0.462850000000 0.762180000000 0.715090000000 0.939340000000 0.685970000000 0.907420000000 0.866160000000 0.992690000000 0.420370000000 0.720630000000 0.677470000000 0.923460000000 0.617790000000 0.869710000000 0.835110000000 0.986070000000 0.590280000000 0.859990000000 0.787920000000 0.982730000000 0.780250000000 0.941880000000 0.902050000000 0.999380000000 0.386050000000 0.672910000000 0.646440000000 0.901930000000 0.602540000000 0.862640000000 0.826880000000 0.979590000000 0.531590000000 0.820050000000 0.752010000000 0.962900000000 0.772620000000 0.940260000000 0.900570000000 0.999280000000 0.467200000000 0.788410000000 0.741930000000 0.948150000000 0.668860000000 0.903980000000 0.898530000000 0.999210000000 0.626020000000 0.879490000000 0.785070000000 0.994610000000 0.804270000000 0.943560000000 0.909490000000 0.999730000000 

0.000206190000 0.064770000000 0.120340000000 0.652280000000 0.284340000000 0.832610000000 0.917140000000 0.994050000000 0.620260000000 0.960480000000 0.981720000000 0.996050000000 0.989460000000 0.996160000000 0.996420000000 0.996100000000 0.892040000000 0.993590000000 0.995370000000 0.996050000000 0.994610000000 0.996080000000 0.996480000000 0.996130000000 0.995700000000 0.995990000000 0.995800000000 0.996070000000 0.996010000000 0.996050000000 0.996220000000 0.996080000000 0.975150000000 0.995680000000 0.995570000000 0.995920000000 0.995270000000 0.996070000000 0.996350000000 0.996060000000 0.996130000000 0.996070000000 0.996150000000 0.996130000000 0.996420000000 0.996120000000 0.996240000000 0.996080000000 0.995500000000 0.995650000000 0.996180000000 0.996120000000 0.996050000000 0.996020000000 0.996210000000 0.996090000000 0.995760000000 0.996100000000 0.996080000000 0.996100000000 0.995950000000 0.996070000000 0.996150000000 0.996100000000 0.991570000000 0.996090000000 0.996380000000 0.996120000000 0.995510000000 0.995990000000 0.996030000000 0.996130000000 0.995430000000 0.995810000000 0.995730000000 0.996130000000 0.995830000000 0.996070000000 0.996150000000 0.996120000000 0.996120000000 0.996430000000 0.995830000000 0.996090000000 0.996450000000 0.996160000000 0.996040000000 0.996070000000 0.996470000000 0.996070000000 0.995930000000 0.996090000000 0.996370000000 0.996070000000 0.996090000000 0.996080000000 0.996220000000 0.996410000000 0.995850000000 0.996060000000 0.996520000000 0.996130000000 0.996140000000 0.996080000000 0.996350000000 0.996180000000 0.996330000000 0.996140000000 0.995910000000 0.996090000000 0.996120000000 0.996100000000 0.996470000000 0.996080000000 0.995760000000 0.996050000000 0.996670000000 0.996030000000 0.996040000000 0.996090000000 0.995670000000 0.996130000000 0.996130000000 0.996090000000 0.995940000000 0.996190000000 0.996180000000 0.996090000000 

N_obs: 4000

File Format:
1- most to least reliable channels (taken entropies)
2- most to least reliable channels (taken error probabilities)
3- channels entropies (flipped)
4- channels error probabilities (flipped)
5- number of MontCarlo simulations
