127 126 125 123 119 124 122 111 121 118 95 117 63 31 115 110 47 79 55 109 15 103 59 87 107 61 91 120 93 62 23 94 39 71 27 7 29 43 51 75 30 116 99 83 45 77 53 113 46 11 13 101 114 85 57 78 19 35 67 54 105 3 89 14 102 58 86 106 108 90 25 60 92 21 37 22 69 49 41 26 38 70 73 81 97 6 5 28 9 17 33 65 1 42 50 44 74 76 98 82 52 12 112 100 84 56 104 88 10 18 34 66 2 24 20 48 36 40 68 72 80 96 4 8 16 32 64 0 

127 126 125 123 119 124 122 111 121 118 117 95 115 110 120 109 63 116 107 94 103 114 93 113 108 91 87 62 106 61 71 101 79 105 57 43 102 45 30 78 70 85 59 51 92 75 11 76 28 25 81 47 100 22 13 82 88 33 34 104 97 38 10 17 98 54 80 72 21 49 40 65 3 64 60 8 4 50 44 32 48 16 0 36 42 15 56 96 24 68 26 77 5 39 18 20 2 37 66 9 46 23 1 112 12 69 6 83 52 90 41 67 14 84 73 74 35 86 31 58 99 19 53 27 89 55 29 7 

0.000000000000 0.000019915000 0.000032677000 0.015884000000 0.000513130000 0.036846000000 0.068607000000 0.393930000000 0.005273700000 0.108920000000 0.170920000000 0.557500000000 0.251870000000 0.636720000000 0.619540000000 0.930380000000 0.047757000000 0.280930000000 0.326240000000 0.714960000000 0.351700000000 0.713740000000 0.662360000000 0.948390000000 0.334460000000 0.688500000000 0.633860000000 0.938810000000 0.561560000000 0.912750000000 0.825710000000 0.994660000000 0.147180000000 0.419350000000 0.396060000000 0.773320000000 0.370130000000 0.734440000000 0.671690000000 0.951830000000 0.340660000000 0.694350000000 0.640500000000 0.940030000000 0.563000000000 0.913480000000 0.824510000000 0.994370000000 0.302350000000 0.641100000000 0.581680000000 0.907970000000 0.545120000000 0.899300000000 0.819930000000 0.993800000000 0.433760000000 0.818800000000 0.804030000000 0.993200000000 0.652390000000 0.957210000000 0.863040000000 0.999540000000 0.174240000000 0.418810000000 0.368830000000 0.748890000000 0.337810000000 0.691400000000 0.640590000000 0.940760000000 0.314940000000 0.653720000000 0.596300000000 0.917290000000 0.522050000000 0.885180000000 0.804190000000 0.990250000000 0.293170000000 0.620340000000 0.564460000000 0.898840000000 0.519230000000 0.883500000000 0.808560000000 0.991560000000 0.430820000000 0.812350000000 0.793080000000 0.991260000000 0.644440000000 0.956540000000 0.861500000000 0.999410000000 0.248760000000 0.552430000000 0.485670000000 0.853980000000 0.440670000000 0.811580000000 0.738130000000 0.973890000000 0.419040000000 0.796250000000 0.776190000000 0.988350000000 0.643150000000 0.955590000000 0.860150000000 0.999360000000 0.334060000000 0.680250000000 0.632200000000 0.928860000000 0.628210000000 0.952100000000 0.859560000000 0.999340000000 0.455900000000 0.837770000000 0.849090000000 0.999250000000 0.671580000000 0.959760000000 0.870810000000 0.999920000000 

0.000000000000 0.000016408000 0.000035199000 0.045270000000 0.001403800000 0.091384000000 0.167990000000 0.716800000000 0.016099000000 0.274610000000 0.415890000000 0.883950000000 0.639770000000 0.950450000000 0.968180000000 0.984660000000 0.161510000000 0.672310000000 0.801470000000 0.972990000000 0.897130000000 0.981940000000 0.982570000000 0.984230000000 0.945360000000 0.983040000000 0.982130000000 0.984070000000 0.985150000000 0.984270000000 0.984240000000 0.984420000000 0.597190000000 0.935710000000 0.960370000000 0.983730000000 0.974140000000 0.984750000000 0.985640000000 0.984210000000 0.977170000000 0.984990000000 0.983700000000 0.984820000000 0.984710000000 0.984180000000 0.984050000000 0.984280000000 0.982530000000 0.983640000000 0.984450000000 0.984000000000 0.983740000000 0.984920000000 0.984890000000 0.984290000000 0.982030000000 0.983660000000 0.984700000000 0.984440000000 0.984780000000 0.984580000000 0.984340000000 0.984350000000 0.880150000000 0.980320000000 0.981950000000 0.984360000000 0.983710000000 0.985120000000 0.982970000000 0.984400000000 0.986030000000 0.984270000000 0.985210000000 0.984720000000 0.983720000000 0.984370000000 0.984320000000 0.984370000000 0.984070000000 0.984580000000 0.983260000000 0.984370000000 0.983010000000 0.984390000000 0.984770000000 0.984330000000 0.984490000000 0.984240000000 0.984520000000 0.984390000000 0.984970000000 0.984220000000 0.984220000000 0.984370000000 0.985080000000 0.983380000000 0.986060000000 0.984000000000 0.985330000000 0.984440000000 0.984050000000 0.984430000000 0.984620000000 0.984140000000 0.984290000000 0.984510000000 0.985210000000 0.984490000000 0.984270000000 0.984370000000 0.984400000000 0.984790000000 0.984170000000 0.984680000000 0.983940000000 0.984270000000 0.984580000000 0.984360000000 0.986100000000 0.984700000000 0.984470000000 0.984360000000 0.984350000000 0.984510000000 0.984640000000 0.984370000000 

N_obs: 4000

File Format:
1- most to least reliable channels (taken entropies)
2- most to least reliable channels (taken error probabilities)
3- channels entropies (flipped)
4- channels error probabilities (flipped)
5- number of MontCarlo simulations
