127 126 125 123 119 63 111 95 31 124 47 79 55 15 59 87 103 61 122 91 121 107 115 39 23 62 93 71 27 117 7 109 118 29 94 110 51 30 43 75 99 45 83 53 77 13 11 46 19 57 78 35 67 3 54 14 101 85 89 58 105 102 86 113 25 60 90 106 114 120 21 49 22 92 37 26 38 69 70 116 108 41 97 6 73 81 5 28 9 17 33 65 1 50 44 42 76 52 12 74 98 82 56 10 18 34 66 100 2 84 88 104 112 24 48 20 36 40 96 68 72 80 4 16 8 32 64 0 

127 126 125 123 119 124 122 111 121 95 118 63 117 115 110 109 31 120 103 43 107 45 30 38 77 15 71 60 39 83 101 93 116 114 11 19 49 102 85 12 27 99 1 23 5 108 81 74 2 21 52 73 50 66 13 44 40 26 65 36 91 88 35 8 64 4 0 18 98 16 68 17 20 32 96 46 54 10 80 72 70 100 104 76 56 87 82 48 25 24 97 34 67 69 59 42 9 113 33 58 112 94 37 6 41 84 29 90 28 86 22 106 57 78 105 14 3 61 89 7 92 62 55 51 75 53 47 79 

0.000160240000 0.023859000000 0.048314000000 0.289660000000 0.101290000000 0.393480000000 0.423520000000 0.810810000000 0.184730000000 0.488310000000 0.454760000000 0.831790000000 0.428950000000 0.803690000000 0.742080000000 0.974620000000 0.217220000000 0.508230000000 0.461350000000 0.833100000000 0.427020000000 0.792090000000 0.726920000000 0.969880000000 0.377200000000 0.735900000000 0.686250000000 0.959550000000 0.591830000000 0.932140000000 0.840250000000 0.996920000000 0.218450000000 0.501010000000 0.445650000000 0.819050000000 0.404430000000 0.774350000000 0.705910000000 0.963580000000 0.375040000000 0.737010000000 0.688710000000 0.961160000000 0.599850000000 0.935850000000 0.842810000000 0.997360000000 0.317250000000 0.659190000000 0.611970000000 0.921630000000 0.581760000000 0.929800000000 0.841490000000 0.997320000000 0.446680000000 0.830340000000 0.830110000000 0.997130000000 0.659830000000 0.958990000000 0.867640000000 0.999820000000 0.190860000000 0.441010000000 0.384710000000 0.768250000000 0.355930000000 0.715320000000 0.658660000000 0.947310000000 0.330140000000 0.671730000000 0.610820000000 0.927550000000 0.535870000000 0.894170000000 0.812690000000 0.992360000000 0.306730000000 0.646190000000 0.592680000000 0.913580000000 0.566410000000 0.915830000000 0.833320000000 0.996190000000 0.436640000000 0.827010000000 0.823330000000 0.996160000000 0.659640000000 0.958730000000 0.866260000000 0.999770000000 0.253740000000 0.557550000000 0.499170000000 0.859590000000 0.449560000000 0.823500000000 0.746840000000 0.977770000000 0.437050000000 0.817480000000 0.811670000000 0.994790000000 0.654450000000 0.958670000000 0.865530000000 0.999700000000 0.336640000000 0.686030000000 0.633630000000 0.929420000000 0.642680000000 0.956110000000 0.865120000000 0.999710000000 0.459750000000 0.841060000000 0.855200000000 0.999670000000 0.670010000000 0.959890000000 0.871920000000 0.999930000000 

0.000341330000 0.083566000000 0.152030000000 0.683830000000 0.345620000000 0.841360000000 0.910790000000 0.982310000000 0.656080000000 0.954820000000 0.970660000000 0.983690000000 0.973950000000 0.983710000000 0.984650000000 0.984680000000 0.858820000000 0.980290000000 0.980850000000 0.984140000000 0.983030000000 0.985140000000 0.985240000000 0.984420000000 0.982780000000 0.983860000000 0.983480000000 0.984410000000 0.984010000000 0.984370000000 0.984580000000 0.984390000000 0.949140000000 0.984710000000 0.983600000000 0.985310000000 0.984330000000 0.984950000000 0.985310000000 0.984350000000 0.984480000000 0.985000000000 0.983960000000 0.984750000000 0.983420000000 0.984490000000 0.984170000000 0.984410000000 0.986380000000 0.985240000000 0.983280000000 0.984430000000 0.985640000000 0.984170000000 0.984230000000 0.984410000000 0.983310000000 0.984410000000 0.984590000000 0.984380000000 0.984580000000 0.984250000000 0.984310000000 0.984370000000 0.969960000000 0.985490000000 0.985300000000 0.983330000000 0.984590000000 0.984670000000 0.985190000000 0.984430000000 0.985560000000 0.984400000000 0.985700000000 0.984220000000 0.985620000000 0.984250000000 0.983840000000 0.984500000000 0.985890000000 0.984390000000 0.983040000000 0.984260000000 0.982850000000 0.984600000000 0.984730000000 0.984290000000 0.983390000000 0.983100000000 0.984720000000 0.984320000000 0.984360000000 0.984580000000 0.984660000000 0.984380000000 0.981150000000 0.983070000000 0.984800000000 0.985000000000 0.983990000000 0.984300000000 0.984500000000 0.984510000000 0.984130000000 0.985010000000 0.984210000000 0.984380000000 0.983830000000 0.984370000000 0.984380000000 0.984380000000 0.983290000000 0.985260000000 0.984260000000 0.983980000000 0.983760000000 0.984400000000 0.984620000000 0.984360000000 0.985310000000 0.984730000000 0.984140000000 0.984370000000 0.985270000000 0.984180000000 0.984120000000 0.984370000000 

N_obs: 4000

File Format:
1- most to least reliable channels (taken entropies)
2- most to least reliable channels (taken error probabilities)
3- channels entropies (flipped)
4- channels error probabilities (flipped)
5- number of MontCarlo simulations
