127 126 125 63 123 95 119 111 31 47 79 55 15 59 103 61 87 91 107 23 39 62 71 115 93 27 7 124 109 117 29 121 94 122 110 51 118 30 43 75 99 45 83 53 77 13 11 46 35 19 57 67 3 78 54 14 101 85 58 89 105 25 102 86 113 60 90 106 49 22 26 21 114 92 38 37 70 69 6 41 97 108 81 73 5 116 28 17 9 33 65 120 1 50 44 76 12 52 42 98 74 82 56 10 18 34 66 2 100 88 84 104 24 112 48 20 96 40 36 68 80 72 4 64 8 32 16 0 

127 126 125 123 119 124 111 122 121 95 63 118 59 91 117 89 93 67 23 115 61 114 30 25 101 38 75 60 79 55 1 78 12 70 94 9 6 13 22 47 41 34 21 66 73 107 116 65 52 49 82 108 84 24 88 2 90 10 120 5 0 80 20 32 40 64 71 16 4 50 68 48 8 96 44 104 72 36 110 18 81 43 100 69 74 102 56 92 45 112 17 113 106 28 26 42 97 109 83 76 39 58 98 19 33 85 37 11 15 57 51 53 14 105 35 3 86 46 87 99 54 7 29 77 31 62 103 27 

0.006424800000 0.102860000000 0.150920000000 0.476870000000 0.213060000000 0.531070000000 0.501830000000 0.871480000000 0.240440000000 0.550100000000 0.494670000000 0.860330000000 0.449190000000 0.826440000000 0.762550000000 0.980290000000 0.242570000000 0.536850000000 0.477200000000 0.846310000000 0.433180000000 0.805770000000 0.738510000000 0.973420000000 0.382040000000 0.745490000000 0.697870000000 0.964340000000 0.605340000000 0.937070000000 0.843690000000 0.997480000000 0.229320000000 0.516580000000 0.456230000000 0.829670000000 0.416020000000 0.785870000000 0.718110000000 0.967330000000 0.391960000000 0.758480000000 0.712310000000 0.970990000000 0.613950000000 0.944270000000 0.849200000000 0.998240000000 0.327220000000 0.673270000000 0.622720000000 0.925010000000 0.604680000000 0.939890000000 0.850040000000 0.998350000000 0.448620000000 0.834700000000 0.838430000000 0.998180000000 0.662920000000 0.959450000000 0.869270000000 0.999790000000 0.196960000000 0.447500000000 0.390170000000 0.773560000000 0.356740000000 0.716680000000 0.661770000000 0.948230000000 0.338180000000 0.681780000000 0.618190000000 0.929730000000 0.539260000000 0.897850000000 0.817960000000 0.993810000000 0.318880000000 0.656490000000 0.605700000000 0.919350000000 0.585580000000 0.929730000000 0.843080000000 0.997550000000 0.446360000000 0.833090000000 0.834420000000 0.997590000000 0.659800000000 0.959260000000 0.868090000000 0.999820000000 0.250520000000 0.558620000000 0.495700000000 0.862140000000 0.456850000000 0.823590000000 0.744340000000 0.978590000000 0.438960000000 0.823390000000 0.824570000000 0.996770000000 0.661470000000 0.959030000000 0.867280000000 0.999830000000 0.341580000000 0.688870000000 0.634530000000 0.928890000000 0.646530000000 0.957360000000 0.867350000000 0.999810000000 0.457560000000 0.841400000000 0.857790000000 0.999780000000 0.672350000000 0.959850000000 0.872660000000 0.999910000000 

0.024796000000 0.359260000000 0.512730000000 0.915510000000 0.730270000000 0.967900000000 0.972140000000 0.984340000000 0.887230000000 0.981070000000 0.982110000000 0.984180000000 0.983360000000 0.983430000000 0.984620000000 0.984570000000 0.952270000000 0.984460000000 0.984690000000 0.984260000000 0.984180000000 0.984630000000 0.985230000000 0.984420000000 0.986130000000 0.984530000000 0.983600000000 0.984490000000 0.985460000000 0.984790000000 0.984670000000 0.984410000000 0.972750000000 0.984010000000 0.983090000000 0.984550000000 0.981920000000 0.984310000000 0.982780000000 0.984280000000 0.985440000000 0.985340000000 0.984830000000 0.984270000000 0.984710000000 0.984260000000 0.984470000000 0.984370000000 0.983830000000 0.983940000000 0.985810000000 0.984730000000 0.983640000000 0.984520000000 0.984170000000 0.984430000000 0.984390000000 0.983950000000 0.984500000000 0.984390000000 0.983160000000 0.984150000000 0.984240000000 0.984380000000 0.978020000000 0.986020000000 0.983390000000 0.983770000000 0.981270000000 0.984770000000 0.985030000000 0.984540000000 0.983850000000 0.985670000000 0.985160000000 0.984250000000 0.985090000000 0.984390000000 0.984260000000 0.984400000000 0.984060000000 0.985430000000 0.984560000000 0.984420000000 0.984490000000 0.984660000000 0.984090000000 0.984380000000 0.984760000000 0.983620000000 0.984860000000 0.984450000000 0.985260000000 0.984140000000 0.984820000000 0.984370000000 0.986010000000 0.983500000000 0.985790000000 0.984630000000 0.986210000000 0.984660000000 0.983500000000 0.984280000000 0.983330000000 0.984050000000 0.984150000000 0.984370000000 0.984810000000 0.984460000000 0.984580000000 0.984390000000 0.984950000000 0.985170000000 0.984020000000 0.983950000000 0.984880000000 0.984320000000 0.984010000000 0.984400000000 0.985750000000 0.984020000000 0.984360000000 0.984390000000 0.985330000000 0.984300000000 0.983930000000 0.984370000000 

N_obs: 4000

File Format:
1- most to least reliable channels (taken entropies)
2- most to least reliable channels (taken error probabilities)
3- channels entropies (flipped)
4- channels error probabilities (flipped)
5- number of MontCarlo simulations
