127 126 125 124 123 122 121 120 119 118 117 116 115 114 113 111 110 109 108 107 106 105 103 102 101 99 95 94 93 92 91 90 89 87 86 85 83 79 78 77 75 63 62 61 60 59 58 55 47 31 54 53 57 71 46 51 45 43 112 100 97 104 39 84 98 81 88 82 74 76 70 30 73 29 52 69 56 50 27 44 67 49 42 41 96 23 38 80 37 72 28 68 26 35 15 48 66 25 22 40 65 21 36 19 14 34 24 13 33 11 7 20 64 18 17 3 5 9 12 10 6 32 1 2 16 4 8 0 

127 126 125 124 123 122 121 120 119 118 117 116 115 114 113 111 110 109 108 107 106 105 103 102 101 99 95 94 93 92 91 90 89 87 86 85 83 79 78 77 75 63 62 61 60 59 58 55 47 31 54 53 57 71 46 51 45 43 112 100 97 104 39 84 98 81 88 82 74 76 70 30 73 29 69 52 56 50 44 42 49 27 67 41 96 23 38 80 37 72 28 68 26 35 15 66 48 25 22 40 65 21 36 19 34 14 24 33 13 20 64 11 18 7 17 12 32 10 9 6 3 16 1 8 2 0 4 5 

0.000000000000 0.000000000000 0.000000000000 0.000000000000 0.000000000000 0.000000000000 0.000000000000 0.000000000000 0.000000000000 0.000000000000 0.000000000000 0.000000000000 0.000000000000 0.000000000000 0.000000000000 0.000000000002 0.000000000000 0.000000000000 0.000000000000 0.000000000000 0.000000000000 0.000000000000 0.000000000000 0.000000001444 0.000000000000 0.000000000000 0.000000000000 0.000000000011 0.000000000000 0.000000012092 0.000000000524 0.001711200000 0.000000000000 0.000000000000 0.000000000000 0.000000000000 0.000000000000 0.000000000000 0.000000000000 0.000000017911 0.000000000000 0.000000000000 0.000000000000 0.000000011706 0.000000000000 0.000000037532 0.000000014733 0.004378900000 0.000000000000 0.000000000000 0.000000000000 0.000000153170 0.000000000000 0.000000096057 0.000009124600 0.009459700000 0.000000000000 0.000001842600 0.000059188000 0.022433000000 0.000245220000 0.048640000000 0.116700000000 0.575240000000 0.000000000000 0.000000000000 0.000000000000 0.000000000000 0.000000000000 0.000000000000 0.000000000000 0.000072805000 0.000000000000 0.000000000000 0.000000000000 0.000050651000 0.000000000000 0.000136910000 0.000256900000 0.046261000000 0.000000000000 0.000000000000 0.000000000000 0.000207870000 0.000000000001 0.000347610000 0.001516000000 0.098689000000 0.000000004699 0.003495000000 0.007808300000 0.194420000000 0.033324000000 0.322520000000 0.462030000000 0.830290000000 0.000000000000 0.000002035200 0.000031126000 0.011312000000 0.000173540000 0.025069000000 0.050373000000 0.373070000000 0.001986800000 0.085707000000 0.154710000000 0.549960000000 0.283050000000 0.657270000000 0.699150000000 0.935620000000 0.039097000000 0.300110000000 0.412370000000 0.761000000000 0.467920000000 0.778010000000 0.759250000000 0.959230000000 0.479330000000 0.786280000000 0.736650000000 0.949620000000 0.720300000000 0.923240000000 0.884010000000 0.996680000000 

0.000000000000 0.000000000000 0.000000000000 0.000000000000 0.000000000000 0.000000000000 0.000000000000 0.000000000000 0.000000000000 0.000000000000 0.000000000000 0.000000000000 0.000000000000 0.000000000000 0.000000000000 0.000000000000 0.000000000000 0.000000000000 0.000000000000 0.000000000000 0.000000000000 0.000000000000 0.000000000000 0.000000000496 0.000000000000 0.000000000000 0.000000000000 0.000000000003 0.000000000000 0.000000005216 0.000000000166 0.004128100000 0.000000000000 0.000000000000 0.000000000000 0.000000000000 0.000000000000 0.000000000000 0.000000000000 0.000000007575 0.000000000000 0.000000000000 0.000000000000 0.000000004921 0.000000000000 0.000000019628 0.000000006225 0.009418200000 0.000000000000 0.000000000000 0.000000000000 0.000000082317 0.000000000000 0.000000042121 0.000011367000 0.024207000000 0.000000000000 0.000001123900 0.000095201000 0.048022000000 0.000662020000 0.100290000000 0.218830000000 0.859440000000 0.000000000000 0.000000000000 0.000000000000 0.000000000000 0.000000000000 0.000000000000 0.000000000000 0.000145700000 0.000000000000 0.000000000000 0.000000000000 0.000124150000 0.000000000000 0.000214920000 0.000490890000 0.101770000000 0.000000000000 0.000000000000 0.000000000000 0.000432770000 0.000000000000 0.000438310000 0.003503300000 0.200200000000 0.000000001812 0.008138600000 0.015560000000 0.375900000000 0.070288000000 0.582430000000 0.759170000000 0.984510000000 0.000000000000 0.000001871400 0.000074266000 0.025661000000 0.000540710000 0.056423000000 0.108190000000 0.659700000000 0.004745400000 0.186040000000 0.303840000000 0.850250000000 0.555730000000 0.947140000000 0.976320000000 0.995860000000 0.095278000000 0.612660000000 0.768030000000 0.984050000000 0.900000000000 0.992540000000 0.994920000000 0.996080000000 0.963840000000 0.995370000000 0.996220000000 0.996130000000 0.995690000000 0.996080000000 0.996040000000 0.996100000000 

N_obs: 4000

File Format:
1- most to least reliable channels (taken entropies)
2- most to least reliable channels (taken error probabilities)
3- channels entropies (flipped)
4- channels error probabilities (flipped)
5- number of MontCarlo simulations
