127 126 125 123 119 63 111 95 124 31 47 79 55 15 122 59 87 103 121 61 91 107 115 23 62 93 39 117 71 118 27 109 7 94 29 110 51 43 30 75 45 99 83 77 53 13 11 46 19 35 57 67 78 54 3 85 101 14 89 58 105 86 113 102 25 60 90 120 106 114 21 49 22 92 26 116 37 38 108 69 70 41 6 73 97 81 5 28 9 17 33 65 1 50 44 42 76 52 74 12 98 82 56 10 100 18 84 34 66 2 88 104 112 24 48 20 40 36 96 68 80 72 4 8 16 32 64 0 

127 126 125 123 119 124 122 111 121 118 95 117 63 115 110 120 109 107 87 103 94 75 7 47 61 43 15 91 31 108 113 25 79 99 86 46 58 106 69 105 12 82 6 104 50 1 22 85 38 14 70 65 76 112 11 34 71 52 84 73 40 36 72 68 83 100 32 102 20 4 9 48 64 0 5 8 26 16 2 80 74 24 42 96 10 88 116 66 18 17 41 56 37 44 21 101 30 98 93 53 28 23 3 13 92 49 33 19 77 54 114 89 51 62 57 67 35 90 39 97 45 60 81 27 29 78 59 55 

0.000108920000 0.014070000000 0.028834000000 0.235960000000 0.076580000000 0.341730000000 0.384970000000 0.780440000000 0.153220000000 0.449730000000 0.445680000000 0.820130000000 0.421190000000 0.795400000000 0.734450000000 0.973490000000 0.212370000000 0.503370000000 0.451440000000 0.826200000000 0.414160000000 0.781960000000 0.717630000000 0.967680000000 0.370010000000 0.734590000000 0.680360000000 0.957550000000 0.591620000000 0.931590000000 0.839660000000 0.996790000000 0.217910000000 0.493130000000 0.439730000000 0.817160000000 0.406880000000 0.770620000000 0.703400000000 0.962450000000 0.367740000000 0.732370000000 0.678910000000 0.958240000000 0.593340000000 0.933420000000 0.840150000000 0.996930000000 0.324220000000 0.662170000000 0.605660000000 0.919720000000 0.580340000000 0.926300000000 0.839460000000 0.997000000000 0.446660000000 0.827010000000 0.826790000000 0.996820000000 0.660630000000 0.958940000000 0.867170000000 0.999800000000 0.190740000000 0.436400000000 0.389300000000 0.766600000000 0.351360000000 0.710620000000 0.658320000000 0.947140000000 0.327890000000 0.670040000000 0.609300000000 0.925780000000 0.534980000000 0.894040000000 0.811680000000 0.992200000000 0.307080000000 0.646380000000 0.589540000000 0.910690000000 0.556710000000 0.911450000000 0.829960000000 0.995690000000 0.442170000000 0.826020000000 0.820590000000 0.995780000000 0.655480000000 0.958420000000 0.865560000000 0.999690000000 0.256110000000 0.558280000000 0.494170000000 0.862220000000 0.449770000000 0.818970000000 0.743640000000 0.977060000000 0.433630000000 0.814980000000 0.806470000000 0.994120000000 0.654840000000 0.957760000000 0.864980000000 0.999670000000 0.331320000000 0.687230000000 0.633220000000 0.929380000000 0.641810000000 0.955640000000 0.864610000000 0.999660000000 0.457880000000 0.839260000000 0.855520000000 0.999620000000 0.671520000000 0.959580000000 0.871730000000 0.999930000000 

0.000643340000 0.048591000000 0.094414000000 0.577490000000 0.243000000000 0.758120000000 0.855740000000 0.979530000000 0.531070000000 0.919710000000 0.953180000000 0.984470000000 0.969720000000 0.985080000000 0.983770000000 0.984260000000 0.820510000000 0.974050000000 0.980780000000 0.983660000000 0.980880000000 0.983900000000 0.984010000000 0.984080000000 0.981170000000 0.984380000000 0.984560000000 0.984360000000 0.983850000000 0.984570000000 0.985300000000 0.984430000000 0.933530000000 0.981540000000 0.984600000000 0.984760000000 0.983540000000 0.985220000000 0.985110000000 0.984460000000 0.980920000000 0.983870000000 0.984170000000 0.984320000000 0.984350000000 0.984050000000 0.985470000000 0.984410000000 0.983830000000 0.986340000000 0.984980000000 0.984240000000 0.982470000000 0.984420000000 0.984330000000 0.984340000000 0.984300000000 0.984220000000 0.984000000000 0.984340000000 0.985190000000 0.984470000000 0.984240000000 0.984390000000 0.966300000000 0.985160000000 0.983020000000 0.985450000000 0.986410000000 0.983890000000 0.985190000000 0.984520000000 0.987270000000 0.984980000000 0.984610000000 0.984310000000 0.985160000000 0.984080000000 0.984780000000 0.984380000000 0.982820000000 0.983890000000 0.985450000000 0.984550000000 0.983100000000 0.984420000000 0.984520000000 0.984330000000 0.985240000000 0.984190000000 0.984520000000 0.984330000000 0.985220000000 0.984300000000 0.984800000000 0.984370000000 0.983630000000 0.984560000000 0.985700000000 0.984630000000 0.985470000000 0.984390000000 0.983800000000 0.984420000000 0.984670000000 0.984170000000 0.984550000000 0.984380000000 0.984880000000 0.984480000000 0.984520000000 0.984400000000 0.983280000000 0.984220000000 0.984710000000 0.984040000000 0.984260000000 0.984430000000 0.984380000000 0.984390000000 0.982580000000 0.984070000000 0.984390000000 0.984380000000 0.984680000000 0.984400000000 0.984100000000 0.984390000000 

N_obs: 4000

File Format:
1- most to least reliable channels (taken entropies)
2- most to least reliable channels (taken error probabilities)
3- channels entropies (flipped)
4- channels error probabilities (flipped)
5- number of MontCarlo simulations
