127 126 125 123 119 111 122 121 124 117 118 115 95 110 109 107 120 116 94 114 103 93 108 113 63 91 106 105 87 102 62 79 92 31 47 61 55 59 101 112 15 90 99 23 39 71 89 27 75 43 83 86 29 85 7 77 45 51 30 104 78 53 11 46 57 54 58 13 19 60 21 35 67 37 69 14 100 5 3 97 22 98 25 41 73 38 70 81 26 49 74 42 82 88 6 9 50 28 17 84 33 65 76 10 44 1 52 18 34 66 56 2 12 20 36 68 96 24 40 72 80 48 4 8 16 32 64 0 

127 126 125 123 119 111 122 121 117 124 118 115 95 109 110 107 120 116 114 94 103 93 113 108 63 106 91 105 102 87 92 101 112 62 90 79 99 61 104 89 86 59 100 85 55 83 47 78 98 60 88 75 97 31 77 71 58 22 7 37 13 57 51 81 39 3 76 1 12 43 74 84 68 67 20 24 50 9 18 10 8 32 4 0 16 49 34 64 28 53 41 11 40 48 38 26 52 36 6 80 56 73 96 65 14 25 70 72 2 44 29 27 17 33 82 66 69 42 21 5 54 30 45 35 23 15 19 46 

0.000000000000 0.000000000000 0.000000000000 0.000003915300 0.000000000000 0.000000043195 0.000000172340 0.007567900000 0.000000000000 0.000037134000 0.000004016500 0.016949000000 0.000085794000 0.033125000000 0.070382000000 0.456020000000 0.000000000001 0.000476090000 0.000721860000 0.068592000000 0.004398300000 0.133300000000 0.233930000000 0.652960000000 0.034266000000 0.296370000000 0.419810000000 0.777120000000 0.499830000000 0.808020000000 0.798950000000 0.973250000000 0.000306560000 0.027929000000 0.056875000000 0.355170000000 0.131640000000 0.480970000000 0.568140000000 0.867000000000 0.257060000000 0.605050000000 0.614840000000 0.888300000000 0.603290000000 0.862370000000 0.833430000000 0.984260000000 0.349080000000 0.663580000000 0.629920000000 0.898580000000 0.586210000000 0.850920000000 0.818620000000 0.979710000000 0.545180000000 0.833100000000 0.771080000000 0.968230000000 0.757170000000 0.935750000000 0.894670000000 0.998450000000 0.077848000000 0.345750000000 0.403950000000 0.738350000000 0.414620000000 0.725710000000 0.706980000000 0.939030000000 0.407700000000 0.712150000000 0.668290000000 0.917220000000 0.642370000000 0.884090000000 0.849290000000 0.988680000000 0.382370000000 0.679610000000 0.638340000000 0.900720000000 0.588330000000 0.852020000000 0.816410000000 0.978950000000 0.542920000000 0.829120000000 0.770470000000 0.966050000000 0.750690000000 0.934650000000 0.891810000000 0.998150000000 0.359260000000 0.651040000000 0.612420000000 0.884780000000 0.570450000000 0.841480000000 0.808650000000 0.975360000000 0.507290000000 0.801230000000 0.743830000000 0.952500000000 0.729610000000 0.926960000000 0.885550000000 0.997220000000 0.456310000000 0.771310000000 0.728670000000 0.944500000000 0.670700000000 0.898650000000 0.879590000000 0.996640000000 0.615110000000 0.875000000000 0.791330000000 0.992010000000 0.795810000000 0.943490000000 0.907430000000 0.999650000000 

0.000000000000 0.000000000000 0.000000000000 0.000004044500 0.000000000000 0.000000017883 0.000000081121 0.016553000000 0.000000000000 0.000117980000 0.000002748200 0.034688000000 0.000324060000 0.069283000000 0.135020000000 0.730460000000 0.000000000000 0.001554000000 0.001525000000 0.144420000000 0.010182000000 0.270030000000 0.420000000000 0.909220000000 0.074182000000 0.556160000000 0.719460000000 0.974680000000 0.871930000000 0.992310000000 0.994330000000 0.996140000000 0.000676160000 0.071739000000 0.127220000000 0.664800000000 0.296570000000 0.823580000000 0.912430000000 0.993910000000 0.608900000000 0.954160000000 0.978410000000 0.996040000000 0.989490000000 0.996200000000 0.995830000000 0.996130000000 0.861210000000 0.992120000000 0.994530000000 0.996000000000 0.994280000000 0.996040000000 0.996140000000 0.996150000000 0.995570000000 0.996150000000 0.996240000000 0.996040000000 0.996050000000 0.996210000000 0.996150000000 0.996110000000 0.234540000000 0.793560000000 0.896310000000 0.993670000000 0.959740000000 0.995620000000 0.995810000000 0.996130000000 0.983410000000 0.996320000000 0.996110000000 0.996130000000 0.995820000000 0.996070000000 0.996100000000 0.996120000000 0.991560000000 0.996630000000 0.996400000000 0.996180000000 0.996040000000 0.996260000000 0.996110000000 0.996120000000 0.995930000000 0.996120000000 0.995780000000 0.996130000000 0.996400000000 0.996100000000 0.996200000000 0.996090000000 0.994420000000 0.996330000000 0.996200000000 0.996110000000 0.996200000000 0.996130000000 0.996150000000 0.996070000000 0.996480000000 0.995660000000 0.996260000000 0.996060000000 0.996520000000 0.996080000000 0.996200000000 0.996100000000 0.996500000000 0.996150000000 0.995790000000 0.996030000000 0.996110000000 0.996080000000 0.996080000000 0.996080000000 0.995730000000 0.996130000000 0.996270000000 0.996090000000 0.995970000000 0.996160000000 0.996000000000 0.996090000000 

N_obs: 4000

File Format:
1- most to least reliable channels (taken entropies)
2- most to least reliable channels (taken error probabilities)
3- channels entropies (flipped)
4- channels error probabilities (flipped)
5- number of MontCarlo simulations
