127 126 125 63 123 95 111 119 31 47 79 55 15 59 103 61 87 91 107 62 23 71 39 27 7 93 115 109 29 117 121 124 94 110 51 122 118 30 43 99 75 45 53 83 77 13 11 19 35 46 57 67 3 78 54 14 101 58 89 85 105 25 102 86 113 60 90 106 49 26 22 21 114 38 70 37 92 69 6 97 41 108 81 73 5 116 28 17 9 33 65 1 120 50 44 76 12 52 42 98 74 82 56 10 34 18 2 66 100 88 84 104 24 112 48 20 96 40 36 68 80 72 4 16 8 32 64 0 

127 126 125 123 119 124 111 122 95 121 63 103 59 31 39 118 94 117 23 55 27 92 25 35 97 26 73 99 44 46 52 101 120 9 17 54 93 41 12 116 65 75 34 18 89 69 81 107 76 66 13 104 2 14 74 71 68 48 58 108 50 80 36 57 28 1 100 113 112 91 32 64 4 20 40 16 8 88 38 0 42 72 96 110 6 56 115 5 37 10 85 24 84 87 45 70 19 62 49 82 109 102 78 29 105 22 67 98 60 11 21 43 77 15 79 114 33 3 47 106 61 7 53 51 83 30 90 86 

0.011017000000 0.131230000000 0.180800000000 0.515630000000 0.229780000000 0.545960000000 0.514200000000 0.880520000000 0.246900000000 0.560530000000 0.498010000000 0.862520000000 0.459940000000 0.830690000000 0.763760000000 0.981060000000 0.241320000000 0.538390000000 0.481740000000 0.847990000000 0.437820000000 0.806670000000 0.739630000000 0.973630000000 0.384670000000 0.749720000000 0.699750000000 0.965140000000 0.604580000000 0.937280000000 0.844390000000 0.997580000000 0.236690000000 0.525490000000 0.459620000000 0.838300000000 0.427760000000 0.790160000000 0.720440000000 0.967890000000 0.395830000000 0.762380000000 0.721420000000 0.973270000000 0.620860000000 0.946710000000 0.850610000000 0.998420000000 0.327920000000 0.673900000000 0.622570000000 0.925590000000 0.607740000000 0.942620000000 0.851430000000 0.998530000000 0.449620000000 0.834430000000 0.840530000000 0.998390000000 0.665010000000 0.959480000000 0.869020000000 0.999880000000 0.197480000000 0.444690000000 0.394450000000 0.772230000000 0.356930000000 0.716990000000 0.664930000000 0.948650000000 0.333770000000 0.679900000000 0.617690000000 0.930440000000 0.540910000000 0.897390000000 0.818780000000 0.994290000000 0.317970000000 0.662550000000 0.609140000000 0.920740000000 0.589370000000 0.932870000000 0.845260000000 0.997850000000 0.449990000000 0.833280000000 0.836510000000 0.997850000000 0.661940000000 0.959050000000 0.868180000000 0.999860000000 0.259240000000 0.560570000000 0.494120000000 0.862560000000 0.453230000000 0.823890000000 0.745880000000 0.978010000000 0.444900000000 0.825890000000 0.826770000000 0.997050000000 0.659680000000 0.959290000000 0.867680000000 0.999840000000 0.335070000000 0.690710000000 0.635210000000 0.928410000000 0.649830000000 0.957570000000 0.867680000000 0.999840000000 0.457450000000 0.840880000000 0.858100000000 0.999790000000 0.672780000000 0.959340000000 0.872690000000 0.999940000000 

0.048265000000 0.445080000000 0.603350000000 0.939680000000 0.794360000000 0.974000000000 0.977220000000 0.984040000000 0.911420000000 0.983230000000 0.983480000000 0.984170000000 0.984450000000 0.984910000000 0.984370000000 0.984370000000 0.958230000000 0.984390000000 0.984570000000 0.984330000000 0.984240000000 0.985040000000 0.984650000000 0.984270000000 0.981970000000 0.984580000000 0.984040000000 0.984370000000 0.983960000000 0.984730000000 0.983810000000 0.984390000000 0.976310000000 0.983400000000 0.984130000000 0.983660000000 0.984370000000 0.985730000000 0.984210000000 0.984390000000 0.984490000000 0.985890000000 0.984470000000 0.984470000000 0.985490000000 0.984560000000 0.984230000000 0.984340000000 0.984910000000 0.984590000000 0.984870000000 0.984250000000 0.984200000000 0.984300000000 0.983930000000 0.984390000000 0.984310000000 0.984510000000 0.984220000000 0.984310000000 0.984680000000 0.984250000000 0.984170000000 0.984370000000 0.979250000000 0.984530000000 0.985130000000 0.984740000000 0.982790000000 0.984330000000 0.984340000000 0.984430000000 0.983550000000 0.984100000000 0.985300000000 0.984010000000 0.985330000000 0.984340000000 0.984560000000 0.984320000000 0.984990000000 0.984000000000 0.984490000000 0.983990000000 0.984850000000 0.984390000000 0.984150000000 0.984380000000 0.983180000000 0.984390000000 0.984470000000 0.984340000000 0.983780000000 0.984200000000 0.984920000000 0.984370000000 0.983150000000 0.985710000000 0.984600000000 0.984350000000 0.983610000000 0.983920000000 0.983770000000 0.984470000000 0.983550000000 0.984650000000 0.984830000000 0.984380000000 0.984530000000 0.984210000000 0.984090000000 0.984380000000 0.984900000000 0.984280000000 0.984250000000 0.984170000000 0.984790000000 0.984470000000 0.984090000000 0.984390000000 0.985170000000 0.984410000000 0.984460000000 0.984380000000 0.984980000000 0.984270000000 0.984360000000 0.984390000000 

N_obs: 4000

File Format:
1- most to least reliable channels (taken entropies)
2- most to least reliable channels (taken error probabilities)
3- channels entropies (flipped)
4- channels error probabilities (flipped)
5- number of MontCarlo simulations
