127 126 125 123 119 111 122 95 121 118 124 117 115 110 107 109 94 103 93 120 116 91 114 63 113 108 106 105 87 102 101 92 62 90 79 99 61 112 89 86 59 104 85 55 100 47 31 83 78 60 15 98 77 88 23 75 71 58 39 27 43 57 97 29 51 45 53 7 54 30 46 84 11 19 13 82 67 21 35 81 69 37 14 73 22 3 5 70 25 74 76 41 38 49 26 42 50 9 56 6 28 17 44 65 96 52 33 10 1 18 66 34 12 2 20 80 68 36 72 24 40 48 4 8 16 64 32 0 

127 126 125 123 119 111 122 95 121 118 124 117 115 110 107 109 94 103 120 116 93 114 91 63 113 108 106 105 87 102 101 92 90 62 99 79 112 89 61 86 104 59 85 100 83 78 55 98 60 88 77 97 58 47 84 75 57 82 54 71 31 81 53 76 96 51 46 74 45 73 43 7 27 56 35 29 70 67 25 14 52 30 38 11 1 66 80 37 9 69 17 72 20 2 48 42 28 65 41 68 24 34 40 36 16 64 19 0 8 15 32 4 33 12 6 3 22 18 10 21 44 5 50 13 49 26 39 23 

0.000000000000 0.000000000000 0.000000000000 0.000000000000 0.000000000000 0.000000000000 0.000000000000 0.000156950000 0.000000000000 0.000000000000 0.000000000000 0.000246190000 0.000000000000 0.000462180000 0.000783520000 0.093096000000 0.000000000000 0.000000000014 0.000000161990 0.001580900000 0.000000007787 0.002164000000 0.005529200000 0.173700000000 0.000003921500 0.012435000000 0.026656000000 0.303390000000 0.081447000000 0.455820000000 0.578780000000 0.883500000000 0.000000000000 0.000001650900 0.000083411000 0.027446000000 0.000416520000 0.050881000000 0.100190000000 0.487540000000 0.005790400000 0.145760000000 0.248260000000 0.652030000000 0.367340000000 0.720730000000 0.737510000000 0.951390000000 0.068815000000 0.368530000000 0.462740000000 0.800020000000 0.497200000000 0.796130000000 0.773270000000 0.964860000000 0.497300000000 0.794200000000 0.740170000000 0.951750000000 0.721430000000 0.923950000000 0.883390000000 0.996730000000 0.000584960000 0.045057000000 0.085312000000 0.404480000000 0.171900000000 0.520310000000 0.575960000000 0.872080000000 0.288130000000 0.612750000000 0.605020000000 0.884710000000 0.595780000000 0.854060000000 0.824640000000 0.982200000000 0.341280000000 0.635430000000 0.602390000000 0.880900000000 0.558020000000 0.834440000000 0.801530000000 0.974160000000 0.521740000000 0.811260000000 0.755580000000 0.958570000000 0.735430000000 0.929060000000 0.886800000000 0.997320000000 0.343020000000 0.635240000000 0.588570000000 0.873170000000 0.550240000000 0.825140000000 0.794940000000 0.971400000000 0.496140000000 0.788750000000 0.734250000000 0.948100000000 0.715600000000 0.920140000000 0.878660000000 0.995920000000 0.449960000000 0.761280000000 0.720590000000 0.940530000000 0.663010000000 0.893530000000 0.869840000000 0.994690000000 0.608680000000 0.873090000000 0.793950000000 0.989930000000 0.789880000000 0.943250000000 0.906040000000 0.999590000000 

0.000000000000 0.000000000000 0.000000000000 0.000000000000 0.000000000000 0.000000000000 0.000000000000 0.000271850000 0.000000000000 0.000000000000 0.000000000000 0.000345480000 0.000000000000 0.000989060000 0.002024100000 0.183330000000 0.000000000000 0.000000000004 0.000000091311 0.003358000000 0.000000003228 0.004688400000 0.011350000000 0.331220000000 0.000002930400 0.026092000000 0.052720000000 0.535720000000 0.158070000000 0.740030000000 0.872160000000 0.992780000000 0.000000000000 0.000000882440 0.000364520000 0.060948000000 0.001124100000 0.110940000000 0.197910000000 0.778320000000 0.012903000000 0.306660000000 0.465560000000 0.923930000000 0.693530000000 0.974180000000 0.987830000000 0.995980000000 0.164450000000 0.715850000000 0.849300000000 0.990550000000 0.938030000000 0.994900000000 0.995280000000 0.996030000000 0.977460000000 0.995720000000 0.996020000000 0.996060000000 0.995800000000 0.995970000000 0.996060000000 0.996090000000 0.001255200000 0.124660000000 0.210030000000 0.773300000000 0.414060000000 0.890960000000 0.957500000000 0.995520000000 0.721930000000 0.976280000000 0.988650000000 0.995940000000 0.992860000000 0.996360000000 0.996370000000 0.996050000000 0.917360000000 0.994430000000 0.994960000000 0.996230000000 0.995370000000 0.996050000000 0.996060000000 0.996070000000 0.996630000000 0.995950000000 0.996000000000 0.996080000000 0.995550000000 0.996070000000 0.996120000000 0.996110000000 0.979110000000 0.995950000000 0.995670000000 0.996060000000 0.995450000000 0.996370000000 0.995840000000 0.996060000000 0.996880000000 0.996170000000 0.996200000000 0.996040000000 0.996100000000 0.996180000000 0.996030000000 0.996090000000 0.996100000000 0.995930000000 0.996370000000 0.996120000000 0.995960000000 0.996190000000 0.996010000000 0.996100000000 0.995390000000 0.996120000000 0.996290000000 0.996110000000 0.996160000000 0.996040000000 0.995970000000 0.996100000000 

N_obs: 4000

File Format:
1- most to least reliable channels (taken entropies)
2- most to least reliable channels (taken error probabilities)
3- channels entropies (flipped)
4- channels error probabilities (flipped)
5- number of MontCarlo simulations
