127 126 125 63 123 95 119 111 31 47 79 55 15 59 103 61 87 91 107 23 124 62 71 39 115 27 93 7 109 117 121 29 122 94 110 51 118 30 43 75 45 99 53 83 77 13 11 46 57 19 35 67 78 3 54 14 101 85 58 89 105 25 102 86 113 60 90 106 49 21 22 26 114 38 92 37 70 69 6 41 97 108 81 73 116 5 120 28 9 17 33 65 1 50 44 76 42 52 12 98 74 82 56 10 18 34 2 66 100 88 84 104 24 112 48 20 36 40 96 68 80 72 4 16 32 8 64 0 

127 126 125 123 119 124 111 122 95 121 63 118 117 115 103 19 83 71 27 59 62 43 93 29 57 94 67 23 39 87 60 77 13 105 110 91 44 45 22 107 90 12 56 14 114 52 1 78 113 75 41 31 74 55 66 9 42 69 36 40 100 81 108 37 84 96 48 25 72 21 97 8 2 32 109 0 68 64 10 4 120 16 20 34 50 28 112 46 80 76 51 99 82 18 104 35 73 24 30 49 88 58 116 70 106 86 6 98 33 7 17 26 54 15 5 65 101 89 102 79 92 38 85 53 11 47 3 61 

0.002923000000 0.079337000000 0.124610000000 0.439330000000 0.194500000000 0.510710000000 0.490600000000 0.861140000000 0.230790000000 0.539490000000 0.487280000000 0.855260000000 0.450740000000 0.824300000000 0.757900000000 0.979510000000 0.234410000000 0.534610000000 0.472820000000 0.843410000000 0.431460000000 0.800220000000 0.735790000000 0.972380000000 0.384020000000 0.746990000000 0.694430000000 0.963330000000 0.602180000000 0.935980000000 0.842640000000 0.997350000000 0.230350000000 0.513270000000 0.456700000000 0.830680000000 0.414480000000 0.786950000000 0.716010000000 0.966000000000 0.387840000000 0.753890000000 0.705850000000 0.968760000000 0.613180000000 0.942330000000 0.847750000000 0.998060000000 0.322990000000 0.672740000000 0.618270000000 0.923750000000 0.597920000000 0.938540000000 0.848130000000 0.998160000000 0.448740000000 0.832540000000 0.835940000000 0.997930000000 0.661160000000 0.959690000000 0.868980000000 0.999820000000 0.191740000000 0.448620000000 0.384100000000 0.769710000000 0.352900000000 0.712890000000 0.658040000000 0.947320000000 0.330020000000 0.681120000000 0.612770000000 0.927010000000 0.539140000000 0.897940000000 0.816420000000 0.993610000000 0.314210000000 0.656150000000 0.601560000000 0.918030000000 0.576870000000 0.926840000000 0.840680000000 0.997320000000 0.449090000000 0.829820000000 0.831200000000 0.997260000000 0.661110000000 0.959450000000 0.867460000000 0.999790000000 0.255610000000 0.556670000000 0.498050000000 0.862510000000 0.455410000000 0.823200000000 0.746180000000 0.978160000000 0.437340000000 0.822030000000 0.820770000000 0.996230000000 0.660790000000 0.958810000000 0.867050000000 0.999790000000 0.333790000000 0.687370000000 0.634930000000 0.929150000000 0.647280000000 0.956790000000 0.866470000000 0.999800000000 0.458630000000 0.840530000000 0.858030000000 0.999760000000 0.672930000000 0.959590000000 0.872250000000 0.999930000000 

0.012524000000 0.271480000000 0.425960000000 0.882020000000 0.656920000000 0.951910000000 0.966970000000 0.984390000000 0.857950000000 0.979840000000 0.981270000000 0.984580000000 0.981600000000 0.983960000000 0.984030000000 0.984410000000 0.942050000000 0.983760000000 0.984380000000 0.984320000000 0.983860000000 0.984590000000 0.983690000000 0.984480000000 0.982300000000 0.985020000000 0.984910000000 0.984290000000 0.984450000000 0.984670000000 0.984350000000 0.984330000000 0.963410000000 0.983420000000 0.983230000000 0.985140000000 0.983810000000 0.983890000000 0.985010000000 0.984570000000 0.983580000000 0.984630000000 0.985520000000 0.984330000000 0.982790000000 0.984450000000 0.984310000000 0.984420000000 0.985090000000 0.984020000000 0.983620000000 0.984420000000 0.984070000000 0.984170000000 0.984510000000 0.984340000000 0.982860000000 0.984590000000 0.984270000000 0.984380000000 0.983450000000 0.984180000000 0.984910000000 0.984380000000 0.977180000000 0.983130000000 0.986820000000 0.983610000000 0.983120000000 0.984580000000 0.983250000000 0.983930000000 0.984180000000 0.984830000000 0.985650000000 0.984000000000 0.984430000000 0.984410000000 0.984560000000 0.984340000000 0.986030000000 0.984410000000 0.983830000000 0.983810000000 0.983130000000 0.984240000000 0.984100000000 0.984290000000 0.983480000000 0.985240000000 0.984320000000 0.984280000000 0.984490000000 0.984400000000 0.984680000000 0.984380000000 0.984140000000 0.984560000000 0.983240000000 0.984410000000 0.983040000000 0.984830000000 0.984340000000 0.984510000000 0.983450000000 0.983860000000 0.984340000000 0.984390000000 0.982780000000 0.984460000000 0.984820000000 0.984390000000 0.984850000000 0.983950000000 0.983640000000 0.983920000000 0.985650000000 0.984380000000 0.984190000000 0.984370000000 0.984810000000 0.984670000000 0.984850000000 0.984380000000 0.986220000000 0.984370000000 0.984020000000 0.984380000000 

N_obs: 4000

File Format:
1- most to least reliable channels (taken entropies)
2- most to least reliable channels (taken error probabilities)
3- channels entropies (flipped)
4- channels error probabilities (flipped)
5- number of MontCarlo simulations
