127 126 125 123 119 111 95 124 122 118 117 121 115 110 107 109 103 120 94 116 93 114 113 63 108 91 106 105 87 102 92 101 62 90 79 112 61 99 89 59 86 104 31 55 47 85 15 100 23 83 71 78 39 75 27 77 60 43 29 7 51 45 98 53 58 30 57 46 11 54 88 97 19 13 67 21 35 69 37 14 84 81 3 22 5 73 25 82 41 70 38 74 26 49 42 76 50 6 9 28 17 65 33 44 10 52 1 56 18 66 34 96 12 2 20 68 36 80 72 24 40 48 4 8 16 64 32 0 

127 126 125 123 119 111 95 124 122 118 117 121 115 107 110 109 103 120 94 116 114 93 113 108 91 63 106 105 87 102 92 101 62 90 112 99 79 61 89 104 86 59 85 100 55 83 98 78 60 88 77 97 47 58 75 84 31 57 71 54 82 81 51 96 15 53 39 37 76 7 25 74 27 21 45 73 38 23 29 65 10 13 28 56 22 44 41 68 52 18 66 48 36 6 12 43 49 40 33 32 8 16 0 24 80 64 2 50 20 72 4 17 11 9 69 42 3 34 70 1 26 35 5 46 19 14 67 30 

0.000000000000 0.000000000000 0.000000000000 0.000000000001 0.000000000000 0.000000000001 0.000000000053 0.000767470000 0.000000000000 0.000000000006 0.000000000032 0.001231800000 0.000000017090 0.002109200000 0.004957000000 0.181490000000 0.000000000000 0.000000274570 0.000015691000 0.006437500000 0.000000370860 0.013010000000 0.027952000000 0.319040000000 0.000251880000 0.053378000000 0.103670000000 0.495330000000 0.228980000000 0.625870000000 0.692040000000 0.934130000000 0.000000000001 0.000785610000 0.001624700000 0.086773000000 0.006834800000 0.158880000000 0.266620000000 0.672530000000 0.046913000000 0.318720000000 0.430520000000 0.781250000000 0.499390000000 0.804880000000 0.789190000000 0.970150000000 0.173580000000 0.520370000000 0.557450000000 0.853710000000 0.541340000000 0.823390000000 0.794640000000 0.971700000000 0.516060000000 0.810210000000 0.755550000000 0.959670000000 0.736720000000 0.930250000000 0.888000000000 0.997520000000 0.005648000000 0.123460000000 0.200930000000 0.561360000000 0.302780000000 0.634770000000 0.643380000000 0.909050000000 0.354770000000 0.670100000000 0.634120000000 0.900940000000 0.611730000000 0.868190000000 0.837450000000 0.985710000000 0.356860000000 0.653280000000 0.617190000000 0.891940000000 0.571400000000 0.841520000000 0.807700000000 0.976050000000 0.527860000000 0.818390000000 0.762130000000 0.962210000000 0.743100000000 0.931500000000 0.888700000000 0.997690000000 0.350290000000 0.641010000000 0.596750000000 0.879190000000 0.554440000000 0.830580000000 0.800850000000 0.973110000000 0.497130000000 0.792380000000 0.739670000000 0.950040000000 0.718140000000 0.922710000000 0.881380000000 0.996500000000 0.460680000000 0.767480000000 0.723370000000 0.942470000000 0.662450000000 0.895710000000 0.873660000000 0.995540000000 0.610010000000 0.872570000000 0.793700000000 0.990530000000 0.792270000000 0.943340000000 0.906130000000 0.999600000000 

0.000000000000 0.000000000000 0.000000000000 0.000000000000 0.000000000000 0.000000000000 0.000000000016 0.001580300000 0.000000000000 0.000000000002 0.000000000008 0.002598500000 0.000000008318 0.003547300000 0.010631000000 0.343780000000 0.000000000000 0.000000174460 0.000021431000 0.014023000000 0.000000173560 0.026289000000 0.054589000000 0.553380000000 0.000312610000 0.111580000000 0.195200000000 0.773840000000 0.423770000000 0.909010000000 0.958790000000 0.995490000000 0.000000000000 0.001900800000 0.003552300000 0.183440000000 0.015011000000 0.328650000000 0.490620000000 0.931660000000 0.107880000000 0.622800000000 0.767140000000 0.983730000000 0.901570000000 0.993290000000 0.995030000000 0.996110000000 0.426910000000 0.913600000000 0.955540000000 0.995660000000 0.981210000000 0.995790000000 0.995850000000 0.996120000000 0.989110000000 0.996220000000 0.996160000000 0.996020000000 0.996580000000 0.996060000000 0.995930000000 0.996110000000 0.016800000000 0.321800000000 0.475030000000 0.920850000000 0.721470000000 0.977360000000 0.987630000000 0.996010000000 0.892990000000 0.992810000000 0.995570000000 0.996050000000 0.995300000000 0.996120000000 0.996090000000 0.996060000000 0.971750000000 0.996360000000 0.995820000000 0.996010000000 0.996080000000 0.996170000000 0.996020000000 0.996090000000 0.995620000000 0.995880000000 0.995640000000 0.996060000000 0.996310000000 0.996200000000 0.996090000000 0.996090000000 0.986410000000 0.996900000000 0.995920000000 0.996000000000 0.995800000000 0.996220000000 0.995760000000 0.996100000000 0.995910000000 0.996010000000 0.995820000000 0.996120000000 0.996420000000 0.996050000000 0.996140000000 0.996090000000 0.995490000000 0.996520000000 0.995970000000 0.996070000000 0.996150000000 0.995970000000 0.996160000000 0.996090000000 0.995750000000 0.996060000000 0.996330000000 0.996130000000 0.996190000000 0.996110000000 0.996220000000 0.996090000000 

N_obs: 4000

File Format:
1- most to least reliable channels (taken entropies)
2- most to least reliable channels (taken error probabilities)
3- channels entropies (flipped)
4- channels error probabilities (flipped)
5- number of MontCarlo simulations
