127 126 125 124 123 122 121 120 119 118 117 116 115 114 113 112 111 110 109 108 107 106 105 104 103 102 101 100 99 98 97 95 94 93 92 91 90 89 88 87 86 85 84 83 82 81 79 78 77 76 75 74 73 71 70 69 63 62 61 60 59 58 57 56 55 54 53 52 51 50 49 47 46 45 44 43 42 41 39 38 37 31 30 29 28 27 26 23 15 22 67 25 35 21 19 14 13 11 96 80 68 7 72 48 65 40 66 24 36 34 33 20 18 17 12 10 9 6 5 64 32 3 16 8 4 2 1 0 

127 126 125 124 123 122 121 120 119 118 117 116 115 114 113 112 111 110 109 108 107 106 105 104 103 102 101 100 99 98 97 95 94 93 92 91 90 89 88 87 86 85 84 83 82 81 79 78 77 76 75 74 73 71 70 69 63 62 61 60 59 58 57 56 55 54 53 52 51 50 49 47 46 45 44 43 42 41 39 38 37 31 30 29 28 27 26 23 15 67 22 25 35 21 19 14 13 11 96 80 68 7 72 48 65 40 66 24 36 34 33 18 12 17 20 10 9 6 5 64 32 16 3 8 4 2 1 0 

0.000000000000 0.000000000000 0.000000000000 0.000000000000 0.000000000000 0.000000000000 0.000000000000 0.000000000000 0.000000000000 0.000000000000 0.000000000000 0.000000000000 0.000000000000 0.000000000000 0.000000000000 0.000000000000 0.000000000000 0.000000000000 0.000000000000 0.000000000000 0.000000000000 0.000000000000 0.000000000000 0.000000000000 0.000000000000 0.000000000000 0.000000000000 0.000000000000 0.000000000000 0.000000000000 0.000000000000 0.000000000108 0.000000000000 0.000000000000 0.000000000000 0.000000000000 0.000000000000 0.000000000000 0.000000000000 0.000000000000 0.000000000000 0.000000000000 0.000000000000 0.000000000000 0.000000000000 0.000000000000 0.000000000000 0.000000004400 0.000000000000 0.000000000000 0.000000000000 0.000000000000 0.000000000000 0.000000000000 0.000000000000 0.000000074750 0.000000000000 0.000000000000 0.000000000000 0.000000016071 0.000000000000 0.000002168100 0.000000611680 0.008627100000 0.000000000000 0.000000000000 0.000000000000 0.000000000000 0.000000000000 0.000000000000 0.000000000000 0.000000000000 0.000000000000 0.000000000000 0.000000000000 0.000000000000 0.000000000000 0.000000000000 0.000000000000 0.000000098999 0.000000000000 0.000000000000 0.000000000000 0.000000000000 0.000000000000 0.000000000000 0.000000000000 0.000001451500 0.000000000000 0.000000000000 0.000000000000 0.000003417300 0.000000000000 0.000005660000 0.000019887000 0.017549000000 0.000000000000 0.000000000000 0.000000000000 0.000000000000 0.000000000000 0.000000000000 0.000000000000 0.000002632100 0.000000000000 0.000000000000 0.000000000000 0.000073407000 0.000000000000 0.000089317000 0.000168590000 0.037553000000 0.000000000000 0.000000000000 0.000000000001 0.000172030000 0.000000000005 0.000381630000 0.000913180000 0.090738000000 0.000000031361 0.004059000000 0.007534900000 0.187920000000 0.034056000000 0.325920000000 0.430440000000 0.847150000000 

0.000000000000 0.000000000000 0.000000000000 0.000000000000 0.000000000000 0.000000000000 0.000000000000 0.000000000000 0.000000000000 0.000000000000 0.000000000000 0.000000000000 0.000000000000 0.000000000000 0.000000000000 0.000000000000 0.000000000000 0.000000000000 0.000000000000 0.000000000000 0.000000000000 0.000000000000 0.000000000000 0.000000000000 0.000000000000 0.000000000000 0.000000000000 0.000000000000 0.000000000000 0.000000000000 0.000000000000 0.000000000023 0.000000000000 0.000000000000 0.000000000000 0.000000000000 0.000000000000 0.000000000000 0.000000000000 0.000000000000 0.000000000000 0.000000000000 0.000000000000 0.000000000000 0.000000000000 0.000000000000 0.000000000000 0.000000001329 0.000000000000 0.000000000000 0.000000000000 0.000000000000 0.000000000000 0.000000000000 0.000000000000 0.000000028651 0.000000000000 0.000000000000 0.000000000000 0.000000005176 0.000000000000 0.000001283300 0.000000259450 0.017341000000 0.000000000000 0.000000000000 0.000000000000 0.000000000000 0.000000000000 0.000000000000 0.000000000000 0.000000000000 0.000000000000 0.000000000000 0.000000000000 0.000000000000 0.000000000000 0.000000000000 0.000000000000 0.000000038102 0.000000000000 0.000000000000 0.000000000000 0.000000000000 0.000000000000 0.000000000000 0.000000000000 0.000000869900 0.000000000000 0.000000000000 0.000000000000 0.000002054100 0.000000000000 0.000003336600 0.000018571000 0.035541000000 0.000000000000 0.000000000000 0.000000000000 0.000000000000 0.000000000000 0.000000000000 0.000000000000 0.000001373100 0.000000000000 0.000000000000 0.000000000000 0.000502740000 0.000000000000 0.000140670000 0.000276800000 0.070493000000 0.000000000000 0.000000000000 0.000000000000 0.000161540000 0.000000000001 0.000821920000 0.001318900000 0.174390000000 0.000000011162 0.008439400000 0.016950000000 0.339270000000 0.070913000000 0.548150000000 0.719270000000 0.968390000000 

N_obs: 4000

File Format:
1- most to least reliable channels (taken entropies)
2- most to least reliable channels (taken error probabilities)
3- channels entropies (flipped)
4- channels error probabilities (flipped)
5- number of MontCarlo simulations
