127 126 125 124 123 122 121 119 118 117 115 111 110 109 107 103 95 94 93 91 63 87 120 116 114 79 108 106 62 105 102 113 59 61 92 90 101 99 89 85 86 55 83 112 78 104 60 77 47 58 100 57 98 75 88 54 97 84 53 31 71 82 51 46 76 81 45 56 74 43 30 73 39 15 52 29 96 23 27 70 50 69 7 67 49 11 44 35 80 19 13 41 37 42 21 14 38 3 25 22 26 28 72 65 5 6 9 33 17 68 66 48 1 10 34 12 18 40 36 20 24 2 64 4 8 32 16 0 

127 126 125 124 123 122 121 119 118 117 115 111 110 109 107 103 95 94 93 91 63 87 120 116 114 79 108 106 62 105 102 113 59 61 92 90 101 99 89 85 86 55 83 112 78 104 60 77 47 100 58 57 98 75 88 97 54 84 53 82 71 31 81 76 51 46 56 74 45 96 73 52 43 70 30 50 80 69 39 29 49 44 67 27 72 42 23 41 15 68 38 28 37 48 35 26 66 25 13 5 65 17 14 3 33 40 34 2 18 21 16 8 32 0 9 4 64 12 22 24 10 20 36 6 1 7 11 19 

0.000000000000 0.000000000000 0.000000000000 0.000000000000 0.000000000000 0.000000000000 0.000000000000 0.000000000004 0.000000000000 0.000000000000 0.000000000000 0.000000000014 0.000000000000 0.000000000024 0.000000007870 0.001284900000 0.000000000000 0.000000000000 0.000000000000 0.000000000082 0.000000000000 0.000000000147 0.000000002028 0.002023300000 0.000000000000 0.000000003772 0.000000826240 0.005228100000 0.000002289800 0.010596000000 0.022713000000 0.323030000000 0.000000000000 0.000000000000 0.000000000000 0.000000183340 0.000000000000 0.000000373910 0.000012245000 0.013368000000 0.000000000000 0.000117830000 0.000032157000 0.030005000000 0.000794930000 0.059792000000 0.109910000000 0.538810000000 0.000000000038 0.001661200000 0.002674800000 0.109410000000 0.012127000000 0.188810000000 0.280870000000 0.726100000000 0.055169000000 0.360240000000 0.430340000000 0.824950000000 0.444920000000 0.833130000000 0.769900000000 0.982100000000 0.000000000000 0.000000001360 0.000000115830 0.002350100000 0.000000012178 0.004733000000 0.009208600000 0.177130000000 0.000158860000 0.019629000000 0.035183000000 0.305980000000 0.090520000000 0.428870000000 0.486880000000 0.861770000000 0.003212900000 0.094944000000 0.148540000000 0.527640000000 0.231550000000 0.610130000000 0.593670000000 0.919000000000 0.285840000000 0.643000000000 0.602830000000 0.923000000000 0.536470000000 0.896930000000 0.815140000000 0.992640000000 0.049840000000 0.276930000000 0.320960000000 0.704260000000 0.333330000000 0.695000000000 0.647830000000 0.941950000000 0.331310000000 0.677420000000 0.621250000000 0.930890000000 0.546800000000 0.902600000000 0.818340000000 0.993240000000 0.295060000000 0.632420000000 0.569700000000 0.902440000000 0.527540000000 0.887830000000 0.811630000000 0.992190000000 0.431710000000 0.811290000000 0.793540000000 0.991370000000 0.646330000000 0.956440000000 0.862310000000 0.999480000000 

0.000000000000 0.000000000000 0.000000000000 0.000000000000 0.000000000000 0.000000000000 0.000000000000 0.000000000001 0.000000000000 0.000000000000 0.000000000000 0.000000000003 0.000000000000 0.000000000005 0.000000002410 0.003164700000 0.000000000000 0.000000000000 0.000000000000 0.000000000018 0.000000000000 0.000000000032 0.000000000547 0.004190900000 0.000000000000 0.000000001022 0.000000390070 0.010277000000 0.000001381400 0.020959000000 0.045480000000 0.522660000000 0.000000000000 0.000000000000 0.000000000000 0.000000074104 0.000000000000 0.000000159560 0.000008701400 0.027012000000 0.000000000000 0.000195850000 0.000021850000 0.057780000000 0.001409200000 0.116750000000 0.211110000000 0.771550000000 0.000000000008 0.003236700000 0.005839700000 0.215440000000 0.025183000000 0.367180000000 0.526000000000 0.926130000000 0.136240000000 0.661300000000 0.796900000000 0.974270000000 0.895040000000 0.981370000000 0.983730000000 0.984520000000 0.000000000000 0.000000000378 0.000000050587 0.005797200000 0.000000003912 0.013044000000 0.020324000000 0.362110000000 0.000330110000 0.047764000000 0.092079000000 0.578870000000 0.218670000000 0.755710000000 0.853080000000 0.979090000000 0.008872200000 0.246620000000 0.371190000000 0.857550000000 0.586430000000 0.940030000000 0.960550000000 0.984210000000 0.798910000000 0.974810000000 0.978070000000 0.984820000000 0.980980000000 0.984220000000 0.984190000000 0.984350000000 0.174610000000 0.702630000000 0.819100000000 0.976440000000 0.908810000000 0.981330000000 0.982410000000 0.984660000000 0.952610000000 0.984630000000 0.984320000000 0.984760000000 0.985740000000 0.984270000000 0.983950000000 0.984330000000 0.966440000000 0.984020000000 0.983300000000 0.984540000000 0.985170000000 0.984740000000 0.984440000000 0.984340000000 0.984980000000 0.984890000000 0.983310000000 0.984480000000 0.984180000000 0.984240000000 0.984940000000 0.984370000000 

N_obs: 4000

File Format:
1- most to least reliable channels (taken entropies)
2- most to least reliable channels (taken error probabilities)
3- channels entropies (flipped)
4- channels error probabilities (flipped)
5- number of MontCarlo simulations
