127 126 123 125 119 111 124 122 121 118 117 115 95 110 109 120 107 116 94 114 63 103 93 108 113 91 31 47 87 79 55 106 59 15 61 62 23 105 39 71 27 102 43 75 99 7 101 29 92 83 45 51 30 77 85 11 53 46 89 90 78 86 112 54 57 13 19 21 35 58 67 37 14 69 5 3 60 22 25 41 73 38 97 70 26 81 104 49 42 74 98 6 9 82 17 100 50 28 33 65 10 1 44 76 84 52 18 88 34 66 2 12 56 20 36 68 24 40 72 96 80 48 4 8 16 32 64 0 

127 126 123 125 119 111 124 122 121 118 117 115 95 110 109 120 107 116 114 94 103 113 108 93 63 106 91 105 87 102 112 92 62 101 79 61 99 90 104 89 59 55 86 47 31 53 15 85 83 29 45 5 100 75 23 97 22 73 13 2 46 76 57 56 37 25 12 33 65 20 34 78 27 17 80 6 30 41 98 48 66 8 4 38 16 64 32 81 35 0 67 88 72 14 74 1 50 68 96 18 84 40 70 39 3 10 26 36 52 60 24 28 42 82 49 44 9 43 69 19 11 58 21 77 51 7 54 71 

0.000000000000 0.000000000000 0.000000000002 0.000124910000 0.000000000000 0.000201380000 0.000628680000 0.051261000000 0.000000000916 0.000976300000 0.002251200000 0.103800000000 0.009527200000 0.184910000000 0.308650000000 0.724530000000 0.000008672100 0.013399000000 0.029879000000 0.292200000000 0.086156000000 0.426680000000 0.533370000000 0.853630000000 0.214050000000 0.583140000000 0.619180000000 0.889910000000 0.618260000000 0.872200000000 0.844680000000 0.987370000000 0.011126000000 0.164490000000 0.263010000000 0.635280000000 0.357810000000 0.695030000000 0.690640000000 0.931480000000 0.397690000000 0.709050000000 0.670750000000 0.918800000000 0.645510000000 0.887190000000 0.850460000000 0.989320000000 0.399530000000 0.702620000000 0.661080000000 0.915290000000 0.608200000000 0.864140000000 0.829960000000 0.983690000000 0.566250000000 0.847010000000 0.781980000000 0.974160000000 0.764740000000 0.938700000000 0.897490000000 0.998830000000 0.189000000000 0.485010000000 0.481290000000 0.802040000000 0.461050000000 0.757420000000 0.729450000000 0.949150000000 0.426410000000 0.727020000000 0.683620000000 0.924160000000 0.654180000000 0.891320000000 0.854350000000 0.990140000000 0.392300000000 0.690060000000 0.652120000000 0.909620000000 0.595460000000 0.857870000000 0.820190000000 0.980610000000 0.551680000000 0.835520000000 0.774120000000 0.968990000000 0.755220000000 0.936530000000 0.894130000000 0.998450000000 0.366250000000 0.656070000000 0.626170000000 0.891450000000 0.581160000000 0.847660000000 0.815040000000 0.976740000000 0.519790000000 0.809250000000 0.747720000000 0.954890000000 0.740950000000 0.930710000000 0.889380000000 0.997830000000 0.464750000000 0.778870000000 0.733150000000 0.946350000000 0.673430000000 0.900890000000 0.884600000000 0.997520000000 0.618330000000 0.876130000000 0.791900000000 0.992930000000 0.794940000000 0.943640000000 0.907840000000 0.999680000000 

0.000000000000 0.000000000000 0.000000000000 0.000158470000 0.000000000000 0.000446950000 0.000925470000 0.105580000000 0.000000000327 0.002201400000 0.005432500000 0.214810000000 0.020436000000 0.359130000000 0.527780000000 0.945500000000 0.000009721700 0.031431000000 0.063954000000 0.547130000000 0.180480000000 0.736170000000 0.857650000000 0.990290000000 0.464780000000 0.922050000000 0.964410000000 0.995800000000 0.984420000000 0.996060000000 0.995890000000 0.996110000000 0.029688000000 0.396930000000 0.571000000000 0.947840000000 0.783240000000 0.984470000000 0.990650000000 0.996100000000 0.921400000000 0.994390000000 0.995570000000 0.996120000000 0.995680000000 0.996190000000 0.996090000000 0.996060000000 0.968720000000 0.996050000000 0.996370000000 0.995990000000 0.995840000000 0.996100000000 0.995930000000 0.996100000000 0.996780000000 0.996120000000 0.996250000000 0.996110000000 0.996100000000 0.996080000000 0.996040000000 0.996080000000 0.620570000000 0.963280000000 0.984400000000 0.996150000000 0.991460000000 0.996360000000 0.995990000000 0.996000000000 0.993870000000 0.996510000000 0.995460000000 0.996140000000 0.996380000000 0.996110000000 0.996210000000 0.996070000000 0.995000000000 0.995990000000 0.995740000000 0.996220000000 0.996240000000 0.996190000000 0.996060000000 0.996120000000 0.996120000000 0.996080000000 0.996000000000 0.996140000000 0.996090000000 0.996050000000 0.996030000000 0.996090000000 0.995230000000 0.996060000000 0.995720000000 0.996170000000 0.996050000000 0.996140000000 0.996030000000 0.996150000000 0.995890000000 0.995930000000 0.996370000000 0.996050000000 0.996270000000 0.996110000000 0.996050000000 0.996080000000 0.995540000000 0.996100000000 0.995960000000 0.996030000000 0.996310000000 0.996130000000 0.996220000000 0.996080000000 0.996460000000 0.996060000000 0.995750000000 0.996080000000 0.996130000000 0.995990000000 0.996110000000 0.996100000000 

N_obs: 4000

File Format:
1- most to least reliable channels (taken entropies)
2- most to least reliable channels (taken error probabilities)
3- channels entropies (flipped)
4- channels error probabilities (flipped)
5- number of MontCarlo simulations
