127 126 125 123 119 111 122 124 121 118 117 115 95 110 109 120 107 116 94 114 103 63 93 108 113 91 106 87 31 47 79 105 55 62 59 61 102 15 23 92 101 39 71 27 99 43 75 112 29 90 7 83 45 89 51 77 85 30 11 86 53 46 78 57 54 13 19 58 21 35 67 37 104 14 69 60 5 3 22 25 41 73 97 38 70 26 81 98 100 49 42 74 6 82 9 50 28 17 33 65 10 44 76 1 84 88 52 18 34 66 2 12 56 20 36 68 24 40 72 96 80 48 4 8 16 32 64 0 

127 126 125 123 119 111 122 124 121 118 117 115 95 110 109 120 107 116 114 94 103 113 93 108 63 106 91 105 102 87 92 112 101 62 79 90 99 61 104 89 59 86 55 85 100 47 83 98 60 78 11 97 7 57 75 43 70 26 88 41 49 15 38 50 31 1 22 18 39 67 14 54 45 46 27 28 73 9 52 23 21 68 36 48 5 96 12 32 20 74 84 0 2 16 13 24 64 80 6 72 37 8 58 34 56 4 10 66 82 17 40 65 77 25 33 42 19 30 44 71 29 35 81 69 51 53 76 3 

0.000000000000 0.000000000000 0.000000000000 0.000011823000 0.000000000000 0.000004640500 0.000023312000 0.021046000000 0.000000000000 0.000083676000 0.000172290000 0.044898000000 0.001540000000 0.088229000000 0.168080000000 0.603010000000 0.000000000803 0.002370100000 0.005884000000 0.157290000000 0.024626000000 0.260410000000 0.397600000000 0.773030000000 0.102710000000 0.454760000000 0.543350000000 0.851660000000 0.571850000000 0.848000000000 0.825080000000 0.981990000000 0.001660900000 0.079418000000 0.141500000000 0.514710000000 0.251640000000 0.613760000000 0.644850000000 0.908920000000 0.352130000000 0.675100000000 0.653620000000 0.908910000000 0.630650000000 0.877270000000 0.844780000000 0.987550000000 0.384310000000 0.687520000000 0.651740000000 0.906610000000 0.598260000000 0.858980000000 0.824780000000 0.981930000000 0.552600000000 0.838960000000 0.775560000000 0.971240000000 0.761890000000 0.937750000000 0.895960000000 0.998700000000 0.136380000000 0.427460000000 0.446510000000 0.778840000000 0.438260000000 0.743310000000 0.720630000000 0.945220000000 0.419400000000 0.722910000000 0.676280000000 0.921540000000 0.647210000000 0.887210000000 0.851780000000 0.989520000000 0.381880000000 0.684490000000 0.642350000000 0.903700000000 0.590990000000 0.853360000000 0.820230000000 0.979910000000 0.545200000000 0.832960000000 0.770620000000 0.967930000000 0.753510000000 0.935440000000 0.892850000000 0.998300000000 0.364360000000 0.654710000000 0.612530000000 0.887220000000 0.569860000000 0.843100000000 0.811400000000 0.975870000000 0.513000000000 0.804680000000 0.747440000000 0.954020000000 0.732840000000 0.928640000000 0.887970000000 0.997490000000 0.459540000000 0.774790000000 0.730770000000 0.944150000000 0.673500000000 0.899060000000 0.883190000000 0.997090000000 0.614830000000 0.875870000000 0.791630000000 0.992490000000 0.796080000000 0.943600000000 0.907570000000 0.999710000000 

0.000000000000 0.000000000000 0.000000000000 0.000016855000 0.000000000000 0.000003054400 0.000032820000 0.044838000000 0.000000000000 0.000199810000 0.000422470000 0.093061000000 0.002995300000 0.181690000000 0.300660000000 0.871650000000 0.000000000256 0.005203200000 0.013983000000 0.319210000000 0.050794000000 0.491840000000 0.666060000000 0.971100000000 0.223540000000 0.781880000000 0.900510000000 0.992810000000 0.954040000000 0.994970000000 0.995610000000 0.996080000000 0.004030500000 0.189420000000 0.314220000000 0.853480000000 0.560400000000 0.948950000000 0.974280000000 0.995890000000 0.815900000000 0.987540000000 0.992650000000 0.996090000000 0.994140000000 0.996140000000 0.996270000000 0.996100000000 0.938870000000 0.995470000000 0.996170000000 0.996390000000 0.995790000000 0.996090000000 0.996030000000 0.996110000000 0.996230000000 0.995830000000 0.996300000000 0.996050000000 0.996010000000 0.996130000000 0.996170000000 0.996100000000 0.439830000000 0.904400000000 0.957230000000 0.995400000000 0.982950000000 0.996110000000 0.995770000000 0.996120000000 0.992460000000 0.996010000000 0.996320000000 0.996040000000 0.996300000000 0.995960000000 0.995930000000 0.996070000000 0.993270000000 0.996020000000 0.996020000000 0.996220000000 0.995800000000 0.996190000000 0.995930000000 0.996160000000 0.996000000000 0.995940000000 0.996110000000 0.996060000000 0.996250000000 0.996120000000 0.996190000000 0.996080000000 0.995970000000 0.996210000000 0.996230000000 0.996030000000 0.996030000000 0.995870000000 0.996170000000 0.996100000000 0.996040000000 0.995990000000 0.996050000000 0.996080000000 0.996200000000 0.996000000000 0.996160000000 0.996100000000 0.995940000000 0.996010000000 0.996100000000 0.996080000000 0.995610000000 0.996130000000 0.996030000000 0.996110000000 0.995700000000 0.996110000000 0.996070000000 0.996120000000 0.996500000000 0.996100000000 0.995970000000 0.996090000000 

N_obs: 4000

File Format:
1- most to least reliable channels (taken entropies)
2- most to least reliable channels (taken error probabilities)
3- channels entropies (flipped)
4- channels error probabilities (flipped)
5- number of MontCarlo simulations
