127 126 125 124 123 122 121 119 118 117 115 111 110 109 107 103 95 94 63 93 91 87 120 116 113 108 114 106 62 102 105 61 79 101 92 90 99 59 89 86 55 85 112 83 104 78 60 100 77 58 47 98 88 57 75 97 54 84 31 53 71 82 51 46 81 76 45 15 39 43 23 56 27 74 29 30 7 73 96 67 52 70 69 11 35 19 13 49 50 37 21 14 3 41 25 44 38 22 42 80 26 28 65 5 6 9 17 33 72 1 66 68 10 12 18 34 48 36 20 40 24 2 64 4 8 16 32 0 

127 126 125 124 123 122 121 119 118 117 115 111 110 109 107 103 95 94 63 93 91 87 120 116 113 108 114 106 62 102 105 61 79 92 101 90 99 59 89 86 85 55 112 83 104 78 60 100 77 58 98 47 88 57 97 75 84 54 53 82 71 31 81 76 51 46 56 74 45 96 73 52 43 70 30 80 39 69 50 29 49 67 44 27 72 23 15 42 41 37 7 38 35 19 68 28 22 65 66 10 48 1 33 5 12 16 2 13 17 8 0 25 4 32 24 34 64 36 20 40 9 21 18 11 3 6 14 26 

0.000000000000 0.000000000000 0.000000000000 0.000000000000 0.000000000000 0.000000000000 0.000000000000 0.000000009511 0.000000000000 0.000000000000 0.000000000000 0.000000025898 0.000000000000 0.000000093948 0.000000065202 0.004789200000 0.000000000000 0.000000000000 0.000000000000 0.000000093711 0.000000000000 0.000000302990 0.000027137000 0.008645300000 0.000000000000 0.000005856400 0.000087632000 0.017563000000 0.000174080000 0.035417000000 0.072664000000 0.481090000000 0.000000000000 0.000000000000 0.000000000000 0.000118320000 0.000000000002 0.000159100000 0.000273040000 0.045491000000 0.000000000042 0.001005300000 0.001690600000 0.090114000000 0.006301500000 0.160680000000 0.251400000000 0.709460000000 0.000085348000 0.010389000000 0.020362000000 0.254820000000 0.061762000000 0.376490000000 0.447840000000 0.842830000000 0.149230000000 0.514160000000 0.533370000000 0.888330000000 0.503250000000 0.872050000000 0.798860000000 0.989360000000 0.000000000000 0.000000387980 0.000055991000 0.012786000000 0.000205960000 0.023608000000 0.047991000000 0.341730000000 0.001659100000 0.073569000000 0.130300000000 0.505500000000 0.215610000000 0.602930000000 0.598760000000 0.923200000000 0.024323000000 0.221500000000 0.290030000000 0.680400000000 0.328740000000 0.701890000000 0.658100000000 0.946690000000 0.327290000000 0.686780000000 0.638110000000 0.940310000000 0.563900000000 0.914370000000 0.827340000000 0.994810000000 0.112680000000 0.380690000000 0.380600000000 0.761820000000 0.366350000000 0.728400000000 0.671800000000 0.951370000000 0.341700000000 0.696710000000 0.638930000000 0.940560000000 0.566960000000 0.913940000000 0.825390000000 0.994700000000 0.305650000000 0.641020000000 0.580100000000 0.908140000000 0.536870000000 0.898670000000 0.820430000000 0.993870000000 0.434360000000 0.818500000000 0.804860000000 0.993320000000 0.650040000000 0.957690000000 0.864050000000 0.999600000000 

0.000000000000 0.000000000000 0.000000000000 0.000000000000 0.000000000000 0.000000000000 0.000000000000 0.000000003094 0.000000000000 0.000000000000 0.000000000000 0.000000008232 0.000000000000 0.000000037455 0.000000023573 0.011146000000 0.000000000000 0.000000000000 0.000000000000 0.000000034569 0.000000000000 0.000000115320 0.000040095000 0.017269000000 0.000000000000 0.000003082600 0.000187320000 0.035352000000 0.000365530000 0.069597000000 0.136210000000 0.712690000000 0.000000000000 0.000000000000 0.000000000000 0.000175640000 0.000000000000 0.000328380000 0.001157900000 0.091915000000 0.000000000009 0.001930600000 0.004061400000 0.175400000000 0.012768000000 0.304100000000 0.469390000000 0.914580000000 0.000104150000 0.024516000000 0.047054000000 0.478430000000 0.142370000000 0.666990000000 0.787330000000 0.973050000000 0.377500000000 0.860520000000 0.922070000000 0.983150000000 0.955610000000 0.983880000000 0.983560000000 0.984460000000 0.000000000000 0.000000178200 0.000067677000 0.032363000000 0.000493560000 0.060457000000 0.118630000000 0.636650000000 0.004394500000 0.183320000000 0.303400000000 0.824390000000 0.523980000000 0.924180000000 0.955460000000 0.984140000000 0.072754000000 0.537200000000 0.694740000000 0.960940000000 0.837870000000 0.978510000000 0.980000000000 0.984540000000 0.918290000000 0.982370000000 0.981440000000 0.984500000000 0.982610000000 0.984430000000 0.984200000000 0.984420000000 0.425980000000 0.881980000000 0.935180000000 0.983510000000 0.962490000000 0.985380000000 0.984400000000 0.984430000000 0.975140000000 0.983550000000 0.984640000000 0.984530000000 0.982700000000 0.984660000000 0.984320000000 0.984270000000 0.978250000000 0.985170000000 0.984290000000 0.984260000000 0.984770000000 0.984080000000 0.984600000000 0.984350000000 0.982360000000 0.984840000000 0.984250000000 0.984410000000 0.984790000000 0.984280000000 0.984150000000 0.984390000000 

N_obs: 4000

File Format:
1- most to least reliable channels (taken entropies)
2- most to least reliable channels (taken error probabilities)
3- channels entropies (flipped)
4- channels error probabilities (flipped)
5- number of MontCarlo simulations
