127 126 125 124 123 122 121 120 119 118 117 116 115 114 113 111 110 109 108 107 106 105 103 102 101 99 95 94 93 92 91 90 89 87 86 79 63 62 61 59 55 47 78 83 60 85 75 58 77 71 57 53 54 51 31 46 104 100 45 98 112 97 43 88 82 74 76 84 81 73 70 39 30 56 52 69 29 50 49 44 67 27 96 42 80 41 72 38 23 28 37 68 26 48 15 66 35 25 40 22 65 21 36 19 7 14 11 13 34 24 33 3 64 5 20 17 18 9 6 10 12 1 32 2 4 16 8 0 

127 126 125 124 123 122 121 120 119 118 117 116 115 114 113 111 110 109 108 107 106 105 103 102 101 99 95 94 93 92 91 90 89 87 86 79 63 62 61 59 55 47 78 83 60 85 75 58 77 71 53 57 51 54 31 46 104 100 45 112 98 97 43 88 82 74 76 84 81 39 73 70 30 56 52 69 29 50 49 67 44 27 96 42 80 41 72 38 23 37 28 68 26 48 66 35 15 25 40 65 22 36 21 19 34 14 24 33 13 64 20 11 7 18 17 12 6 32 1 5 8 0 4 16 10 2 9 3 

0.000000000000 0.000000000000 0.000000000000 0.000000000000 0.000000000000 0.000000000000 0.000000000000 0.000000000000 0.000000000000 0.000000000000 0.000000000000 0.000000000000 0.000000000000 0.000000000000 0.000000000000 0.000000150400 0.000000000000 0.000000000000 0.000000000000 0.000000000000 0.000000000000 0.000000000000 0.000000000000 0.000000054911 0.000000000000 0.000000000000 0.000000000000 0.000000104470 0.000000000000 0.000000137400 0.000000460760 0.009013200000 0.000000000000 0.000000000000 0.000000000000 0.000000000000 0.000000000000 0.000000000000 0.000000000000 0.000009111000 0.000000000000 0.000000000000 0.000000000000 0.000108830000 0.000000000000 0.000012803000 0.000162640000 0.018136000000 0.000000000000 0.000000000000 0.000000000000 0.000084652000 0.000000000000 0.000020982000 0.000266960000 0.040697000000 0.000000000001 0.000288050000 0.001020200000 0.086508000000 0.005892900000 0.178650000000 0.318340000000 0.757850000000 0.000000000000 0.000000000000 0.000000000000 0.000000000000 0.000000000000 0.000000000000 0.000000000025 0.000542540000 0.000000000000 0.000000000090 0.000000000026 0.000847260000 0.000000000094 0.001996400000 0.004164400000 0.152270000000 0.000000000000 0.000000002049 0.000000107270 0.005000600000 0.000000621740 0.009582800000 0.023061000000 0.286430000000 0.000335440000 0.041792000000 0.086384000000 0.454660000000 0.195900000000 0.596850000000 0.667100000000 0.924470000000 0.000000001020 0.000363110000 0.001649800000 0.077075000000 0.006304800000 0.143790000000 0.244880000000 0.651770000000 0.042586000000 0.309110000000 0.421240000000 0.773790000000 0.485220000000 0.794730000000 0.785390000000 0.969270000000 0.176510000000 0.521850000000 0.557370000000 0.856120000000 0.545720000000 0.825510000000 0.795680000000 0.972500000000 0.519040000000 0.815810000000 0.759920000000 0.961230000000 0.742940000000 0.932070000000 0.890580000000 0.997900000000 

0.000000000000 0.000000000000 0.000000000000 0.000000000000 0.000000000000 0.000000000000 0.000000000000 0.000000000000 0.000000000000 0.000000000000 0.000000000000 0.000000000000 0.000000000000 0.000000000000 0.000000000000 0.000000079346 0.000000000000 0.000000000000 0.000000000000 0.000000000000 0.000000000000 0.000000000000 0.000000000000 0.000000023610 0.000000000000 0.000000000000 0.000000000000 0.000000048488 0.000000000000 0.000000079548 0.000000249730 0.019181000000 0.000000000000 0.000000000000 0.000000000000 0.000000000000 0.000000000000 0.000000000000 0.000000000000 0.000011124000 0.000000000000 0.000000000000 0.000000000000 0.000189200000 0.000000000000 0.000011590000 0.000299710000 0.041329000000 0.000000000000 0.000000000000 0.000000000000 0.000122920000 0.000000000000 0.000017868000 0.000753590000 0.086074000000 0.000000000000 0.000964950000 0.002046100000 0.177110000000 0.011890000000 0.342240000000 0.542790000000 0.963380000000 0.000000000000 0.000000000000 0.000000000000 0.000000000000 0.000000000000 0.000000000000 0.000000000007 0.001431000000 0.000000000000 0.000000000029 0.000000000007 0.001722000000 0.000000000027 0.004398000000 0.008956400000 0.307630000000 0.000000000000 0.000000000802 0.000000052412 0.013274000000 0.000000387170 0.021415000000 0.046472000000 0.530900000000 0.000550290000 0.089928000000 0.171580000000 0.752160000000 0.379100000000 0.899750000000 0.956680000000 0.995790000000 0.000000000380 0.001163700000 0.004096300000 0.173160000000 0.014772000000 0.302060000000 0.466360000000 0.923560000000 0.103640000000 0.614350000000 0.763450000000 0.982770000000 0.899480000000 0.993390000000 0.994810000000 0.996120000000 0.436290000000 0.908440000000 0.958640000000 0.995330000000 0.983600000000 0.996130000000 0.996140000000 0.996080000000 0.990830000000 0.995740000000 0.995980000000 0.996120000000 0.996230000000 0.996140000000 0.995960000000 0.996090000000 

N_obs: 4000

File Format:
1- most to least reliable channels (taken entropies)
2- most to least reliable channels (taken error probabilities)
3- channels entropies (flipped)
4- channels error probabilities (flipped)
5- number of MontCarlo simulations
