127 126 125 123 119 111 95 124 122 121 117 118 115 109 107 110 103 94 120 116 93 63 114 91 113 108 106 105 87 102 62 92 101 61 90 79 112 99 59 89 86 55 31 104 47 85 15 60 83 23 71 78 39 100 77 75 27 43 29 7 58 51 57 45 53 30 54 98 46 88 97 11 67 19 35 13 3 14 21 69 84 81 25 37 73 82 22 70 41 49 38 26 74 76 42 50 28 6 5 9 56 65 17 33 44 52 1 96 12 10 66 18 34 2 80 20 68 24 72 36 40 48 4 8 16 64 32 0 

127 126 125 123 119 111 95 124 122 121 117 118 115 109 107 110 103 94 120 116 93 63 114 113 91 108 106 105 87 102 101 92 62 90 61 112 79 99 89 59 104 86 85 100 55 60 83 78 98 88 47 58 77 97 57 75 84 31 54 71 53 82 81 51 46 45 76 96 43 15 30 56 73 19 23 52 14 44 50 34 25 39 70 28 7 2 74 35 69 29 1 20 24 42 10 65 64 5 66 16 17 8 0 32 40 72 4 48 6 13 12 68 80 18 38 21 67 9 36 33 49 3 41 37 27 22 26 11 

0.000000000000 0.000000000000 0.000000000000 0.000000000000 0.000000000000 0.000000000000 0.000000000002 0.000313510000 0.000000000000 0.000000000025 0.000000000016 0.000415670000 0.000000000161 0.001087300000 0.002375100000 0.119350000000 0.000000000000 0.000027709000 0.000000049388 0.003408400000 0.000000321530 0.006938200000 0.013541000000 0.233310000000 0.000156960000 0.027575000000 0.053256000000 0.393800000000 0.129850000000 0.519190000000 0.565520000000 0.909440000000 0.000000000000 0.000209480000 0.000519430000 0.046724000000 0.002158500000 0.085048000000 0.147440000000 0.553230000000 0.016634000000 0.199330000000 0.283350000000 0.698650000000 0.350150000000 0.739960000000 0.699050000000 0.960460000000 0.086342000000 0.380590000000 0.408860000000 0.793630000000 0.410050000000 0.783180000000 0.724360000000 0.969430000000 0.379590000000 0.745610000000 0.696490000000 0.963890000000 0.600090000000 0.936580000000 0.843350000000 0.997480000000 0.000877830000 0.037349000000 0.066729000000 0.345280000000 0.131560000000 0.447480000000 0.461010000000 0.842740000000 0.203810000000 0.517040000000 0.484360000000 0.852970000000 0.453510000000 0.824980000000 0.760120000000 0.979790000000 0.235880000000 0.539250000000 0.480720000000 0.850930000000 0.441340000000 0.813260000000 0.747020000000 0.976320000000 0.391290000000 0.763700000000 0.716310000000 0.970930000000 0.607610000000 0.941990000000 0.847580000000 0.997950000000 0.223480000000 0.505190000000 0.446150000000 0.827200000000 0.413680000000 0.779110000000 0.711950000000 0.965650000000 0.375990000000 0.741320000000 0.689500000000 0.962760000000 0.601650000000 0.937530000000 0.843510000000 0.997400000000 0.314760000000 0.664730000000 0.609140000000 0.921600000000 0.582050000000 0.927270000000 0.840830000000 0.997200000000 0.446290000000 0.829510000000 0.829520000000 0.997030000000 0.657350000000 0.959590000000 0.867880000000 0.999840000000 

0.000000000000 0.000000000000 0.000000000000 0.000000000000 0.000000000000 0.000000000000 0.000000000000 0.000599540000 0.000000000000 0.000000000005 0.000000000003 0.000755850000 0.000000000039 0.002941400000 0.006299100000 0.225490000000 0.000000000000 0.000028376000 0.000000017270 0.006998100000 0.000000125620 0.014731000000 0.029596000000 0.412920000000 0.000422890000 0.060270000000 0.113360000000 0.643470000000 0.281080000000 0.811120000000 0.889860000000 0.981190000000 0.000000000000 0.000480690000 0.001179800000 0.114130000000 0.006323500000 0.191110000000 0.314550000000 0.831010000000 0.042092000000 0.436400000000 0.600580000000 0.941610000000 0.777250000000 0.971680000000 0.977540000000 0.984520000000 0.260000000000 0.790590000000 0.875530000000 0.980850000000 0.934640000000 0.984190000000 0.983500000000 0.984400000000 0.965870000000 0.984060000000 0.984220000000 0.984470000000 0.984600000000 0.984340000000 0.984300000000 0.984310000000 0.002569300000 0.120740000000 0.211970000000 0.730410000000 0.404290000000 0.869870000000 0.925090000000 0.983130000000 0.682200000000 0.957950000000 0.969780000000 0.983720000000 0.977800000000 0.983910000000 0.984660000000 0.984420000000 0.864910000000 0.980140000000 0.980830000000 0.983870000000 0.981390000000 0.984290000000 0.984920000000 0.984390000000 0.984060000000 0.984540000000 0.984930000000 0.984600000000 0.984220000000 0.984000000000 0.984640000000 0.984370000000 0.941980000000 0.982760000000 0.984230000000 0.984070000000 0.984940000000 0.985150000000 0.984020000000 0.984280000000 0.983710000000 0.985050000000 0.984580000000 0.984280000000 0.983670000000 0.984540000000 0.984360000000 0.984360000000 0.981930000000 0.983720000000 0.984430000000 0.984470000000 0.985650000000 0.984300000000 0.984600000000 0.984370000000 0.984120000000 0.984420000000 0.984330000000 0.984400000000 0.984710000000 0.984150000000 0.984270000000 0.984370000000 

N_obs: 4000

File Format:
1- most to least reliable channels (taken entropies)
2- most to least reliable channels (taken error probabilities)
3- channels entropies (flipped)
4- channels error probabilities (flipped)
5- number of MontCarlo simulations
