127 126 125 124 123 122 121 119 118 117 115 111 110 109 107 103 95 94 93 91 87 63 62 120 116 114 61 113 105 108 59 102 106 101 79 92 90 99 86 85 89 55 83 47 78 77 60 112 104 58 100 57 75 98 54 88 97 53 84 71 31 82 51 46 81 76 45 74 56 43 73 52 30 96 70 39 29 50 69 27 15 23 44 49 80 67 7 42 41 35 11 19 37 13 72 38 21 28 25 14 3 22 26 68 65 48 66 5 33 9 6 17 1 40 34 10 18 36 12 20 24 2 64 4 32 8 16 0 

127 126 125 124 123 122 121 119 118 117 115 111 110 109 107 103 95 94 93 91 87 63 62 120 116 114 61 113 105 108 59 102 106 101 79 92 90 99 86 85 89 55 83 47 78 60 77 58 104 112 100 57 75 98 54 88 97 53 84 71 82 31 51 46 81 76 45 74 56 73 43 52 96 70 30 50 69 39 80 29 44 49 67 27 42 72 41 23 38 68 28 15 48 37 35 66 26 65 25 40 22 21 7 36 11 19 17 1 18 9 24 8 2 34 32 33 0 16 4 64 12 20 10 5 6 13 14 3 

0.000000000000 0.000000000000 0.000000000000 0.000000000000 0.000000000000 0.000000000000 0.000000000000 0.000000000000 0.000000000000 0.000000000000 0.000000000000 0.000000000000 0.000000000000 0.000000000000 0.000000000002 0.000426500000 0.000000000000 0.000000000000 0.000000000000 0.000000000003 0.000000000000 0.000000000012 0.000000000002 0.000462680000 0.000000000000 0.000000000010 0.000000000017 0.000817560000 0.000000018697 0.002235000000 0.004924300000 0.182500000000 0.000000000000 0.000000000000 0.000000000000 0.000000000488 0.000000000000 0.000000001080 0.000000089826 0.003546500000 0.000000000000 0.000000070774 0.000000079760 0.007711100000 0.000002981000 0.015098000000 0.032546000000 0.350570000000 0.000000000024 0.000129490000 0.000222950000 0.033649000000 0.001360800000 0.067468000000 0.125400000000 0.553120000000 0.011111000000 0.183520000000 0.275000000000 0.714750000000 0.357490000000 0.764020000000 0.724560000000 0.969730000000 0.000000000000 0.000000000000 0.000000000000 0.000238120000 0.000000000007 0.000484840000 0.000931730000 0.072520000000 0.000001089600 0.002495300000 0.005159300000 0.142740000000 0.020828000000 0.236590000000 0.332450000000 0.759180000000 0.000074972000 0.023347000000 0.047358000000 0.330610000000 0.105080000000 0.450450000000 0.496260000000 0.865890000000 0.199500000000 0.556320000000 0.542200000000 0.891690000000 0.505480000000 0.871960000000 0.797100000000 0.988910000000 0.012278000000 0.150960000000 0.223910000000 0.597880000000 0.278010000000 0.642470000000 0.604910000000 0.923860000000 0.292710000000 0.641480000000 0.591650000000 0.917250000000 0.530330000000 0.889830000000 0.808780000000 0.991130000000 0.284540000000 0.610970000000 0.551480000000 0.894310000000 0.511440000000 0.874530000000 0.800700000000 0.989870000000 0.429000000000 0.806070000000 0.780370000000 0.988830000000 0.641150000000 0.955660000000 0.860520000000 0.999370000000 

0.000000000000 0.000000000000 0.000000000000 0.000000000000 0.000000000000 0.000000000000 0.000000000000 0.000000000000 0.000000000000 0.000000000000 0.000000000000 0.000000000000 0.000000000000 0.000000000000 0.000000000000 0.001074600000 0.000000000000 0.000000000000 0.000000000000 0.000000000001 0.000000000000 0.000000000002 0.000000000000 0.001074300000 0.000000000000 0.000000000002 0.000000000003 0.001122800000 0.000000006685 0.005189300000 0.009638300000 0.314990000000 0.000000000000 0.000000000000 0.000000000000 0.000000000126 0.000000000000 0.000000000277 0.000000037679 0.006807800000 0.000000000000 0.000000024832 0.000000026803 0.016005000000 0.000001434800 0.029577000000 0.063054000000 0.563840000000 0.000000000005 0.000240050000 0.000586700000 0.069526000000 0.003290600000 0.133780000000 0.243830000000 0.800430000000 0.024995000000 0.365340000000 0.530050000000 0.928620000000 0.733530000000 0.968340000000 0.974890000000 0.984480000000 0.000000000000 0.000000000000 0.000000000000 0.000474120000 0.000000000001 0.000995780000 0.002182500000 0.160840000000 0.000000647920 0.005610400000 0.013122000000 0.289600000000 0.050540000000 0.461510000000 0.632980000000 0.949380000000 0.000083701000 0.061884000000 0.117610000000 0.626420000000 0.273850000000 0.792440000000 0.881550000000 0.980120000000 0.540260000000 0.921890000000 0.954980000000 0.983360000000 0.967510000000 0.984350000000 0.984380000000 0.984370000000 0.043897000000 0.408380000000 0.588910000000 0.932570000000 0.766450000000 0.969360000000 0.976030000000 0.984260000000 0.886830000000 0.980780000000 0.981750000000 0.984570000000 0.983690000000 0.984220000000 0.984020000000 0.984400000000 0.943830000000 0.985240000000 0.985050000000 0.984510000000 0.983600000000 0.984850000000 0.984230000000 0.984310000000 0.982810000000 0.985040000000 0.984860000000 0.984430000000 0.985400000000 0.984340000000 0.984180000000 0.984400000000 

N_obs: 4000

File Format:
1- most to least reliable channels (taken entropies)
2- most to least reliable channels (taken error probabilities)
3- channels entropies (flipped)
4- channels error probabilities (flipped)
5- number of MontCarlo simulations
