127 126 125 123 119 124 111 63 95 122 31 121 47 79 55 15 59 87 103 118 61 115 117 91 107 23 93 109 62 39 71 27 7 110 94 29 51 43 30 75 83 45 99 77 53 13 46 11 19 57 35 67 78 85 54 3 101 14 89 120 58 105 113 86 102 25 60 90 114 106 116 21 92 22 49 108 37 26 69 38 41 70 73 81 97 6 5 28 9 17 33 65 1 50 42 44 76 74 52 98 82 12 56 84 100 10 18 34 66 2 88 104 112 24 48 20 40 36 68 72 80 96 4 8 16 32 64 0 

127 126 125 123 119 124 122 111 121 118 95 117 115 110 63 120 109 107 103 94 116 93 27 11 23 39 29 53 83 113 102 79 45 69 99 114 92 17 73 47 105 101 22 42 38 108 59 82 25 87 84 26 49 90 2 9 46 34 70 74 51 12 112 88 78 97 13 56 8 36 66 52 64 85 72 104 80 4 96 20 16 0 32 10 76 24 6 48 60 65 50 68 40 58 54 81 3 100 91 18 33 21 1 44 98 41 106 86 77 62 89 61 37 28 71 67 5 15 7 43 14 19 57 35 75 30 31 55 

0.000001958000 0.004016500000 0.007790600000 0.134900000000 0.026501000000 0.226420000000 0.294640000000 0.697650000000 0.086400000000 0.365890000000 0.394400000000 0.777770000000 0.391520000000 0.765580000000 0.710470000000 0.966030000000 0.175520000000 0.466270000000 0.434260000000 0.811640000000 0.404720000000 0.773160000000 0.709470000000 0.964850000000 0.363540000000 0.726350000000 0.672300000000 0.954160000000 0.585990000000 0.926650000000 0.835790000000 0.996380000000 0.212560000000 0.485860000000 0.430590000000 0.808660000000 0.396650000000 0.762090000000 0.695760000000 0.959960000000 0.361060000000 0.721310000000 0.662370000000 0.952010000000 0.582900000000 0.927770000000 0.835700000000 0.996270000000 0.312330000000 0.657660000000 0.601340000000 0.917140000000 0.566400000000 0.918580000000 0.833730000000 0.996180000000 0.440410000000 0.825890000000 0.820850000000 0.995860000000 0.656230000000 0.958790000000 0.865880000000 0.999710000000 0.191460000000 0.436920000000 0.382880000000 0.759400000000 0.346980000000 0.703420000000 0.651950000000 0.944550000000 0.319140000000 0.666680000000 0.604770000000 0.922890000000 0.531570000000 0.890660000000 0.809540000000 0.991520000000 0.301450000000 0.632700000000 0.584090000000 0.907810000000 0.543990000000 0.903450000000 0.824880000000 0.994600000000 0.439270000000 0.821530000000 0.812620000000 0.994690000000 0.652060000000 0.958430000000 0.864350000000 0.999670000000 0.248210000000 0.548760000000 0.490110000000 0.857950000000 0.449230000000 0.818230000000 0.741330000000 0.975660000000 0.427490000000 0.809220000000 0.798220000000 0.992660000000 0.651720000000 0.957880000000 0.863670000000 0.999600000000 0.339550000000 0.685920000000 0.632160000000 0.928560000000 0.638020000000 0.954810000000 0.862200000000 0.999580000000 0.455000000000 0.839830000000 0.853970000000 0.999530000000 0.669540000000 0.959880000000 0.871670000000 0.999900000000 

0.000001113800 0.013062000000 0.025727000000 0.347300000000 0.088464000000 0.544620000000 0.706090000000 0.958430000000 0.295030000000 0.801250000000 0.894110000000 0.981700000000 0.943100000000 0.983870000000 0.983510000000 0.984300000000 0.660460000000 0.953690000000 0.968880000000 0.984100000000 0.976860000000 0.984720000000 0.983980000000 0.984360000000 0.978200000000 0.983520000000 0.984010000000 0.984540000000 0.983850000000 0.984660000000 0.984310000000 0.984380000000 0.886690000000 0.980450000000 0.982000000000 0.983880000000 0.984560000000 0.984210000000 0.984860000000 0.984300000000 0.984130000000 0.984760000000 0.984360000000 0.984170000000 0.983440000000 0.984110000000 0.984530000000 0.984370000000 0.983660000000 0.984300000000 0.984810000000 0.984390000000 0.985460000000 0.984260000000 0.983930000000 0.984360000000 0.984980000000 0.984260000000 0.983750000000 0.984460000000 0.985000000000 0.984350000000 0.984430000000 0.984360000000 0.957590000000 0.984860000000 0.984920000000 0.984410000000 0.984110000000 0.984480000000 0.985440000000 0.984340000000 0.986610000000 0.984510000000 0.983410000000 0.984350000000 0.984280000000 0.984460000000 0.984200000000 0.984410000000 0.983940000000 0.984250000000 0.983680000000 0.984650000000 0.985200000000 0.984050000000 0.984670000000 0.984480000000 0.983260000000 0.984100000000 0.984930000000 0.984350000000 0.985460000000 0.984250000000 0.984570000000 0.984390000000 0.986270000000 0.985520000000 0.983400000000 0.984960000000 0.982800000000 0.984200000000 0.984130000000 0.984390000000 0.982980000000 0.984020000000 0.984580000000 0.984380000000 0.985430000000 0.984560000000 0.983880000000 0.984380000000 0.985090000000 0.985310000000 0.984330000000 0.984290000000 0.982800000000 0.984390000000 0.984220000000 0.984340000000 0.985190000000 0.984390000000 0.985020000000 0.984380000000 0.984540000000 0.984220000000 0.984630000000 0.984390000000 

N_obs: 4000

File Format:
1- most to least reliable channels (taken entropies)
2- most to least reliable channels (taken error probabilities)
3- channels entropies (flipped)
4- channels error probabilities (flipped)
5- number of MontCarlo simulations
