127 125 126 123 119 111 124 122 121 118 117 95 115 110 109 120 63 107 116 94 103 31 93 114 47 79 55 91 87 59 15 61 62 113 108 23 39 71 27 7 29 43 106 75 99 51 105 83 30 45 77 101 53 102 85 46 78 89 11 57 13 19 35 54 67 92 86 90 3 58 14 60 25 21 37 69 112 22 41 49 97 73 38 70 26 81 6 5 28 9 17 33 65 42 1 74 50 98 104 44 82 76 100 52 84 12 88 56 10 18 34 66 2 24 20 36 40 68 48 96 72 80 4 8 16 32 64 0 

127 125 126 123 119 111 124 122 121 118 117 115 95 110 109 120 116 107 114 94 63 103 108 93 113 91 106 105 87 62 102 79 92 61 112 101 59 55 99 90 47 31 89 23 35 104 85 51 57 86 54 19 78 46 67 74 45 66 49 98 34 65 33 7 70 14 12 83 69 77 9 15 82 18 50 73 43 36 41 24 5 56 100 2 88 4 44 80 48 10 32 0 68 16 71 40 64 42 13 38 20 8 17 96 11 22 76 97 72 81 52 1 39 6 25 58 28 84 3 60 21 75 37 29 26 30 27 53 

0.000000000000 0.000000000000 0.000000000000 0.000409540000 0.000000000001 0.000729710000 0.002068200000 0.085709000000 0.000016085000 0.003602100000 0.008017500000 0.162120000000 0.028497000000 0.272110000000 0.366050000000 0.781160000000 0.000283090000 0.034719000000 0.066085000000 0.375590000000 0.134050000000 0.498290000000 0.522640000000 0.880310000000 0.228340000000 0.583760000000 0.556250000000 0.899190000000 0.507740000000 0.875250000000 0.799360000000 0.989110000000 0.022882000000 0.199680000000 0.257010000000 0.640420000000 0.301890000000 0.659370000000 0.614360000000 0.927740000000 0.306000000000 0.646390000000 0.595910000000 0.918480000000 0.528950000000 0.889790000000 0.807130000000 0.991160000000 0.282110000000 0.614130000000 0.553250000000 0.894110000000 0.505000000000 0.873050000000 0.799380000000 0.989240000000 0.422860000000 0.801930000000 0.776340000000 0.988070000000 0.635710000000 0.954670000000 0.859450000000 0.999290000000 0.125100000000 0.359520000000 0.341180000000 0.714660000000 0.316460000000 0.667210000000 0.620580000000 0.932200000000 0.298600000000 0.634330000000 0.574760000000 0.907490000000 0.512340000000 0.874670000000 0.796170000000 0.988630000000 0.277380000000 0.602220000000 0.543150000000 0.886660000000 0.491400000000 0.862980000000 0.789060000000 0.987460000000 0.421990000000 0.801720000000 0.766560000000 0.986100000000 0.632320000000 0.952810000000 0.857280000000 0.999100000000 0.240790000000 0.537640000000 0.476800000000 0.846640000000 0.437400000000 0.802620000000 0.729920000000 0.971770000000 0.404810000000 0.782510000000 0.746310000000 0.981110000000 0.629070000000 0.951560000000 0.855940000000 0.998940000000 0.331920000000 0.678250000000 0.624490000000 0.927290000000 0.615610000000 0.945990000000 0.854490000000 0.998880000000 0.455360000000 0.836080000000 0.844100000000 0.998780000000 0.666270000000 0.959340000000 0.869810000000 0.999900000000 

0.000000000000 0.000000000000 0.000000000000 0.001080500000 0.000000000000 0.001880000000 0.006426800000 0.194490000000 0.000018862000 0.009412800000 0.020404000000 0.338980000000 0.073018000000 0.529730000000 0.699320000000 0.964770000000 0.000995450000 0.090979000000 0.167400000000 0.693620000000 0.348770000000 0.852270000000 0.917140000000 0.982560000000 0.631660000000 0.946850000000 0.966250000000 0.984290000000 0.977580000000 0.983910000000 0.984450000000 0.984420000000 0.079389000000 0.543210000000 0.697540000000 0.959260000000 0.848170000000 0.979090000000 0.981330000000 0.984300000000 0.927530000000 0.983160000000 0.982600000000 0.984810000000 0.984130000000 0.984170000000 0.984520000000 0.984330000000 0.955380000000 0.983480000000 0.984150000000 0.984450000000 0.985150000000 0.983660000000 0.984210000000 0.984470000000 0.984370000000 0.984030000000 0.984140000000 0.984360000000 0.983600000000 0.983830000000 0.983920000000 0.984390000000 0.580050000000 0.934590000000 0.962030000000 0.984990000000 0.971080000000 0.984740000000 0.982960000000 0.984280000000 0.976900000000 0.983270000000 0.985790000000 0.984520000000 0.982890000000 0.984210000000 0.983850000000 0.984340000000 0.979550000000 0.983560000000 0.983700000000 0.984330000000 0.984220000000 0.984390000000 0.984270000000 0.984390000000 0.984630000000 0.984400000000 0.985170000000 0.984230000000 0.982520000000 0.983920000000 0.983990000000 0.984340000000 0.980040000000 0.985560000000 0.985210000000 0.984740000000 0.985630000000 0.985350000000 0.984720000000 0.984280000000 0.982460000000 0.984450000000 0.985080000000 0.984410000000 0.983370000000 0.984180000000 0.984420000000 0.984370000000 0.984160000000 0.984030000000 0.984400000000 0.984040000000 0.984430000000 0.984340000000 0.984150000000 0.984410000000 0.984020000000 0.984690000000 0.984280000000 0.984330000000 0.984840000000 0.984290000000 0.984530000000 0.984360000000 

N_obs: 4000

File Format:
1- most to least reliable channels (taken entropies)
2- most to least reliable channels (taken error probabilities)
3- channels entropies (flipped)
4- channels error probabilities (flipped)
5- number of MontCarlo simulations
