127 126 125 124 123 122 121 119 118 117 115 111 95 110 109 107 103 94 93 63 116 120 87 113 91 105 114 108 106 102 101 79 92 62 90 99 61 89 86 59 112 85 104 100 55 83 78 60 98 77 88 58 47 97 84 75 57 31 54 71 82 53 15 23 51 39 81 76 46 43 27 45 29 30 7 74 11 73 56 96 67 69 19 13 70 35 21 37 14 22 49 52 41 25 3 38 50 5 42 26 44 80 28 9 6 65 17 33 10 66 1 18 72 34 68 12 20 2 36 48 40 24 4 8 64 16 32 0 

127 126 125 124 123 122 121 119 118 117 115 111 95 110 109 107 103 94 93 63 116 120 87 113 105 91 114 106 108 102 101 79 92 62 90 99 89 61 86 59 112 85 104 100 83 55 78 98 60 77 88 58 97 84 47 75 57 82 54 71 81 53 76 31 51 96 46 74 56 45 73 70 43 80 52 30 39 69 29 67 27 50 49 23 72 15 25 21 35 37 1 26 44 3 22 10 65 5 18 14 48 8 38 17 24 7 32 13 64 2 0 16 34 9 40 4 68 41 66 33 6 20 36 28 19 12 42 11 

0.000000000000 0.000000000000 0.000000000000 0.000000000000 0.000000000000 0.000000000000 0.000000000000 0.000000139070 0.000000000000 0.000000000000 0.000000000000 0.000000078923 0.000000000000 0.000065979000 0.000003705900 0.012108000000 0.000000000000 0.000000000000 0.000000000000 0.000101510000 0.000000000000 0.000161910000 0.000017871000 0.027569000000 0.000000000000 0.000216590000 0.000518870000 0.055363000000 0.002580200000 0.109630000000 0.213620000000 0.674110000000 0.000000000000 0.000000000001 0.000000000003 0.000950430000 0.000013217000 0.001718500000 0.003117500000 0.134950000000 0.000000155580 0.007001300000 0.015855000000 0.241010000000 0.058331000000 0.375430000000 0.509750000000 0.849060000000 0.000893040000 0.067712000000 0.130860000000 0.511450000000 0.250180000000 0.627120000000 0.668080000000 0.921460000000 0.370020000000 0.711110000000 0.690750000000 0.927220000000 0.674200000000 0.901940000000 0.866840000000 0.993290000000 0.000000000005 0.001166100000 0.002646300000 0.093628000000 0.009154200000 0.166330000000 0.272980000000 0.668370000000 0.057318000000 0.334880000000 0.433020000000 0.776160000000 0.480960000000 0.790150000000 0.774900000000 0.965980000000 0.186610000000 0.513370000000 0.537840000000 0.839990000000 0.518900000000 0.807090000000 0.777940000000 0.966380000000 0.495050000000 0.789690000000 0.739900000000 0.949980000000 0.717260000000 0.921650000000 0.880300000000 0.996190000000 0.286660000000 0.590340000000 0.561420000000 0.855640000000 0.522310000000 0.808630000000 0.780580000000 0.966920000000 0.476090000000 0.772860000000 0.723780000000 0.942340000000 0.697400000000 0.913040000000 0.872210000000 0.994530000000 0.445940000000 0.751130000000 0.709470000000 0.936040000000 0.648070000000 0.889610000000 0.859060000000 0.992470000000 0.598450000000 0.866640000000 0.793350000000 0.986950000000 0.786280000000 0.942730000000 0.904370000000 0.999500000000 

0.000000000000 0.000000000000 0.000000000000 0.000000000000 0.000000000000 0.000000000000 0.000000000000 0.000000070757 0.000000000000 0.000000000000 0.000000000000 0.000000038994 0.000000000000 0.000164360000 0.000002836200 0.024836000000 0.000000000000 0.000000000000 0.000000000000 0.000273380000 0.000000000000 0.000249560000 0.000012857000 0.057953000000 0.000000000000 0.000304090000 0.000918740000 0.109670000000 0.005188800000 0.208160000000 0.364010000000 0.917250000000 0.000000000000 0.000000000000 0.000000000001 0.002239500000 0.000021404000 0.003416900000 0.006691500000 0.263820000000 0.000000072387 0.015182000000 0.033038000000 0.446950000000 0.111780000000 0.651450000000 0.799870000000 0.987390000000 0.001811800000 0.149020000000 0.261530000000 0.817450000000 0.500450000000 0.933150000000 0.969640000000 0.995710000000 0.770470000000 0.982910000000 0.991960000000 0.996130000000 0.994240000000 0.996140000000 0.995990000000 0.996090000000 0.000000000001 0.003351300000 0.007840200000 0.219380000000 0.021182000000 0.363360000000 0.534970000000 0.947480000000 0.136680000000 0.674660000000 0.812900000000 0.988660000000 0.911370000000 0.994560000000 0.994880000000 0.996050000000 0.496570000000 0.925520000000 0.968370000000 0.995920000000 0.983910000000 0.996250000000 0.996130000000 0.996120000000 0.991660000000 0.996060000000 0.995900000000 0.996180000000 0.995860000000 0.996110000000 0.996160000000 0.996080000000 0.853080000000 0.990160000000 0.993630000000 0.996180000000 0.994480000000 0.995920000000 0.995750000000 0.996070000000 0.995260000000 0.995930000000 0.995830000000 0.996170000000 0.996200000000 0.996010000000 0.996060000000 0.996100000000 0.995730000000 0.996010000000 0.996090000000 0.996210000000 0.996320000000 0.995970000000 0.996110000000 0.996060000000 0.996080000000 0.996160000000 0.996000000000 0.996130000000 0.995920000000 0.996090000000 0.995920000000 0.996090000000 

N_obs: 4000

File Format:
1- most to least reliable channels (taken entropies)
2- most to least reliable channels (taken error probabilities)
3- channels entropies (flipped)
4- channels error probabilities (flipped)
5- number of MontCarlo simulations
