127 126 125 124 123 122 121 120 119 118 117 116 115 114 113 111 110 109 108 107 106 105 103 102 101 99 95 94 93 92 91 90 89 87 86 85 83 79 63 62 61 59 55 47 31 78 77 75 58 60 57 71 54 53 51 45 112 104 100 43 46 98 97 88 84 81 82 39 76 30 74 73 70 56 29 69 50 27 52 49 44 67 42 41 23 96 38 80 37 28 72 26 15 68 35 25 48 66 22 40 21 65 36 19 14 13 7 11 34 24 33 20 3 17 18 64 5 9 6 12 10 1 32 2 16 4 8 0 

127 126 125 124 123 122 121 120 119 118 117 116 115 114 113 111 110 109 108 107 106 105 103 102 101 99 95 94 93 92 91 90 89 87 86 85 83 79 63 62 61 59 55 47 31 78 75 77 58 60 57 71 54 53 51 45 112 104 100 43 46 98 97 88 84 81 82 30 76 70 56 73 74 39 29 50 69 52 27 49 44 42 67 41 96 23 38 80 28 37 72 26 68 15 35 25 48 66 22 40 65 21 36 19 14 34 24 13 33 20 11 64 7 18 17 12 32 10 9 5 6 3 16 0 2 8 4 1 

0.000000000000 0.000000000000 0.000000000000 0.000000000000 0.000000000000 0.000000000000 0.000000000000 0.000000000000 0.000000000000 0.000000000000 0.000000000000 0.000000000000 0.000000000000 0.000000000000 0.000000000000 0.000000000147 0.000000000000 0.000000000000 0.000000000000 0.000000000000 0.000000000000 0.000000000000 0.000000000000 0.000000000766 0.000000000000 0.000000000000 0.000000000000 0.000000002062 0.000000000000 0.000000038318 0.000000105820 0.004810100000 0.000000000000 0.000000000000 0.000000000000 0.000000000000 0.000000000000 0.000000000000 0.000000000000 0.000000140680 0.000000000000 0.000000000000 0.000000000000 0.000000181250 0.000000000000 0.000001593800 0.000000520420 0.011477000000 0.000000000000 0.000000000000 0.000000000000 0.000031601000 0.000000000000 0.000040594000 0.000083260000 0.023918000000 0.000000000000 0.000100140000 0.000234000000 0.052552000000 0.002316300000 0.105530000000 0.190350000000 0.672020000000 0.000000000000 0.000000000000 0.000000000000 0.000000000000 0.000000000000 0.000000000000 0.000000000000 0.000128980000 0.000000000000 0.000000000000 0.000000000000 0.000370190000 0.000000000002 0.000317140000 0.000858180000 0.073071000000 0.000000000000 0.000000008071 0.000000000007 0.000916540000 0.000000002088 0.002453100000 0.004043100000 0.141000000000 0.000003419700 0.008962200000 0.017862000000 0.255860000000 0.057664000000 0.395440000000 0.481760000000 0.867600000000 0.000000000000 0.000035025000 0.000162750000 0.018006000000 0.000360790000 0.035146000000 0.067738000000 0.420720000000 0.004195300000 0.105750000000 0.173280000000 0.581690000000 0.261320000000 0.666650000000 0.653810000000 0.944860000000 0.038556000000 0.275680000000 0.345060000000 0.742780000000 0.377410000000 0.752400000000 0.701630000000 0.961260000000 0.362220000000 0.726560000000 0.682060000000 0.958920000000 0.594250000000 0.933570000000 0.841480000000 0.997240000000 

0.000000000000 0.000000000000 0.000000000000 0.000000000000 0.000000000000 0.000000000000 0.000000000000 0.000000000000 0.000000000000 0.000000000000 0.000000000000 0.000000000000 0.000000000000 0.000000000000 0.000000000000 0.000000000035 0.000000000000 0.000000000000 0.000000000000 0.000000000000 0.000000000000 0.000000000000 0.000000000000 0.000000000204 0.000000000000 0.000000000000 0.000000000000 0.000000000537 0.000000000000 0.000000013036 0.000000040602 0.009579100000 0.000000000000 0.000000000000 0.000000000000 0.000000000000 0.000000000000 0.000000000000 0.000000000000 0.000000055494 0.000000000000 0.000000000000 0.000000000000 0.000000072551 0.000000000000 0.000000897780 0.000000205810 0.023459000000 0.000000000000 0.000000000000 0.000000000000 0.000039379000 0.000000000000 0.000222670000 0.000219330000 0.048563000000 0.000000000000 0.000108650000 0.000363130000 0.099697000000 0.005298100000 0.197430000000 0.338390000000 0.878730000000 0.000000000000 0.000000000000 0.000000000000 0.000000000000 0.000000000000 0.000000000000 0.000000000000 0.000177210000 0.000000000000 0.000000000000 0.000000000000 0.000564580000 0.000000000000 0.000332900000 0.001915600000 0.147880000000 0.000000000000 0.000000002629 0.000000000001 0.002078000000 0.000000000556 0.004886800000 0.007693800000 0.264410000000 0.000251390000 0.018652000000 0.040976000000 0.450090000000 0.126300000000 0.657710000000 0.798520000000 0.974730000000 0.000000000000 0.000033870000 0.000297640000 0.039675000000 0.000681850000 0.078270000000 0.144460000000 0.693380000000 0.010990000000 0.234730000000 0.371190000000 0.862270000000 0.587240000000 0.935100000000 0.959390000000 0.983820000000 0.107300000000 0.591880000000 0.757120000000 0.970740000000 0.868430000000 0.980470000000 0.981740000000 0.984510000000 0.931640000000 0.982820000000 0.982610000000 0.984570000000 0.983160000000 0.984510000000 0.984690000000 0.984420000000 

N_obs: 4000

File Format:
1- most to least reliable channels (taken entropies)
2- most to least reliable channels (taken error probabilities)
3- channels entropies (flipped)
4- channels error probabilities (flipped)
5- number of MontCarlo simulations
