127 126 125 124 123 122 121 119 118 117 115 111 110 109 107 95 63 103 93 91 116 120 87 94 114 106 108 113 105 62 102 101 79 61 92 90 99 89 59 86 85 112 55 104 83 60 78 100 58 77 47 98 88 57 75 31 97 54 84 71 53 15 82 51 23 46 39 27 45 43 29 81 76 7 30 56 67 11 74 73 19 35 13 69 70 96 14 3 21 37 52 49 25 41 50 22 38 26 42 44 28 5 65 6 80 9 17 33 1 66 72 10 12 18 68 34 20 48 36 24 2 40 64 4 8 16 32 0 

127 126 125 124 123 122 121 119 118 117 115 111 110 109 107 95 63 103 93 91 116 87 120 94 114 106 108 105 113 101 62 102 92 79 61 90 99 89 59 86 112 85 104 55 83 100 60 78 98 77 58 88 47 97 57 84 75 54 82 53 71 31 81 76 51 46 56 96 74 45 73 43 52 70 30 39 80 69 29 50 27 49 67 23 44 15 25 72 42 37 17 35 19 28 3 10 11 66 41 6 5 14 9 4 2 64 24 18 16 32 0 40 33 8 34 65 68 36 1 20 22 48 26 7 12 38 21 13 

0.000000000000 0.000000000000 0.000000000000 0.000000000000 0.000000000000 0.000000000000 0.000000000000 0.000000089934 0.000000000000 0.000000000000 0.000000000000 0.000000042780 0.000000000000 0.000004187300 0.000033802000 0.011192000000 0.000000000000 0.000000000000 0.000000000000 0.000025245000 0.000000000000 0.000007652800 0.000069667000 0.023174000000 0.000000000000 0.000229350000 0.000237480000 0.049471000000 0.001752700000 0.097315000000 0.171290000000 0.635140000000 0.000000000000 0.000000114750 0.000000000001 0.000594920000 0.000000000049 0.001005400000 0.002121600000 0.110980000000 0.000000091881 0.006035900000 0.010355000000 0.202610000000 0.038806000000 0.318930000000 0.414440000000 0.825170000000 0.000443370000 0.044434000000 0.081879000000 0.431970000000 0.165700000000 0.548980000000 0.570870000000 0.907290000000 0.251020000000 0.625270000000 0.599000000000 0.921760000000 0.537800000000 0.898300000000 0.816260000000 0.993150000000 0.000000000000 0.000079922000 0.000464560000 0.041465000000 0.002178900000 0.078756000000 0.136680000000 0.523640000000 0.016295000000 0.192200000000 0.259950000000 0.667540000000 0.328080000000 0.705640000000 0.670980000000 0.950990000000 0.085375000000 0.357560000000 0.382120000000 0.767680000000 0.385600000000 0.750560000000 0.694530000000 0.959730000000 0.362150000000 0.715740000000 0.667320000000 0.952790000000 0.581430000000 0.926140000000 0.834840000000 0.996220000000 0.167120000000 0.445480000000 0.410150000000 0.793520000000 0.381510000000 0.746170000000 0.686290000000 0.956790000000 0.356600000000 0.713480000000 0.653580000000 0.946850000000 0.575920000000 0.921390000000 0.831440000000 0.995650000000 0.310240000000 0.648250000000 0.595240000000 0.912860000000 0.548820000000 0.908930000000 0.827810000000 0.995100000000 0.442270000000 0.822420000000 0.811860000000 0.994640000000 0.653550000000 0.958540000000 0.865410000000 0.999660000000 

0.000000000000 0.000000000000 0.000000000000 0.000000000000 0.000000000000 0.000000000000 0.000000000000 0.000000035402 0.000000000000 0.000000000000 0.000000000000 0.000000015155 0.000000000000 0.000002736100 0.000207350000 0.021929000000 0.000000000000 0.000000000000 0.000000000000 0.000030782000 0.000000000000 0.000004684200 0.000130600000 0.047180000000 0.000000000000 0.000533970000 0.000233310000 0.091108000000 0.003724800000 0.181860000000 0.310080000000 0.856320000000 0.000000000000 0.000000050148 0.000000000000 0.001023000000 0.000000000011 0.002703100000 0.004198200000 0.212530000000 0.000000034103 0.014721000000 0.024408000000 0.377550000000 0.082763000000 0.570770000000 0.717840000000 0.965770000000 0.001098300000 0.107540000000 0.183420000000 0.728420000000 0.389270000000 0.868230000000 0.924970000000 0.983200000000 0.647920000000 0.951540000000 0.969440000000 0.984510000000 0.978300000000 0.984060000000 0.984500000000 0.984340000000 0.000000000000 0.000316820000 0.001496000000 0.106370000000 0.006427300000 0.195460000000 0.323880000000 0.833120000000 0.051883000000 0.460970000000 0.611750000000 0.940850000000 0.791600000000 0.971860000000 0.977730000000 0.984660000000 0.286960000000 0.796900000000 0.884750000000 0.980760000000 0.937590000000 0.983720000000 0.984100000000 0.984420000000 0.963600000000 0.984900000000 0.983740000000 0.984520000000 0.983860000000 0.984500000000 0.984430000000 0.984370000000 0.663010000000 0.952970000000 0.971660000000 0.983910000000 0.976750000000 0.984660000000 0.982970000000 0.984350000000 0.980030000000 0.984650000000 0.985230000000 0.984600000000 0.983900000000 0.984360000000 0.983750000000 0.984360000000 0.981660000000 0.984210000000 0.985390000000 0.984860000000 0.983980000000 0.983970000000 0.984230000000 0.984450000000 0.984700000000 0.984100000000 0.984170000000 0.984280000000 0.983920000000 0.984320000000 0.984580000000 0.984400000000 

N_obs: 4000

File Format:
1- most to least reliable channels (taken entropies)
2- most to least reliable channels (taken error probabilities)
3- channels entropies (flipped)
4- channels error probabilities (flipped)
5- number of MontCarlo simulations
