127 126 125 124 123 122 121 119 118 117 115 111 110 109 107 103 95 94 93 91 87 63 120 79 108 116 114 106 61 105 113 102 62 92 101 59 90 55 89 99 86 85 78 83 112 77 104 60 47 100 75 58 98 57 88 97 54 84 53 71 82 81 31 76 51 46 74 45 56 73 43 96 52 70 30 50 39 69 80 29 44 27 15 23 49 67 42 72 7 41 11 35 37 38 19 13 21 28 68 14 25 26 22 3 66 65 5 48 9 33 6 17 10 34 40 18 1 36 12 20 2 24 64 4 8 32 16 0 

127 126 125 124 123 122 121 119 118 117 115 111 110 109 107 103 95 94 93 91 87 63 79 120 108 116 106 114 61 105 113 102 62 92 101 59 90 55 89 99 86 85 78 83 112 104 77 60 47 75 100 58 98 57 88 97 54 84 53 71 82 81 76 51 31 46 74 45 56 73 96 70 43 52 69 50 80 30 39 49 29 44 67 72 42 27 41 68 23 38 28 48 15 66 37 35 65 26 25 40 22 6 10 9 3 33 11 18 13 12 36 7 2 14 21 32 1 17 0 16 8 24 34 4 20 64 19 5 

0.000000000000 0.000000000000 0.000000000000 0.000000000000 0.000000000000 0.000000000000 0.000000000000 0.000000000000 0.000000000000 0.000000000000 0.000000000000 0.000000000000 0.000000000000 0.000000000000 0.000000000001 0.000050456000 0.000000000000 0.000000000000 0.000000000000 0.000000000000 0.000000000000 0.000000000000 0.000000000000 0.000208210000 0.000000000000 0.000000000001 0.000000000026 0.000530420000 0.000000004071 0.001208100000 0.003006400000 0.172140000000 0.000000000000 0.000000000000 0.000000000000 0.000000000012 0.000000000000 0.000000000101 0.000000003083 0.001918800000 0.000000000000 0.000000130980 0.000000619840 0.006019200000 0.000026687000 0.011838000000 0.024863000000 0.328840000000 0.000000000000 0.000011126000 0.000110930000 0.028983000000 0.000548070000 0.058830000000 0.117530000000 0.533160000000 0.008937100000 0.178600000000 0.296610000000 0.705400000000 0.435460000000 0.775500000000 0.780290000000 0.967290000000 0.000000000000 0.000000000008 0.000000000000 0.000357160000 0.000000000030 0.000920050000 0.001583500000 0.094020000000 0.000000000382 0.003927800000 0.008761400000 0.176730000000 0.030884000000 0.289320000000 0.423550000000 0.793080000000 0.000399520000 0.038610000000 0.073254000000 0.407020000000 0.163160000000 0.528430000000 0.602210000000 0.887400000000 0.295470000000 0.646800000000 0.646320000000 0.906740000000 0.635630000000 0.881290000000 0.851340000000 0.989540000000 0.028912000000 0.249060000000 0.348340000000 0.703960000000 0.410420000000 0.729530000000 0.717130000000 0.942990000000 0.423490000000 0.730610000000 0.685080000000 0.925020000000 0.654000000000 0.892870000000 0.856600000000 0.990800000000 0.412760000000 0.715650000000 0.673340000000 0.921380000000 0.617470000000 0.871850000000 0.839480000000 0.986650000000 0.574680000000 0.855760000000 0.787600000000 0.979170000000 0.773000000000 0.941080000000 0.900800000000 0.999160000000 

0.000000000000 0.000000000000 0.000000000000 0.000000000000 0.000000000000 0.000000000000 0.000000000000 0.000000000000 0.000000000000 0.000000000000 0.000000000000 0.000000000000 0.000000000000 0.000000000000 0.000000000000 0.000267100000 0.000000000000 0.000000000000 0.000000000000 0.000000000000 0.000000000000 0.000000000000 0.000000000000 0.000296810000 0.000000000000 0.000000000000 0.000000000008 0.001188200000 0.000000001731 0.003200700000 0.005888800000 0.328250000000 0.000000000000 0.000000000000 0.000000000000 0.000000000003 0.000000000000 0.000000000028 0.000000001128 0.003811900000 0.000000000000 0.000000071111 0.000000459430 0.012481000000 0.000050364000 0.027763000000 0.048067000000 0.567240000000 0.000000000000 0.000007973000 0.000550010000 0.058525000000 0.001114900000 0.118180000000 0.215790000000 0.812850000000 0.019406000000 0.350980000000 0.528960000000 0.945440000000 0.766100000000 0.984600000000 0.991430000000 0.996170000000 0.000000000000 0.000000000002 0.000000000000 0.000823940000 0.000000000008 0.002215800000 0.003328600000 0.201310000000 0.000000000116 0.008735500000 0.018687000000 0.358020000000 0.067671000000 0.550460000000 0.716250000000 0.980070000000 0.001082100000 0.095981000000 0.157190000000 0.729590000000 0.357450000000 0.869570000000 0.937810000000 0.994910000000 0.654890000000 0.968030000000 0.987020000000 0.996020000000 0.991360000000 0.996130000000 0.995910000000 0.996070000000 0.076762000000 0.567620000000 0.724670000000 0.979460000000 0.883330000000 0.992620000000 0.994050000000 0.996120000000 0.960210000000 0.995660000000 0.996070000000 0.996160000000 0.996200000000 0.995940000000 0.996070000000 0.996100000000 0.983090000000 0.996060000000 0.995950000000 0.996000000000 0.995930000000 0.995860000000 0.995870000000 0.996120000000 0.996030000000 0.995820000000 0.996270000000 0.996160000000 0.995880000000 0.996030000000 0.996070000000 0.996100000000 

N_obs: 4000

File Format:
1- most to least reliable channels (taken entropies)
2- most to least reliable channels (taken error probabilities)
3- channels entropies (flipped)
4- channels error probabilities (flipped)
5- number of MontCarlo simulations
