127 126 125 123 119 124 122 111 121 118 95 63 117 31 115 47 110 79 55 87 15 103 109 59 107 91 120 61 23 93 94 62 39 71 27 43 7 29 75 45 30 51 11 116 83 77 53 46 99 85 101 114 78 113 13 54 21 57 19 86 105 89 35 67 37 102 58 14 5 69 106 90 3 108 22 25 41 60 92 73 38 26 70 49 81 42 97 6 74 9 17 28 33 65 50 10 82 1 44 98 76 52 18 84 34 66 2 100 12 112 56 20 104 88 36 24 68 40 72 48 80 4 96 8 16 32 64 0 

127 126 125 123 119 124 122 121 111 118 117 95 115 110 120 109 116 107 63 94 103 114 113 93 108 91 61 47 87 79 7 75 46 105 39 60 67 55 90 27 99 38 78 106 89 45 31 37 1 26 98 104 50 100 70 49 43 18 44 33 102 28 36 3 52 82 62 40 4 16 48 68 74 72 64 6 21 96 0 51 8 32 73 56 80 112 101 12 29 76 20 59 88 65 24 97 5 53 17 2 84 9 34 66 57 25 11 81 41 23 13 10 85 92 86 42 14 83 19 22 35 58 54 77 69 15 71 30 

0.000000000000 0.000091660000 0.000316340000 0.034202000000 0.001065900000 0.064660000000 0.130130000000 0.518450000000 0.012236000000 0.181180000000 0.290120000000 0.679650000000 0.396480000000 0.735980000000 0.741800000000 0.953440000000 0.102030000000 0.417050000000 0.482760000000 0.806480000000 0.496820000000 0.792130000000 0.763590000000 0.961810000000 0.481060000000 0.781200000000 0.727330000000 0.946200000000 0.707280000000 0.917930000000 0.877500000000 0.995520000000 0.254650000000 0.562040000000 0.541040000000 0.843050000000 0.503880000000 0.796390000000 0.770130000000 0.963020000000 0.462290000000 0.762260000000 0.714290000000 0.937810000000 0.684110000000 0.907070000000 0.866150000000 0.993150000000 0.432220000000 0.736180000000 0.690530000000 0.928240000000 0.635700000000 0.881040000000 0.847530000000 0.989300000000 0.589920000000 0.861170000000 0.789630000000 0.982420000000 0.780050000000 0.941670000000 0.901820000000 0.999300000000 0.285630000000 0.567710000000 0.522610000000 0.835620000000 0.488660000000 0.783590000000 0.755510000000 0.958820000000 0.450870000000 0.750410000000 0.701320000000 0.932690000000 0.672640000000 0.901970000000 0.861830000000 0.991770000000 0.404490000000 0.703150000000 0.664590000000 0.916240000000 0.615900000000 0.866940000000 0.828730000000 0.983390000000 0.569510000000 0.849280000000 0.780870000000 0.976400000000 0.771360000000 0.939820000000 0.898780000000 0.999050000000 0.377830000000 0.665430000000 0.635470000000 0.897580000000 0.593300000000 0.856510000000 0.821860000000 0.978160000000 0.530950000000 0.816240000000 0.751680000000 0.959750000000 0.759620000000 0.936930000000 0.895830000000 0.998800000000 0.466110000000 0.785380000000 0.742000000000 0.948500000000 0.677800000000 0.903200000000 0.892910000000 0.998600000000 0.620480000000 0.878980000000 0.789240000000 0.994300000000 0.801190000000 0.943610000000 0.909020000000 0.999710000000 

0.000000000000 0.000164980000 0.001013200000 0.080990000000 0.002256500000 0.152130000000 0.264630000000 0.831830000000 0.029353000000 0.389470000000 0.560580000000 0.953470000000 0.770700000000 0.983800000000 0.990600000000 0.996120000000 0.267820000000 0.811590000000 0.903530000000 0.993570000000 0.964280000000 0.995930000000 0.995760000000 0.996010000000 0.981410000000 0.996050000000 0.996120000000 0.996030000000 0.995910000000 0.996010000000 0.996150000000 0.996100000000 0.759400000000 0.981150000000 0.991010000000 0.996280000000 0.994110000000 0.995900000000 0.995930000000 0.996140000000 0.995300000000 0.996300000000 0.996270000000 0.996170000000 0.996320000000 0.996070000000 0.996210000000 0.996120000000 0.995330000000 0.995920000000 0.996450000000 0.996130000000 0.995720000000 0.996090000000 0.996100000000 0.996090000000 0.996550000000 0.996030000000 0.996450000000 0.996090000000 0.995870000000 0.996180000000 0.996140000000 0.996090000000 0.967510000000 0.996070000000 0.995050000000 0.995810000000 0.996130000000 0.996380000000 0.996200000000 0.996110000000 0.995890000000 0.996430000000 0.996160000000 0.996070000000 0.996100000000 0.996020000000 0.996030000000 0.996090000000 0.995110000000 0.995740000000 0.995950000000 0.996050000000 0.996040000000 0.996300000000 0.996230000000 0.996080000000 0.995770000000 0.995920000000 0.995960000000 0.996060000000 0.996370000000 0.996170000000 0.996050000000 0.996100000000 0.995950000000 0.996700000000 0.996130000000 0.996050000000 0.995900000000 0.996000000000 0.996210000000 0.996140000000 0.996240000000 0.996340000000 0.996090000000 0.996130000000 0.996330000000 0.996040000000 0.996160000000 0.996090000000 0.996540000000 0.996300000000 0.996240000000 0.996130000000 0.996210000000 0.996260000000 0.996170000000 0.996100000000 0.995700000000 0.996090000000 0.996160000000 0.996080000000 0.996070000000 0.996160000000 0.995970000000 0.996100000000 

N_obs: 4000

File Format:
1- most to least reliable channels (taken entropies)
2- most to least reliable channels (taken error probabilities)
3- channels entropies (flipped)
4- channels error probabilities (flipped)
5- number of MontCarlo simulations
