127 126 125 124 123 122 121 120 119 118 117 116 115 114 113 111 110 109 108 107 106 105 103 102 99 95 94 93 92 91 87 86 79 63 62 61 59 55 47 90 101 89 85 78 77 83 60 75 58 31 54 53 71 57 45 104 112 100 51 88 46 97 84 98 43 82 81 76 74 39 73 56 30 29 52 70 50 69 49 44 27 96 42 67 80 41 23 38 72 28 37 15 68 26 48 35 25 66 22 40 21 65 7 19 11 14 13 36 3 34 33 24 5 17 9 20 6 18 10 64 12 1 32 2 16 4 8 0 

127 126 125 124 123 122 121 120 119 118 117 116 115 114 113 111 110 109 108 107 106 105 103 102 99 95 94 93 92 91 87 86 79 63 62 61 59 55 47 90 101 89 85 78 77 83 60 75 58 31 54 53 71 57 45 104 112 100 51 88 46 97 84 98 82 76 43 81 74 39 73 56 30 52 70 29 50 69 49 44 27 96 42 67 80 41 23 38 72 28 37 68 26 48 15 35 66 25 40 22 65 21 36 19 14 34 24 13 33 64 11 7 20 18 17 3 6 12 32 10 9 2 1 0 16 4 8 5 

0.000000000000 0.000000000000 0.000000000000 0.000000000000 0.000000000000 0.000000000000 0.000000000000 0.000000000000 0.000000000000 0.000000000000 0.000000000000 0.000000000000 0.000000000000 0.000000000000 0.000000000000 0.000000325140 0.000000000000 0.000000000000 0.000000000000 0.000000000000 0.000000000000 0.000000000000 0.000000000000 0.000000226770 0.000000000000 0.000000000000 0.000000000000 0.000000389350 0.000000000000 0.000021923000 0.000013112000 0.015481000000 0.000000000000 0.000000000000 0.000000000000 0.000000000000 0.000000000000 0.000000000000 0.000000000000 0.000001770400 0.000000000000 0.000000000000 0.000000000000 0.000019998000 0.000000000000 0.000032378000 0.000100940000 0.033117000000 0.000000000000 0.000000000000 0.000000000000 0.000129640000 0.000000000005 0.000384550000 0.000865750000 0.069979000000 0.000000001535 0.001972800000 0.003909100000 0.141670000000 0.017646000000 0.253230000000 0.369640000000 0.810460000000 0.000000000000 0.000000000000 0.000000000000 0.000000000001 0.000000000000 0.000000000020 0.000000014950 0.000876100000 0.000000000000 0.000000000053 0.000000001504 0.001618900000 0.000000799500 0.003237900000 0.006696800000 0.182210000000 0.000000000000 0.000002483200 0.000000224910 0.007723600000 0.000031659000 0.017220000000 0.033248000000 0.328780000000 0.000658740000 0.058328000000 0.100320000000 0.500390000000 0.201680000000 0.618840000000 0.623990000000 0.935350000000 0.000000000025 0.000876300000 0.001605200000 0.080477000000 0.008210000000 0.146380000000 0.223470000000 0.650530000000 0.038495000000 0.283920000000 0.355440000000 0.761630000000 0.395920000000 0.780760000000 0.727130000000 0.970190000000 0.125210000000 0.439490000000 0.450610000000 0.822080000000 0.429050000000 0.804450000000 0.743540000000 0.975130000000 0.388620000000 0.762990000000 0.716250000000 0.971250000000 0.610540000000 0.943190000000 0.849600000000 0.998210000000 

0.000000000000 0.000000000000 0.000000000000 0.000000000000 0.000000000000 0.000000000000 0.000000000000 0.000000000000 0.000000000000 0.000000000000 0.000000000000 0.000000000000 0.000000000000 0.000000000000 0.000000000000 0.000000135720 0.000000000000 0.000000000000 0.000000000000 0.000000000000 0.000000000000 0.000000000000 0.000000000000 0.000000089588 0.000000000000 0.000000000000 0.000000000000 0.000000151980 0.000000000000 0.000025706000 0.000013040000 0.031299000000 0.000000000000 0.000000000000 0.000000000000 0.000000000000 0.000000000000 0.000000000000 0.000000000000 0.000000955920 0.000000000000 0.000000000000 0.000000000000 0.000016425000 0.000000000000 0.000028129000 0.000282710000 0.064667000000 0.000000000000 0.000000000000 0.000000000000 0.000269760000 0.000000000001 0.000987110000 0.001932000000 0.134080000000 0.000000000417 0.003840200000 0.008296200000 0.259340000000 0.040000000000 0.442800000000 0.625680000000 0.956890000000 0.000000000000 0.000000000000 0.000000000000 0.000000000000 0.000000000000 0.000000000004 0.000000005109 0.002198500000 0.000000000000 0.000000000012 0.000000000403 0.002950600000 0.000000418850 0.007617900000 0.013367000000 0.334600000000 0.000000000000 0.000001721200 0.000000084205 0.017806000000 0.000279130000 0.036853000000 0.070453000000 0.557980000000 0.001578200000 0.127150000000 0.210260000000 0.770610000000 0.430540000000 0.892020000000 0.942480000000 0.983540000000 0.000000000005 0.002796400000 0.004964600000 0.180350000000 0.021291000000 0.321820000000 0.463610000000 0.906900000000 0.105200000000 0.598210000000 0.735240000000 0.967080000000 0.860610000000 0.979960000000 0.982280000000 0.984410000000 0.383640000000 0.866410000000 0.924620000000 0.983270000000 0.957220000000 0.983790000000 0.984020000000 0.984520000000 0.966300000000 0.983160000000 0.985120000000 0.984460000000 0.982480000000 0.984130000000 0.984400000000 0.984410000000 

N_obs: 4000

File Format:
1- most to least reliable channels (taken entropies)
2- most to least reliable channels (taken error probabilities)
3- channels entropies (flipped)
4- channels error probabilities (flipped)
5- number of MontCarlo simulations
