127 126 125 124 123 122 121 120 119 118 117 116 115 114 111 110 109 108 107 106 105 103 95 94 93 91 87 79 63 62 61 59 55 101 90 113 89 102 99 47 92 83 86 85 78 75 77 57 53 60 112 31 104 58 71 88 100 54 98 97 51 46 84 82 81 45 76 74 43 73 56 70 52 30 69 39 50 29 96 49 44 80 67 27 42 72 41 23 38 68 28 37 15 48 26 66 35 25 7 22 65 40 21 11 19 13 14 36 3 34 33 5 9 17 24 6 10 18 20 64 12 1 2 32 4 8 16 0 

127 126 125 124 123 122 121 120 119 118 117 116 115 114 111 110 109 108 107 106 105 103 95 94 93 91 87 79 63 62 61 59 55 101 90 113 89 102 99 47 92 83 86 85 78 75 77 57 53 60 112 31 104 58 71 88 100 54 98 84 51 97 46 82 81 45 76 74 73 43 56 70 52 69 30 39 50 29 96 49 44 67 80 42 27 72 41 38 23 68 28 37 48 66 26 15 35 65 40 25 22 36 21 19 14 34 24 64 33 13 7 11 20 3 18 12 32 10 8 2 0 4 17 6 5 16 1 9 

0.000000000000 0.000000000000 0.000000000000 0.000000000000 0.000000000000 0.000000000000 0.000000000000 0.000000000000 0.000000000000 0.000000000000 0.000000000000 0.000000000000 0.000000000000 0.000000000000 0.000000000000 0.000000219720 0.000000000000 0.000000000000 0.000000000000 0.000000000000 0.000000000000 0.000000000000 0.000000000000 0.000002944700 0.000000000000 0.000000000000 0.000000000000 0.000018184000 0.000000000000 0.000033533000 0.000070186000 0.027281000000 0.000000000000 0.000000000000 0.000000000000 0.000000000000 0.000000000000 0.000000000000 0.000000000000 0.000011464000 0.000000000000 0.000000000000 0.000000000001 0.000116260000 0.000000000000 0.000172700000 0.000243430000 0.062045000000 0.000000000000 0.000000000001 0.000000000275 0.000684140000 0.000000000042 0.000981060000 0.001726200000 0.130680000000 0.000005983300 0.006685700000 0.013729000000 0.256430000000 0.062484000000 0.411780000000 0.548250000000 0.873870000000 0.000000000000 0.000000000000 0.000000000000 0.000000040651 0.000000000000 0.000004619000 0.000000005912 0.004684200000 0.000000000000 0.000030463000 0.000000034068 0.007835500000 0.000072184000 0.017685000000 0.038773000000 0.360960000000 0.000000000000 0.000080949000 0.000479360000 0.041162000000 0.001309100000 0.077450000000 0.148610000000 0.559580000000 0.015357000000 0.203170000000 0.319990000000 0.709760000000 0.435620000000 0.768410000000 0.772750000000 0.965190000000 0.000002104600 0.011898000000 0.024695000000 0.264670000000 0.076877000000 0.393010000000 0.498400000000 0.831650000000 0.197380000000 0.547920000000 0.583540000000 0.871350000000 0.585200000000 0.852340000000 0.825350000000 0.981650000000 0.322920000000 0.643930000000 0.621990000000 0.894540000000 0.584800000000 0.849960000000 0.815560000000 0.979070000000 0.547000000000 0.833670000000 0.773540000000 0.968630000000 0.758650000000 0.936840000000 0.895150000000 0.998600000000 

0.000000000000 0.000000000000 0.000000000000 0.000000000000 0.000000000000 0.000000000000 0.000000000000 0.000000000000 0.000000000000 0.000000000000 0.000000000000 0.000000000000 0.000000000000 0.000000000000 0.000000000000 0.000000132510 0.000000000000 0.000000000000 0.000000000000 0.000000000000 0.000000000000 0.000000000000 0.000000000000 0.000002156500 0.000000000000 0.000000000000 0.000000000000 0.000027823000 0.000000000000 0.000084836000 0.000216750000 0.057417000000 0.000000000000 0.000000000000 0.000000000000 0.000000000000 0.000000000000 0.000000000000 0.000000000000 0.000008715200 0.000000000000 0.000000000000 0.000000000000 0.000148710000 0.000000000000 0.000432900000 0.000508530000 0.131420000000 0.000000000000 0.000000000000 0.000000000094 0.001882800000 0.000000000011 0.002522400000 0.003498800000 0.258200000000 0.000005770400 0.015819000000 0.027538000000 0.470840000000 0.120580000000 0.692390000000 0.845050000000 0.991530000000 0.000000000000 0.000000000000 0.000000000000 0.000000018133 0.000000000000 0.000003731100 0.000000002293 0.011456000000 0.000000000000 0.000080720000 0.000000013744 0.016951000000 0.000194540000 0.037109000000 0.079206000000 0.628520000000 0.000000000000 0.000227990000 0.001017000000 0.091324000000 0.003681400000 0.167990000000 0.288200000000 0.850690000000 0.031932000000 0.419090000000 0.587610000000 0.958670000000 0.798770000000 0.987400000000 0.992270000000 0.996080000000 0.000001477200 0.028698000000 0.054639000000 0.528210000000 0.177600000000 0.726600000000 0.851550000000 0.991220000000 0.461320000000 0.913920000000 0.959540000000 0.995740000000 0.984430000000 0.996000000000 0.996140000000 0.996140000000 0.795340000000 0.985420000000 0.992420000000 0.996040000000 0.995290000000 0.996090000000 0.996400000000 0.996100000000 0.995270000000 0.996140000000 0.996140000000 0.996120000000 0.995960000000 0.996100000000 0.996180000000 0.996100000000 

N_obs: 4000

File Format:
1- most to least reliable channels (taken entropies)
2- most to least reliable channels (taken error probabilities)
3- channels entropies (flipped)
4- channels error probabilities (flipped)
5- number of MontCarlo simulations
