127 126 125 123 119 111 124 122 121 118 117 115 95 110 109 120 107 116 94 63 114 103 93 108 113 91 31 87 106 79 47 62 55 61 59 15 105 23 102 39 71 27 99 7 101 92 29 43 75 83 51 45 77 30 89 90 85 53 46 112 78 86 57 11 54 13 19 35 67 58 3 60 14 25 21 37 69 97 104 22 41 73 38 49 81 70 26 98 100 6 5 28 42 9 17 33 74 65 50 82 1 44 76 88 84 52 56 12 10 18 34 66 2 24 20 96 36 68 40 72 48 80 4 8 16 32 64 0 

127 126 125 123 119 111 124 122 121 118 117 115 95 110 109 120 107 116 94 114 103 63 93 113 108 106 91 105 102 87 62 92 112 101 61 79 90 99 59 89 104 55 86 47 85 83 100 78 58 98 60 75 14 77 51 71 30 35 81 31 3 57 97 82 54 76 21 88 39 10 37 12 7 33 1 2 13 68 56 96 28 38 42 49 6 48 34 40 66 32 5 72 36 4 16 0 8 64 80 24 84 74 9 18 52 20 70 50 25 46 44 45 41 11 27 22 65 43 53 17 69 73 67 26 19 23 15 29 

0.000000000000 0.000000000000 0.000000000000 0.000003520400 0.000000000000 0.000009790300 0.000049454000 0.022736000000 0.000000000000 0.000122290000 0.000212380000 0.044481000000 0.001567200000 0.088892000000 0.157260000000 0.591790000000 0.000000003147 0.003318400000 0.007285800000 0.155090000000 0.027753000000 0.256070000000 0.343790000000 0.765340000000 0.090634000000 0.408900000000 0.454160000000 0.834210000000 0.450040000000 0.830520000000 0.764170000000 0.981200000000 0.001880800000 0.066798000000 0.113910000000 0.458620000000 0.192540000000 0.548360000000 0.540360000000 0.891690000000 0.250580000000 0.594220000000 0.552590000000 0.895400000000 0.498930000000 0.867510000000 0.792930000000 0.987610000000 0.263860000000 0.593450000000 0.535430000000 0.884470000000 0.485560000000 0.855430000000 0.784270000000 0.986270000000 0.416760000000 0.794410000000 0.757810000000 0.983540000000 0.630450000000 0.951940000000 0.856560000000 0.999010000000 0.067860000000 0.281430000000 0.302240000000 0.668770000000 0.302250000000 0.642510000000 0.599850000000 0.923710000000 0.286880000000 0.619290000000 0.559380000000 0.898530000000 0.501120000000 0.866970000000 0.790630000000 0.987490000000 0.274370000000 0.589100000000 0.528470000000 0.878750000000 0.479020000000 0.849720000000 0.778180000000 0.984650000000 0.415750000000 0.788480000000 0.753450000000 0.982370000000 0.630270000000 0.951030000000 0.854950000000 0.998850000000 0.240510000000 0.537520000000 0.468320000000 0.841780000000 0.431620000000 0.796760000000 0.727610000000 0.970140000000 0.400230000000 0.771520000000 0.732340000000 0.976880000000 0.623940000000 0.948740000000 0.852330000000 0.998590000000 0.326790000000 0.674680000000 0.620770000000 0.925930000000 0.603960000000 0.942600000000 0.851660000000 0.998500000000 0.450730000000 0.834840000000 0.840770000000 0.998420000000 0.663860000000 0.959520000000 0.869490000000 0.999900000000 

0.000000000000 0.000000000000 0.000000000000 0.000002157400 0.000000000000 0.000006929600 0.000250450000 0.053256000000 0.000000000000 0.000343960000 0.000463390000 0.096946000000 0.004434500000 0.187840000000 0.322960000000 0.853600000000 0.000000000868 0.009186800000 0.018836000000 0.331090000000 0.070299000000 0.510190000000 0.675750000000 0.959090000000 0.248910000000 0.769640000000 0.864180000000 0.980010000000 0.925630000000 0.982340000000 0.983770000000 0.984270000000 0.005927400000 0.186010000000 0.311540000000 0.825460000000 0.538370000000 0.919320000000 0.953200000000 0.984050000000 0.770670000000 0.970860000000 0.976980000000 0.984420000000 0.979340000000 0.983780000000 0.983570000000 0.984400000000 0.896440000000 0.981140000000 0.983330000000 0.983970000000 0.982960000000 0.984420000000 0.985300000000 0.984370000000 0.983470000000 0.984480000000 0.985110000000 0.984250000000 0.985330000000 0.984330000000 0.984890000000 0.984390000000 0.281620000000 0.803440000000 0.889290000000 0.982560000000 0.942920000000 0.982250000000 0.983750000000 0.984260000000 0.967800000000 0.983890000000 0.984930000000 0.984440000000 0.983370000000 0.984610000000 0.984300000000 0.984320000000 0.975010000000 0.984660000000 0.984710000000 0.984690000000 0.984930000000 0.984300000000 0.984730000000 0.984330000000 0.984050000000 0.984290000000 0.984100000000 0.984380000000 0.983550000000 0.984330000000 0.984180000000 0.984340000000 0.983630000000 0.983530000000 0.987310000000 0.984290000000 0.984810000000 0.985340000000 0.984610000000 0.984410000000 0.985550000000 0.984810000000 0.984040000000 0.984480000000 0.985500000000 0.984440000000 0.985040000000 0.984380000000 0.985700000000 0.983040000000 0.984240000000 0.984160000000 0.984750000000 0.984100000000 0.984420000000 0.984380000000 0.984160000000 0.984310000000 0.984360000000 0.984380000000 0.983720000000 0.984230000000 0.984200000000 0.984380000000 

N_obs: 4000

File Format:
1- most to least reliable channels (taken entropies)
2- most to least reliable channels (taken error probabilities)
3- channels entropies (flipped)
4- channels error probabilities (flipped)
5- number of MontCarlo simulations
