127 126 125 124 123 122 121 120 119 118 117 115 111 110 109 107 103 95 94 93 91 87 79 63 62 61 59 116 106 113 105 108 114 92 102 55 101 90 89 99 86 85 83 47 77 60 78 58 112 104 57 75 100 54 98 53 88 97 71 31 84 51 82 46 45 81 76 74 56 43 73 52 30 70 39 50 29 96 69 44 49 27 80 67 23 42 15 41 72 38 7 28 37 35 11 19 26 25 68 13 21 48 22 14 3 66 65 40 5 33 9 17 6 34 36 10 1 18 12 24 20 64 2 32 4 8 16 0 

127 126 125 124 123 122 121 120 119 118 117 115 111 110 109 107 103 95 94 93 91 87 79 63 62 61 59 116 106 113 105 108 114 92 102 55 101 90 89 99 86 85 83 47 77 60 78 112 58 104 57 100 75 98 54 53 88 97 71 51 84 31 82 46 81 45 76 74 56 43 73 52 70 30 96 50 39 69 29 49 44 80 67 27 42 72 41 23 38 28 68 48 37 15 26 66 35 25 65 40 22 21 19 36 14 11 13 34 33 24 7 9 17 64 10 1 32 0 20 16 6 5 8 4 2 18 12 3 

0.000000000000 0.000000000000 0.000000000000 0.000000000000 0.000000000000 0.000000000000 0.000000000000 0.000000000000 0.000000000000 0.000000000000 0.000000000000 0.000000000000 0.000000000000 0.000000000000 0.000000000000 0.000053795000 0.000000000000 0.000000000000 0.000000000000 0.000000000000 0.000000000000 0.000000000000 0.000000000000 0.000070322000 0.000000000000 0.000000000000 0.000000000001 0.000226340000 0.000000000017 0.000310900000 0.001020800000 0.093948000000 0.000000000000 0.000000000000 0.000000000000 0.000000000000 0.000000000000 0.000000000004 0.000000000016 0.000395260000 0.000000000000 0.000000000136 0.000000000413 0.001428800000 0.000000007904 0.002876100000 0.007052300000 0.187530000000 0.000000000000 0.000005286000 0.000000688960 0.008023400000 0.000123050000 0.016404000000 0.034253000000 0.351140000000 0.001175800000 0.065702000000 0.114150000000 0.530850000000 0.217340000000 0.644830000000 0.650940000000 0.945340000000 0.000000000000 0.000000000000 0.000000000000 0.000005107800 0.000000000000 0.000047704000 0.000112440000 0.020758000000 0.000000000000 0.000266340000 0.000375990000 0.045137000000 0.001564100000 0.086416000000 0.149990000000 0.584190000000 0.000000048327 0.003179200000 0.006475200000 0.148870000000 0.021498000000 0.243590000000 0.332080000000 0.754660000000 0.077492000000 0.395970000000 0.447370000000 0.832380000000 0.450510000000 0.829730000000 0.766030000000 0.981770000000 0.001306900000 0.052308000000 0.092434000000 0.425740000000 0.168260000000 0.525590000000 0.527450000000 0.884140000000 0.243300000000 0.586420000000 0.552080000000 0.896020000000 0.504990000000 0.869520000000 0.793870000000 0.987840000000 0.264120000000 0.590140000000 0.535030000000 0.882910000000 0.485720000000 0.857310000000 0.787930000000 0.986860000000 0.421060000000 0.798980000000 0.764340000000 0.985050000000 0.635910000000 0.952810000000 0.857770000000 0.999110000000 

0.000000000000 0.000000000000 0.000000000000 0.000000000000 0.000000000000 0.000000000000 0.000000000000 0.000000000000 0.000000000000 0.000000000000 0.000000000000 0.000000000000 0.000000000000 0.000000000000 0.000000000000 0.000043874000 0.000000000000 0.000000000000 0.000000000000 0.000000000000 0.000000000000 0.000000000000 0.000000000000 0.000076178000 0.000000000000 0.000000000000 0.000000000000 0.000511940000 0.000000000004 0.000598340000 0.001884900000 0.172760000000 0.000000000000 0.000000000000 0.000000000000 0.000000000000 0.000000000000 0.000000000001 0.000000000003 0.001033500000 0.000000000000 0.000000000033 0.000000000096 0.003245000000 0.000000002218 0.005876900000 0.012029000000 0.326300000000 0.000000000000 0.000004215200 0.000000323650 0.016042000000 0.000539400000 0.033860000000 0.066484000000 0.563660000000 0.002254600000 0.133330000000 0.230130000000 0.786030000000 0.451540000000 0.900390000000 0.946580000000 0.983940000000 0.000000000000 0.000000000000 0.000000000000 0.000003114300 0.000000000000 0.000058607000 0.000291510000 0.046051000000 0.000000000000 0.000717100000 0.000764320000 0.097475000000 0.003241400000 0.177860000000 0.302390000000 0.841190000000 0.000000019155 0.008697500000 0.015904000000 0.314080000000 0.053774000000 0.476770000000 0.647390000000 0.951110000000 0.200870000000 0.740340000000 0.851090000000 0.979000000000 0.920720000000 0.983260000000 0.983300000000 0.984320000000 0.003766000000 0.148610000000 0.241780000000 0.775970000000 0.459970000000 0.897760000000 0.942740000000 0.983460000000 0.713290000000 0.961200000000 0.973310000000 0.984360000000 0.978520000000 0.984540000000 0.983890000000 0.984370000000 0.883080000000 0.980790000000 0.982260000000 0.984770000000 0.981760000000 0.984190000000 0.983670000000 0.984410000000 0.983660000000 0.984380000000 0.984390000000 0.984420000000 0.985360000000 0.984430000000 0.984210000000 0.984350000000 

N_obs: 4000

File Format:
1- most to least reliable channels (taken entropies)
2- most to least reliable channels (taken error probabilities)
3- channels entropies (flipped)
4- channels error probabilities (flipped)
5- number of MontCarlo simulations
