127 126 125 123 119 124 122 111 121 118 95 63 31 117 47 79 55 115 87 15 103 59 110 91 107 109 61 23 93 62 39 94 71 27 43 120 7 75 29 30 45 11 51 83 77 53 46 99 85 101 13 78 21 116 54 57 19 86 113 35 89 105 114 67 37 58 5 14 102 69 3 106 90 22 25 41 108 60 92 73 38 26 70 49 42 81 6 97 74 9 17 28 33 65 50 10 82 1 44 98 76 52 18 84 34 66 2 12 100 56 20 112 88 104 36 24 68 40 72 48 80 4 96 8 16 32 64 0 

127 126 125 123 119 124 122 111 121 118 117 95 115 120 110 109 63 116 107 94 103 114 93 113 91 108 62 51 61 45 19 101 21 99 75 29 10 67 60 55 70 57 98 85 78 30 43 66 73 84 33 97 49 50 28 102 69 17 12 74 41 18 26 65 105 38 82 100 88 35 104 9 40 4 76 20 68 16 64 0 8 96 106 32 80 112 1 72 24 47 52 59 90 58 36 92 48 34 31 42 89 56 2 25 5 22 6 81 11 53 44 3 23 37 79 27 83 77 87 15 54 14 13 86 46 71 7 39 

0.000000000001 0.000473710000 0.000675600000 0.064718000000 0.004238300000 0.122770000000 0.215360000000 0.618990000000 0.032960000000 0.277730000000 0.389820000000 0.750890000000 0.458360000000 0.776810000000 0.766700000000 0.962620000000 0.161420000000 0.493030000000 0.526230000000 0.836150000000 0.514300000000 0.803980000000 0.775030000000 0.965650000000 0.488240000000 0.786780000000 0.736010000000 0.949250000000 0.712370000000 0.920540000000 0.879510000000 0.995990000000 0.282410000000 0.578450000000 0.548110000000 0.850510000000 0.513370000000 0.804120000000 0.774790000000 0.965100000000 0.467600000000 0.765410000000 0.715100000000 0.939020000000 0.688290000000 0.908120000000 0.867720000000 0.993410000000 0.437390000000 0.740780000000 0.697660000000 0.931470000000 0.637200000000 0.882050000000 0.851220000000 0.990150000000 0.588840000000 0.860820000000 0.789170000000 0.983160000000 0.779120000000 0.942170000000 0.902180000000 0.999360000000 0.291990000000 0.574730000000 0.531110000000 0.841700000000 0.492500000000 0.786060000000 0.758770000000 0.959180000000 0.455110000000 0.756120000000 0.707250000000 0.935260000000 0.675160000000 0.903130000000 0.863640000000 0.992040000000 0.410280000000 0.710650000000 0.670330000000 0.918270000000 0.614000000000 0.866330000000 0.830490000000 0.984090000000 0.575580000000 0.852940000000 0.784510000000 0.977440000000 0.773020000000 0.940340000000 0.899480000000 0.999130000000 0.380540000000 0.669030000000 0.639910000000 0.899370000000 0.593530000000 0.858990000000 0.823800000000 0.978780000000 0.535150000000 0.817390000000 0.750420000000 0.959710000000 0.761480000000 0.937680000000 0.896940000000 0.998930000000 0.472720000000 0.786210000000 0.740620000000 0.947900000000 0.671350000000 0.904030000000 0.894440000000 0.998770000000 0.624160000000 0.877970000000 0.786090000000 0.994130000000 0.801500000000 0.943720000000 0.909330000000 0.999750000000 

0.000000000000 0.001315900000 0.001341800000 0.152740000000 0.010209000000 0.275130000000 0.425370000000 0.909040000000 0.081144000000 0.575150000000 0.739730000000 0.978750000000 0.879870000000 0.992070000000 0.994540000000 0.996100000000 0.423320000000 0.911840000000 0.955860000000 0.995420000000 0.983330000000 0.996100000000 0.996060000000 0.996080000000 0.989770000000 0.996020000000 0.995750000000 0.996080000000 0.995770000000 0.995970000000 0.996010000000 0.996100000000 0.848980000000 0.989740000000 0.993040000000 0.996130000000 0.995170000000 0.996120000000 0.996140000000 0.996080000000 0.996290000000 0.996370000000 0.995980000000 0.996000000000 0.996260000000 0.996080000000 0.996170000000 0.996100000000 0.996250000000 0.995980000000 0.996290000000 0.996090000000 0.995790000000 0.996050000000 0.996000000000 0.996110000000 0.996590000000 0.995950000000 0.996020000000 0.996090000000 0.995900000000 0.996000000000 0.996060000000 0.996090000000 0.977960000000 0.995460000000 0.995640000000 0.995910000000 0.996120000000 0.996120000000 0.995970000000 0.996140000000 0.995940000000 0.996330000000 0.996180000000 0.996120000000 0.995550000000 0.996010000000 0.996010000000 0.996130000000 0.996110000000 0.996510000000 0.995640000000 0.996190000000 0.995990000000 0.996140000000 0.996050000000 0.996090000000 0.996650000000 0.996070000000 0.996240000000 0.996130000000 0.996080000000 0.996130000000 0.996000000000 0.996100000000 0.996140000000 0.995990000000 0.995880000000 0.996010000000 0.996250000000 0.996060000000 0.996160000000 0.996110000000 0.996200000000 0.996160000000 0.995750000000 0.996090000000 0.995720000000 0.996050000000 0.996040000000 0.996090000000 0.996320000000 0.996330000000 0.996360000000 0.996040000000 0.996180000000 0.995900000000 0.996080000000 0.996090000000 0.996620000000 0.996170000000 0.996160000000 0.996090000000 0.996200000000 0.996160000000 0.996100000000 0.996090000000 

N_obs: 4000

File Format:
1- most to least reliable channels (taken entropies)
2- most to least reliable channels (taken error probabilities)
3- channels entropies (flipped)
4- channels error probabilities (flipped)
5- number of MontCarlo simulations
