127 126 125 123 119 124 122 111 121 95 63 118 31 47 117 79 55 15 115 59 103 87 61 107 91 109 110 93 62 23 71 39 27 7 94 29 51 43 30 75 120 45 83 99 77 53 46 13 11 19 57 35 78 85 67 101 54 3 113 14 89 105 116 58 102 86 114 25 90 106 60 108 21 92 37 22 49 69 41 26 38 70 73 81 97 6 5 28 9 17 33 65 1 50 42 44 74 76 52 98 82 12 56 84 100 10 112 18 88 34 66 104 2 24 20 48 40 36 68 72 80 96 4 8 16 32 64 0 

127 126 125 123 119 124 122 111 121 118 117 95 115 110 120 63 109 116 107 103 94 93 114 113 87 91 108 59 78 55 51 29 43 75 77 106 99 19 53 69 102 14 54 79 62 105 5 21 13 52 65 38 82 76 84 60 20 18 98 50 48 104 40 12 39 25 86 15 44 9 80 28 72 112 6 56 8 85 47 100 4 0 16 24 64 2 32 92 36 68 34 30 37 73 26 96 7 70 88 89 74 97 17 10 41 1 33 66 42 101 22 49 90 46 11 57 67 3 58 35 23 81 45 27 31 61 83 71 

0.000000000000 0.000334430000 0.000740950000 0.057500000000 0.005431200000 0.110640000000 0.174780000000 0.567010000000 0.030045000000 0.237760000000 0.300870000000 0.693380000000 0.340650000000 0.720290000000 0.675580000000 0.954780000000 0.113060000000 0.398980000000 0.397100000000 0.778590000000 0.383340000000 0.750930000000 0.693340000000 0.959280000000 0.348150000000 0.712190000000 0.656090000000 0.948260000000 0.575680000000 0.921610000000 0.832700000000 0.995670000000 0.183630000000 0.462940000000 0.417000000000 0.797610000000 0.384380000000 0.750310000000 0.688050000000 0.957370000000 0.356780000000 0.713990000000 0.652040000000 0.947060000000 0.574230000000 0.921620000000 0.830780000000 0.995620000000 0.309470000000 0.650590000000 0.591760000000 0.912810000000 0.556140000000 0.910640000000 0.827870000000 0.995250000000 0.438400000000 0.821280000000 0.813170000000 0.994770000000 0.655760000000 0.958560000000 0.864920000000 0.999690000000 0.185770000000 0.427790000000 0.377440000000 0.756210000000 0.342490000000 0.700710000000 0.647620000000 0.943630000000 0.320000000000 0.657070000000 0.596300000000 0.920170000000 0.528960000000 0.888330000000 0.805820000000 0.990880000000 0.300510000000 0.630320000000 0.572060000000 0.903710000000 0.533560000000 0.893900000000 0.815700000000 0.993230000000 0.439570000000 0.818360000000 0.803640000000 0.993240000000 0.650010000000 0.957750000000 0.863640000000 0.999540000000 0.254280000000 0.553660000000 0.487020000000 0.857650000000 0.446780000000 0.817100000000 0.741450000000 0.975370000000 0.427820000000 0.804920000000 0.785990000000 0.990650000000 0.645580000000 0.956750000000 0.861770000000 0.999490000000 0.335090000000 0.684780000000 0.632510000000 0.929170000000 0.636200000000 0.953710000000 0.861520000000 0.999470000000 0.456850000000 0.839710000000 0.851630000000 0.999410000000 0.670250000000 0.960270000000 0.871450000000 0.999900000000 

0.000000000000 0.001775800000 0.002611200000 0.151100000000 0.015426000000 0.292520000000 0.432500000000 0.888640000000 0.090689000000 0.573650000000 0.721360000000 0.960250000000 0.851320000000 0.978340000000 0.981590000000 0.984350000000 0.412870000000 0.872850000000 0.930950000000 0.982060000000 0.960360000000 0.983620000000 0.983970000000 0.984280000000 0.971120000000 0.983810000000 0.984650000000 0.984370000000 0.983670000000 0.984250000000 0.984520000000 0.984490000000 0.785820000000 0.972590000000 0.975970000000 0.984400000000 0.981760000000 0.984740000000 0.984510000000 0.984500000000 0.981750000000 0.984310000000 0.984360000000 0.984200000000 0.986240000000 0.984150000000 0.985030000000 0.984340000000 0.983850000000 0.983050000000 0.983560000000 0.984170000000 0.983470000000 0.984510000000 0.984450000000 0.984350000000 0.987090000000 0.984500000000 0.983800000000 0.984410000000 0.984860000000 0.984640000000 0.984140000000 0.984390000000 0.927910000000 0.983860000000 0.986010000000 0.984210000000 0.982630000000 0.984890000000 0.984850000000 0.984360000000 0.983170000000 0.983850000000 0.983690000000 0.984130000000 0.983300000000 0.984260000000 0.984720000000 0.984270000000 0.984360000000 0.984790000000 0.985410000000 0.984330000000 0.983420000000 0.984640000000 0.984580000000 0.984280000000 0.984300000000 0.984150000000 0.984440000000 0.984400000000 0.984900000000 0.984420000000 0.984620000000 0.984400000000 0.985820000000 0.984430000000 0.983390000000 0.984340000000 0.985670000000 0.984450000000 0.984300000000 0.984380000000 0.985020000000 0.984670000000 0.984080000000 0.984210000000 0.983680000000 0.984250000000 0.984520000000 0.984370000000 0.984330000000 0.983830000000 0.984090000000 0.984280000000 0.984830000000 0.984540000000 0.984330000000 0.984360000000 0.984490000000 0.984350000000 0.984030000000 0.984370000000 0.984880000000 0.984390000000 0.984600000000 0.984370000000 

N_obs: 4000

File Format:
1- most to least reliable channels (taken entropies)
2- most to least reliable channels (taken error probabilities)
3- channels entropies (flipped)
4- channels error probabilities (flipped)
5- number of MontCarlo simulations
