127 126 125 123 63 119 95 111 31 47 79 55 15 124 59 87 103 61 91 107 115 23 122 39 93 62 71 121 27 7 109 117 29 118 94 110 51 30 43 75 99 45 83 53 77 13 11 46 19 57 35 67 78 3 54 14 101 85 89 58 105 86 102 25 113 60 90 106 114 49 21 22 26 92 37 120 38 70 69 108 41 97 6 116 81 73 5 28 9 17 33 65 1 50 44 42 76 52 12 74 98 82 56 10 34 18 66 2 100 84 88 104 112 24 48 20 40 36 96 68 80 72 4 16 8 32 64 0 

127 126 125 123 119 124 122 111 121 95 118 63 117 115 79 110 94 103 47 62 107 109 85 81 54 105 11 102 114 58 78 113 99 91 17 120 70 6 87 69 43 22 83 65 55 23 27 61 92 45 41 53 21 116 49 82 96 74 9 73 112 50 48 36 12 4 64 32 16 86 8 0 30 68 20 40 100 72 24 10 66 98 1 52 93 80 44 38 104 18 75 84 60 59 34 2 56 46 42 35 88 19 33 28 25 106 101 90 97 39 76 71 13 14 15 77 29 108 3 26 37 89 5 67 57 7 31 51 

0.000813240000 0.036278000000 0.067071000000 0.341150000000 0.134350000000 0.438010000000 0.450100000000 0.829310000000 0.201270000000 0.506250000000 0.469690000000 0.841160000000 0.429470000000 0.810580000000 0.747680000000 0.976950000000 0.228700000000 0.520370000000 0.465630000000 0.835860000000 0.422990000000 0.791640000000 0.728890000000 0.970690000000 0.376110000000 0.743060000000 0.688380000000 0.961060000000 0.596280000000 0.933850000000 0.840450000000 0.997030000000 0.222450000000 0.506340000000 0.445550000000 0.822620000000 0.408480000000 0.778120000000 0.710540000000 0.965010000000 0.373260000000 0.738990000000 0.693130000000 0.963570000000 0.601220000000 0.937780000000 0.843990000000 0.997550000000 0.320090000000 0.667560000000 0.614500000000 0.921410000000 0.589000000000 0.932580000000 0.844140000000 0.997650000000 0.445930000000 0.830260000000 0.832090000000 0.997460000000 0.661860000000 0.959420000000 0.867700000000 0.999820000000 0.195040000000 0.445830000000 0.390270000000 0.768050000000 0.350970000000 0.715370000000 0.659960000000 0.947740000000 0.321820000000 0.674660000000 0.614470000000 0.927990000000 0.535750000000 0.894590000000 0.812950000000 0.992650000000 0.310300000000 0.654750000000 0.597360000000 0.914170000000 0.569830000000 0.919610000000 0.836250000000 0.996540000000 0.444550000000 0.829870000000 0.825880000000 0.996650000000 0.660390000000 0.958610000000 0.866390000000 0.999770000000 0.252530000000 0.556320000000 0.495760000000 0.861180000000 0.454900000000 0.822370000000 0.743710000000 0.977460000000 0.435150000000 0.818660000000 0.815250000000 0.995330000000 0.657540000000 0.958620000000 0.865690000000 0.999720000000 0.336850000000 0.688310000000 0.635120000000 0.928270000000 0.644820000000 0.956400000000 0.865450000000 0.999740000000 0.457000000000 0.840950000000 0.856920000000 0.999690000000 0.673340000000 0.959900000000 0.872130000000 0.999910000000 

0.003251700000 0.128920000000 0.224360000000 0.758880000000 0.445140000000 0.897060000000 0.935290000000 0.983800000000 0.734220000000 0.963090000000 0.974810000000 0.984240000000 0.976580000000 0.983560000000 0.983760000000 0.984320000000 0.901750000000 0.981780000000 0.983010000000 0.985050000000 0.982970000000 0.984720000000 0.983330000000 0.984450000000 0.982450000000 0.983480000000 0.984730000000 0.984400000000 0.983770000000 0.984410000000 0.984790000000 0.984290000000 0.955250000000 0.981970000000 0.984420000000 0.984170000000 0.983780000000 0.984760000000 0.985230000000 0.984570000000 0.983870000000 0.984370000000 0.983070000000 0.984460000000 0.983930000000 0.984280000000 0.983230000000 0.984420000000 0.981400000000 0.983690000000 0.984940000000 0.984830000000 0.984450000000 0.984300000000 0.984320000000 0.984400000000 0.984850000000 0.983810000000 0.983880000000 0.984390000000 0.985330000000 0.984400000000 0.983930000000 0.984360000000 0.974550000000 0.982940000000 0.984130000000 0.984460000000 0.984470000000 0.983670000000 0.985410000000 0.984500000000 0.983990000000 0.983330000000 0.984200000000 0.984410000000 0.985970000000 0.984330000000 0.984280000000 0.984330000000 0.982870000000 0.984520000000 0.984180000000 0.984430000000 0.983900000000 0.984550000000 0.984190000000 0.984400000000 0.984790000000 0.984440000000 0.985180000000 0.984340000000 0.984560000000 0.984480000000 0.984600000000 0.984370000000 0.985670000000 0.984380000000 0.985020000000 0.984620000000 0.984110000000 0.985140000000 0.984640000000 0.984400000000 0.983990000000 0.983910000000 0.984220000000 0.984400000000 0.984600000000 0.984450000000 0.983800000000 0.984370000000 0.984920000000 0.984860000000 0.984850000000 0.984350000000 0.983370000000 0.984400000000 0.984300000000 0.984380000000 0.985620000000 0.983860000000 0.985260000000 0.984360000000 0.985090000000 0.984490000000 0.984410000000 0.984380000000 

N_obs: 4000

File Format:
1- most to least reliable channels (taken entropies)
2- most to least reliable channels (taken error probabilities)
3- channels entropies (flipped)
4- channels error probabilities (flipped)
5- number of MontCarlo simulations
