127 126 125 123 119 124 122 111 63 95 121 31 118 47 79 55 15 117 87 59 103 115 91 107 23 61 110 109 93 62 39 71 94 27 43 7 75 29 30 45 11 51 83 120 77 53 46 85 99 13 101 78 21 54 57 19 86 35 89 67 37 113 105 5 14 58 69 102 116 3 114 90 106 22 25 41 60 73 38 92 108 26 49 70 42 81 6 97 74 9 17 28 33 65 10 50 82 1 44 98 76 52 18 84 34 66 2 12 100 56 20 88 104 112 36 24 68 40 72 48 80 4 96 8 16 32 64 0 

127 126 125 123 119 124 122 111 121 118 117 95 115 110 120 109 63 107 116 103 94 93 114 91 39 43 47 83 62 113 101 99 51 35 102 78 23 57 26 97 73 28 85 42 25 70 89 112 11 79 17 87 66 53 22 20 58 67 108 49 40 36 59 88 38 81 104 1 41 52 84 80 4 18 48 105 12 2 32 8 64 0 82 16 74 44 72 76 65 96 68 98 100 33 24 34 50 14 9 13 60 7 3 106 6 61 56 69 10 19 37 90 92 45 75 5 86 27 29 30 21 71 77 54 46 31 15 55 

0.000000000056 0.001357700000 0.002711800000 0.112650000000 0.012957000000 0.197540000000 0.308690000000 0.700090000000 0.073116000000 0.378880000000 0.469260000000 0.800880000000 0.506880000000 0.802550000000 0.784580000000 0.969850000000 0.221160000000 0.550170000000 0.558340000000 0.855300000000 0.531460000000 0.814120000000 0.784960000000 0.969010000000 0.499650000000 0.795260000000 0.743460000000 0.952720000000 0.721140000000 0.923250000000 0.882280000000 0.996440000000 0.299620000000 0.592890000000 0.558400000000 0.854730000000 0.523160000000 0.804160000000 0.777460000000 0.966170000000 0.469810000000 0.767390000000 0.717300000000 0.940440000000 0.691240000000 0.908780000000 0.868910000000 0.993760000000 0.442660000000 0.745180000000 0.701110000000 0.932840000000 0.641170000000 0.883850000000 0.853030000000 0.990750000000 0.591030000000 0.863270000000 0.790490000000 0.984390000000 0.780370000000 0.942030000000 0.902760000000 0.999400000000 0.298040000000 0.576510000000 0.534270000000 0.841920000000 0.498190000000 0.789490000000 0.761850000000 0.960000000000 0.459830000000 0.756870000000 0.708290000000 0.936510000000 0.681430000000 0.904460000000 0.862940000000 0.992170000000 0.412130000000 0.713340000000 0.670120000000 0.918840000000 0.610870000000 0.868510000000 0.831000000000 0.984450000000 0.578200000000 0.853970000000 0.784180000000 0.978760000000 0.774330000000 0.940690000000 0.899920000000 0.999200000000 0.378740000000 0.669770000000 0.641340000000 0.899020000000 0.593560000000 0.858930000000 0.824820000000 0.978950000000 0.533070000000 0.819370000000 0.749400000000 0.960210000000 0.765200000000 0.938550000000 0.897980000000 0.999030000000 0.465580000000 0.787730000000 0.740210000000 0.948320000000 0.674010000000 0.904270000000 0.895250000000 0.998900000000 0.627150000000 0.880290000000 0.787500000000 0.994400000000 0.801410000000 0.943670000000 0.909450000000 0.999790000000 

0.000000000017 0.003031100000 0.007761600000 0.256280000000 0.030685000000 0.421000000000 0.593190000000 0.959760000000 0.175880000000 0.734160000000 0.852470000000 0.991250000000 0.937120000000 0.994870000000 0.995740000000 0.995990000000 0.590020000000 0.954070000000 0.978340000000 0.996040000000 0.989970000000 0.996180000000 0.996080000000 0.996070000000 0.992870000000 0.995850000000 0.995740000000 0.996110000000 0.995740000000 0.996110000000 0.995960000000 0.996100000000 0.916520000000 0.993210000000 0.993930000000 0.996240000000 0.995040000000 0.996240000000 0.995990000000 0.996060000000 0.996030000000 0.996340000000 0.995970000000 0.996080000000 0.995630000000 0.996100000000 0.996070000000 0.996080000000 0.996010000000 0.995870000000 0.996410000000 0.996100000000 0.996250000000 0.996100000000 0.995970000000 0.996100000000 0.996390000000 0.995990000000 0.996200000000 0.996100000000 0.996040000000 0.996030000000 0.996100000000 0.996090000000 0.986450000000 0.995680000000 0.996190000000 0.996170000000 0.996050000000 0.996030000000 0.995910000000 0.996200000000 0.996990000000 0.996460000000 0.996030000000 0.996080000000 0.995800000000 0.996140000000 0.996040000000 0.996080000000 0.995590000000 0.996500000000 0.996250000000 0.996100000000 0.995480000000 0.995980000000 0.996070000000 0.996050000000 0.995430000000 0.996060000000 0.996240000000 0.996050000000 0.995840000000 0.996130000000 0.996120000000 0.996090000000 0.996570000000 0.996360000000 0.996360000000 0.995970000000 0.996350000000 0.995940000000 0.995980000000 0.996130000000 0.995900000000 0.996030000000 0.996380000000 0.996030000000 0.996230000000 0.996080000000 0.996010000000 0.996100000000 0.996700000000 0.996140000000 0.996170000000 0.996080000000 0.996000000000 0.996200000000 0.996150000000 0.996090000000 0.996180000000 0.996180000000 0.996260000000 0.996080000000 0.996180000000 0.996080000000 0.996070000000 0.996100000000 

N_obs: 4000

File Format:
1- most to least reliable channels (taken entropies)
2- most to least reliable channels (taken error probabilities)
3- channels entropies (flipped)
4- channels error probabilities (flipped)
5- number of MontCarlo simulations
