127 125 126 123 119 124 122 111 121 118 117 95 115 110 63 109 120 31 107 47 79 55 103 59 87 94 15 91 93 61 116 62 23 39 71 27 7 114 29 43 51 113 75 99 30 83 45 77 53 108 101 105 46 85 11 78 13 57 19 106 35 67 54 102 89 3 86 58 14 90 92 25 60 21 37 22 69 49 41 38 26 73 70 97 81 6 5 28 9 17 33 65 1 42 50 112 74 44 98 76 82 52 100 12 104 84 56 88 10 18 34 66 2 24 20 36 48 40 68 72 96 80 4 8 16 32 64 0 

127 125 126 123 119 124 122 111 121 118 117 115 95 110 120 109 116 107 63 94 114 103 113 93 108 91 106 87 105 62 61 79 102 101 92 59 112 23 30 1 55 13 99 29 54 60 89 78 27 26 69 6 67 45 47 31 25 104 49 46 90 50 33 43 17 9 74 21 56 10 52 14 2 42 48 98 80 36 20 72 32 68 0 4 16 44 64 85 12 8 66 34 18 57 28 81 82 40 97 84 76 51 41 39 70 96 24 11 65 3 73 5 37 100 86 22 38 88 35 58 19 75 53 71 83 77 7 15 

0.000000000000 0.000000031149 0.000000007309 0.003433100000 0.000004681900 0.006273200000 0.014729000000 0.210640000000 0.000210630000 0.029808000000 0.054987000000 0.358110000000 0.121220000000 0.479510000000 0.517900000000 0.880670000000 0.007993300000 0.136920000000 0.199560000000 0.588790000000 0.276630000000 0.641680000000 0.612640000000 0.928210000000 0.304920000000 0.655690000000 0.608740000000 0.926060000000 0.540260000000 0.898260000000 0.816970000000 0.992870000000 0.085616000000 0.332570000000 0.349350000000 0.735100000000 0.346890000000 0.708980000000 0.657280000000 0.944800000000 0.328680000000 0.676930000000 0.620160000000 0.931190000000 0.548330000000 0.904050000000 0.817470000000 0.993190000000 0.291550000000 0.629790000000 0.571220000000 0.902580000000 0.524940000000 0.887120000000 0.811020000000 0.992070000000 0.432380000000 0.811540000000 0.791670000000 0.990950000000 0.645780000000 0.956410000000 0.861700000000 0.999440000000 0.158850000000 0.403050000000 0.357390000000 0.737720000000 0.328100000000 0.681460000000 0.631750000000 0.937750000000 0.302970000000 0.645980000000 0.585500000000 0.913860000000 0.516220000000 0.880620000000 0.799210000000 0.989580000000 0.283390000000 0.612760000000 0.551210000000 0.894130000000 0.506250000000 0.873640000000 0.800440000000 0.989720000000 0.429370000000 0.806730000000 0.781860000000 0.989010000000 0.642040000000 0.955210000000 0.859370000000 0.999300000000 0.241830000000 0.543700000000 0.481810000000 0.851990000000 0.438090000000 0.809090000000 0.736190000000 0.972860000000 0.415260000000 0.789870000000 0.761610000000 0.985130000000 0.637330000000 0.953290000000 0.858360000000 0.999150000000 0.332910000000 0.681880000000 0.630890000000 0.927820000000 0.621520000000 0.949890000000 0.857860000000 0.999140000000 0.453770000000 0.837100000000 0.846900000000 0.999060000000 0.666940000000 0.959340000000 0.870930000000 0.999900000000 

0.000000000000 0.000000011652 0.000000002161 0.009378100000 0.000002876500 0.017487000000 0.035026000000 0.433040000000 0.000379970000 0.075820000000 0.137560000000 0.659800000000 0.302140000000 0.821320000000 0.894340000000 0.982290000000 0.025935000000 0.351390000000 0.507090000000 0.918510000000 0.715190000000 0.966550000000 0.971720000000 0.984010000000 0.866850000000 0.979670000000 0.981060000000 0.984650000000 0.983680000000 0.984280000000 0.984500000000 0.984580000000 0.324330000000 0.820110000000 0.903210000000 0.981470000000 0.950610000000 0.984060000000 0.983780000000 0.984930000000 0.967980000000 0.984750000000 0.984400000000 0.984500000000 0.985560000000 0.984450000000 0.984440000000 0.984280000000 0.978750000000 0.983780000000 0.985570000000 0.984530000000 0.985140000000 0.984160000000 0.984620000000 0.984350000000 0.985440000000 0.984570000000 0.983830000000 0.984360000000 0.983860000000 0.984430000000 0.984600000000 0.984400000000 0.779450000000 0.974280000000 0.977100000000 0.983770000000 0.981680000000 0.984950000000 0.984430000000 0.984190000000 0.983570000000 0.983750000000 0.985410000000 0.984230000000 0.984530000000 0.984070000000 0.984050000000 0.984260000000 0.983930000000 0.984050000000 0.983930000000 0.984390000000 0.984090000000 0.984260000000 0.984540000000 0.984490000000 0.984560000000 0.984920000000 0.984630000000 0.984320000000 0.984950000000 0.984430000000 0.984080000000 0.984350000000 0.983930000000 0.983550000000 0.983720000000 0.984440000000 0.983800000000 0.983820000000 0.983980000000 0.984590000000 0.982710000000 0.984860000000 0.984190000000 0.984330000000 0.984990000000 0.984430000000 0.984120000000 0.984390000000 0.986520000000 0.984240000000 0.983590000000 0.984410000000 0.984590000000 0.984190000000 0.984120000000 0.984420000000 0.986110000000 0.983830000000 0.984620000000 0.984370000000 0.984610000000 0.984250000000 0.983570000000 0.984370000000 

N_obs: 4000

File Format:
1- most to least reliable channels (taken entropies)
2- most to least reliable channels (taken error probabilities)
3- channels entropies (flipped)
4- channels error probabilities (flipped)
5- number of MontCarlo simulations
