127 126 125 123 119 124 122 111 121 118 117 95 63 115 110 31 109 47 79 120 55 107 103 15 87 59 91 61 93 94 62 23 39 71 27 7 116 29 43 51 75 30 99 83 45 114 113 77 53 46 11 101 85 13 78 19 57 105 35 54 67 89 108 3 102 14 106 86 58 90 25 60 92 21 37 22 69 49 41 38 26 70 73 81 97 6 5 28 9 17 33 65 1 42 50 74 44 76 98 82 112 52 12 100 84 56 104 88 10 18 34 66 2 24 20 48 36 40 68 72 96 80 4 8 16 32 64 0 

127 126 125 123 119 124 122 111 121 118 117 95 115 110 120 109 116 107 63 94 114 103 113 93 108 91 79 62 106 87 61 59 105 101 102 15 77 86 37 112 54 11 49 92 7 70 41 55 75 28 90 58 51 74 17 69 1 9 53 13 57 60 25 10 66 71 38 18 80 36 44 104 65 85 22 78 19 24 32 2 16 64 8 0 14 76 97 72 81 68 84 40 4 48 83 3 42 20 45 96 30 88 82 34 50 56 47 26 73 52 33 98 100 21 12 89 6 29 5 23 43 67 39 35 27 99 31 46 

0.000000000000 0.000000361420 0.000019710000 0.007876700000 0.000076972000 0.017925000000 0.033837000000 0.300960000000 0.001275100000 0.060597000000 0.107220000000 0.465020000000 0.189710000000 0.569580000000 0.573240000000 0.913630000000 0.022583000000 0.209610000000 0.275740000000 0.666220000000 0.322050000000 0.688630000000 0.643850000000 0.941550000000 0.325290000000 0.678010000000 0.624800000000 0.933280000000 0.552900000000 0.906180000000 0.821460000000 0.993690000000 0.120690000000 0.390440000000 0.373390000000 0.758320000000 0.357820000000 0.725950000000 0.664410000000 0.948690000000 0.334050000000 0.689120000000 0.627010000000 0.934630000000 0.555460000000 0.908560000000 0.821080000000 0.993860000000 0.297890000000 0.633830000000 0.576010000000 0.905310000000 0.531100000000 0.894310000000 0.815910000000 0.993000000000 0.433160000000 0.815110000000 0.798190000000 0.992150000000 0.646700000000 0.956620000000 0.862610000000 0.999530000000 0.171640000000 0.413160000000 0.361700000000 0.746570000000 0.341400000000 0.691140000000 0.639710000000 0.939700000000 0.308840000000 0.645830000000 0.592600000000 0.916030000000 0.522800000000 0.882270000000 0.802640000000 0.990010000000 0.290350000000 0.616110000000 0.560660000000 0.897390000000 0.514450000000 0.878450000000 0.804330000000 0.990780000000 0.426750000000 0.807810000000 0.786980000000 0.990170000000 0.644690000000 0.956050000000 0.860180000000 0.999380000000 0.247510000000 0.539840000000 0.480240000000 0.850580000000 0.438540000000 0.810770000000 0.735740000000 0.973620000000 0.414680000000 0.795230000000 0.768700000000 0.986680000000 0.639020000000 0.954460000000 0.858960000000 0.999270000000 0.329170000000 0.678120000000 0.632740000000 0.928130000000 0.624500000000 0.950860000000 0.858580000000 0.999250000000 0.459930000000 0.839860000000 0.849290000000 0.999150000000 0.668650000000 0.959590000000 0.870660000000 0.999910000000 

0.000000000000 0.000000171110 0.000019122000 0.023676000000 0.000324430000 0.047141000000 0.086331000000 0.578320000000 0.003727200000 0.152440000000 0.257350000000 0.791130000000 0.479490000000 0.908260000000 0.942090000000 0.983410000000 0.074738000000 0.527140000000 0.690000000000 0.957040000000 0.834260000000 0.977970000000 0.982170000000 0.984330000000 0.916410000000 0.983160000000 0.982360000000 0.984720000000 0.986000000000 0.984700000000 0.984390000000 0.984460000000 0.464630000000 0.899140000000 0.942880000000 0.983940000000 0.964950000000 0.984010000000 0.984980000000 0.984470000000 0.978390000000 0.983340000000 0.984350000000 0.984400000000 0.984420000000 0.984480000000 0.984390000000 0.984290000000 0.974960000000 0.984350000000 0.983320000000 0.984390000000 0.983990000000 0.984050000000 0.984600000000 0.984390000000 0.984220000000 0.983960000000 0.984090000000 0.984400000000 0.985320000000 0.984200000000 0.984330000000 0.984370000000 0.841860000000 0.977890000000 0.981780000000 0.984170000000 0.982040000000 0.984030000000 0.984150000000 0.984530000000 0.983970000000 0.983480000000 0.984120000000 0.984600000000 0.984040000000 0.984510000000 0.983680000000 0.984410000000 0.984570000000 0.986540000000 0.984460000000 0.984320000000 0.985270000000 0.984420000000 0.983970000000 0.984410000000 0.985700000000 0.984230000000 0.983390000000 0.984310000000 0.985730000000 0.984500000000 0.984660000000 0.984360000000 0.986430000000 0.984460000000 0.985010000000 0.984000000000 0.985740000000 0.984570000000 0.984170000000 0.984360000000 0.985200000000 0.984350000000 0.984750000000 0.984430000000 0.984350000000 0.984260000000 0.984050000000 0.984360000000 0.983220000000 0.984380000000 0.984150000000 0.984870000000 0.983610000000 0.984190000000 0.984100000000 0.984370000000 0.983950000000 0.984980000000 0.985030000000 0.984410000000 0.984420000000 0.984360000000 0.984100000000 0.984370000000 

N_obs: 4000

File Format:
1- most to least reliable channels (taken entropies)
2- most to least reliable channels (taken error probabilities)
3- channels entropies (flipped)
4- channels error probabilities (flipped)
5- number of MontCarlo simulations
