127 126 125 123 119 124 111 122 63 95 31 121 47 79 118 55 15 87 59 103 91 117 61 115 23 107 93 109 62 39 110 71 94 27 43 7 29 75 45 30 11 51 83 77 53 46 85 99 13 78 101 21 57 54 120 19 86 35 89 67 37 5 14 69 58 105 3 113 102 90 114 22 106 25 41 116 60 73 38 26 92 49 70 108 42 81 6 97 74 9 17 33 28 65 10 50 1 82 44 98 76 52 18 84 34 66 2 12 100 56 20 88 104 112 24 36 40 68 72 48 80 4 96 8 16 32 64 0 

127 126 125 123 119 124 122 111 121 118 117 95 115 110 120 63 109 107 94 103 93 55 116 45 23 114 113 67 3 106 15 41 19 91 33 54 17 5 44 62 31 56 90 108 53 49 65 28 52 7 2 89 37 6 66 57 92 97 99 47 22 1 12 101 20 50 76 36 105 98 16 32 34 0 104 80 96 48 112 4 64 8 72 84 46 68 40 69 24 9 88 81 70 30 74 26 85 18 75 100 42 83 35 29 10 38 73 58 60 77 102 79 87 21 82 86 14 78 25 61 13 39 59 51 27 11 71 43 

0.000000760580 0.004863700000 0.010354000000 0.176700000000 0.035818000000 0.285060000000 0.402120000000 0.765510000000 0.129530000000 0.461320000000 0.528160000000 0.835930000000 0.531810000000 0.820970000000 0.800590000000 0.974310000000 0.269820000000 0.594660000000 0.576520000000 0.867120000000 0.538390000000 0.821770000000 0.792290000000 0.971210000000 0.510920000000 0.804290000000 0.750800000000 0.955130000000 0.724700000000 0.924980000000 0.883020000000 0.996650000000 0.311270000000 0.600690000000 0.563740000000 0.861310000000 0.520690000000 0.808790000000 0.781210000000 0.966980000000 0.472160000000 0.770640000000 0.721180000000 0.941000000000 0.696050000000 0.910060000000 0.869800000000 0.993970000000 0.443730000000 0.744950000000 0.701730000000 0.934180000000 0.647720000000 0.886130000000 0.855700000000 0.991490000000 0.596970000000 0.865650000000 0.790310000000 0.985440000000 0.782390000000 0.942470000000 0.903410000000 0.999450000000 0.297670000000 0.579060000000 0.530030000000 0.840110000000 0.499480000000 0.790950000000 0.758610000000 0.960900000000 0.461390000000 0.759510000000 0.709420000000 0.938270000000 0.680240000000 0.905690000000 0.864700000000 0.992360000000 0.415290000000 0.717270000000 0.672860000000 0.922410000000 0.616610000000 0.868950000000 0.834750000000 0.985400000000 0.582340000000 0.855850000000 0.785380000000 0.979960000000 0.775820000000 0.941220000000 0.901160000000 0.999250000000 0.383800000000 0.673280000000 0.641940000000 0.901570000000 0.602690000000 0.860400000000 0.825820000000 0.979250000000 0.536170000000 0.821080000000 0.751090000000 0.961550000000 0.770050000000 0.939030000000 0.898650000000 0.999140000000 0.471580000000 0.789570000000 0.742580000000 0.949210000000 0.673920000000 0.904030000000 0.896800000000 0.999010000000 0.623800000000 0.878820000000 0.788760000000 0.994430000000 0.800170000000 0.943600000000 0.909710000000 0.999760000000 

0.000000562740 0.012655000000 0.025734000000 0.381500000000 0.089916000000 0.579010000000 0.743790000000 0.980890000000 0.321400000000 0.852640000000 0.922160000000 0.995130000000 0.968980000000 0.995560000000 0.995780000000 0.996100000000 0.732540000000 0.980350000000 0.988810000000 0.995970000000 0.992420000000 0.995880000000 0.996090000000 0.996100000000 0.994600000000 0.996270000000 0.996060000000 0.996200000000 0.996050000000 0.996090000000 0.996050000000 0.996100000000 0.944700000000 0.994280000000 0.994880000000 0.996040000000 0.995920000000 0.995970000000 0.996020000000 0.996120000000 0.996290000000 0.996340000000 0.996170000000 0.996110000000 0.996220000000 0.996320000000 0.996130000000 0.996100000000 0.996280000000 0.996360000000 0.996260000000 0.996070000000 0.996180000000 0.996160000000 0.996230000000 0.996100000000 0.996800000000 0.996150000000 0.996120000000 0.996110000000 0.995810000000 0.996040000000 0.995980000000 0.996100000000 0.986750000000 0.995950000000 0.996410000000 0.996260000000 0.996500000000 0.996250000000 0.996040000000 0.995960000000 0.994960000000 0.995930000000 0.995970000000 0.995990000000 0.996540000000 0.996070000000 0.995970000000 0.996100000000 0.996050000000 0.996110000000 0.995410000000 0.995950000000 0.996820000000 0.996210000000 0.995910000000 0.996110000000 0.996450000000 0.996230000000 0.996020000000 0.996070000000 0.996220000000 0.996090000000 0.995920000000 0.996090000000 0.995950000000 0.996150000000 0.996230000000 0.995990000000 0.996540000000 0.996160000000 0.996400000000 0.996120000000 0.995450000000 0.996060000000 0.996320000000 0.996060000000 0.995910000000 0.996170000000 0.995940000000 0.996090000000 0.995890000000 0.996350000000 0.996410000000 0.996060000000 0.996680000000 0.996230000000 0.996120000000 0.996100000000 0.996000000000 0.996030000000 0.995940000000 0.996100000000 0.995850000000 0.996010000000 0.996060000000 0.996090000000 

N_obs: 4000

File Format:
1- most to least reliable channels (taken entropies)
2- most to least reliable channels (taken error probabilities)
3- channels entropies (flipped)
4- channels error probabilities (flipped)
5- number of MontCarlo simulations
