127 126 125 123 119 111 124 121 118 117 95 122 115 109 110 107 120 116 94 103 114 93 108 113 63 91 106 105 87 102 92 62 101 79 112 61 90 31 47 59 99 55 89 15 86 104 23 39 71 85 83 27 75 43 77 29 78 7 51 45 30 53 100 46 60 11 57 54 58 19 13 98 21 35 67 97 37 69 14 5 3 88 22 25 73 41 81 70 38 26 74 82 49 42 84 6 50 9 28 17 76 33 65 44 10 1 52 18 56 34 66 12 2 20 96 36 68 24 72 40 80 48 4 8 16 32 64 0 

127 126 125 123 119 111 124 121 118 117 95 122 115 110 109 107 120 116 103 94 114 93 108 113 63 106 91 105 102 87 92 101 112 62 90 99 79 61 89 104 86 59 100 85 55 83 78 98 60 47 88 97 77 31 75 58 71 84 57 67 53 21 35 51 82 7 26 14 19 76 81 56 33 73 70 49 52 45 1 24 25 18 96 54 5 11 48 34 72 39 8 12 0 64 32 16 20 80 40 4 6 17 2 27 36 9 68 38 44 66 41 69 50 28 74 22 23 10 29 65 42 37 46 30 3 43 13 15 

0.000000000000 0.000000000000 0.000000000000 0.000000000007 0.000000000000 0.000000182980 0.000000000915 0.002638400000 0.000000000000 0.000000012194 0.000000018251 0.004498400000 0.000001098000 0.010027000000 0.023655000000 0.308020000000 0.000000000000 0.000071115000 0.000053288000 0.020231000000 0.000227800000 0.044844000000 0.094888000000 0.496680000000 0.006367300000 0.144660000000 0.248220000000 0.661750000000 0.382380000000 0.741810000000 0.757000000000 0.958540000000 0.000000102440 0.006013400000 0.011498000000 0.199560000000 0.040895000000 0.318610000000 0.444510000000 0.795190000000 0.142150000000 0.488810000000 0.549030000000 0.853570000000 0.562550000000 0.840730000000 0.815960000000 0.978910000000 0.278170000000 0.611170000000 0.604010000000 0.884150000000 0.566200000000 0.839590000000 0.807530000000 0.976870000000 0.535260000000 0.823900000000 0.766910000000 0.964210000000 0.748930000000 0.933870000000 0.891050000000 0.997990000000 0.027318000000 0.229780000000 0.314750000000 0.668670000000 0.378860000000 0.692520000000 0.677290000000 0.927300000000 0.390830000000 0.692030000000 0.653690000000 0.910680000000 0.627870000000 0.876560000000 0.843550000000 0.987310000000 0.369590000000 0.666560000000 0.630500000000 0.896940000000 0.579260000000 0.845810000000 0.812980000000 0.977730000000 0.534900000000 0.824410000000 0.765760000000 0.963600000000 0.744790000000 0.932890000000 0.890300000000 0.997900000000 0.354810000000 0.645530000000 0.606310000000 0.881730000000 0.565720000000 0.836980000000 0.805560000000 0.974430000000 0.508220000000 0.797260000000 0.742440000000 0.950430000000 0.724660000000 0.924880000000 0.883260000000 0.996820000000 0.457660000000 0.773020000000 0.727200000000 0.942980000000 0.670850000000 0.897460000000 0.877260000000 0.996170000000 0.614760000000 0.873860000000 0.791100000000 0.991370000000 0.794160000000 0.943540000000 0.906920000000 0.999660000000 

0.000000000000 0.000000000000 0.000000000000 0.000000000002 0.000000000000 0.000000109520 0.000000000322 0.005398500000 0.000000000000 0.000000004766 0.000000007167 0.009869400000 0.000000662030 0.021388000000 0.048256000000 0.537430000000 0.000000000000 0.000190360000 0.000213190000 0.044499000000 0.000270640000 0.091516000000 0.175680000000 0.780220000000 0.013353000000 0.292870000000 0.456030000000 0.921840000000 0.687990000000 0.977880000000 0.987370000000 0.996050000000 0.000000048592 0.013708000000 0.025667000000 0.414160000000 0.092265000000 0.611050000000 0.775110000000 0.984760000000 0.323860000000 0.852450000000 0.931940000000 0.994020000000 0.969540000000 0.995690000000 0.995940000000 0.996110000000 0.689770000000 0.975430000000 0.987960000000 0.995930000000 0.992270000000 0.996180000000 0.996000000000 0.996080000000 0.993990000000 0.996010000000 0.996170000000 0.996150000000 0.995370000000 0.996160000000 0.996260000000 0.996090000000 0.084490000000 0.563720000000 0.727800000000 0.977880000000 0.881330000000 0.992940000000 0.994110000000 0.995990000000 0.961450000000 0.996060000000 0.995480000000 0.996010000000 0.995660000000 0.996170000000 0.996010000000 0.996080000000 0.983390000000 0.996400000000 0.996020000000 0.996160000000 0.996480000000 0.996340000000 0.996160000000 0.996120000000 0.996090000000 0.996160000000 0.996370000000 0.996140000000 0.995640000000 0.996080000000 0.996000000000 0.996100000000 0.990260000000 0.996400000000 0.996250000000 0.996170000000 0.996140000000 0.995850000000 0.996040000000 0.996030000000 0.996230000000 0.996190000000 0.995600000000 0.996110000000 0.995920000000 0.996040000000 0.996120000000 0.996100000000 0.996820000000 0.995870000000 0.996490000000 0.996090000000 0.996070000000 0.996240000000 0.996140000000 0.996090000000 0.995820000000 0.996120000000 0.996060000000 0.996120000000 0.996460000000 0.996120000000 0.996020000000 0.996090000000 

N_obs: 4000

File Format:
1- most to least reliable channels (taken entropies)
2- most to least reliable channels (taken error probabilities)
3- channels entropies (flipped)
4- channels error probabilities (flipped)
5- number of MontCarlo simulations
