127 125 123 126 119 111 124 122 121 118 117 115 95 110 109 120 107 116 63 94 114 103 31 93 47 79 87 91 55 108 113 15 59 61 23 62 39 106 71 27 43 7 75 29 105 99 45 101 83 30 51 102 77 11 85 53 46 78 89 92 86 54 13 57 90 19 21 35 58 67 37 14 69 5 3 22 112 60 25 41 73 38 26 70 97 81 49 42 74 6 9 98 17 82 28 50 33 65 10 104 1 44 100 76 84 52 18 34 66 2 88 12 56 20 36 68 24 40 72 96 80 48 4 8 16 32 64 0 

127 125 123 126 119 124 111 122 121 118 117 115 110 95 109 120 116 107 114 94 103 113 108 93 63 106 91 105 87 102 112 79 92 101 62 61 99 59 90 47 89 7 55 83 104 71 30 86 49 58 14 53 78 54 35 33 12 100 98 10 3 27 41 70 60 81 44 76 6 22 18 77 20 16 31 24 37 2 64 32 8 72 5 0 40 96 17 4 80 88 26 1 28 46 23 66 84 48 85 68 25 56 39 45 9 65 52 50 73 36 13 74 34 38 97 19 42 69 43 11 82 75 67 15 21 29 57 51 

0.000000000000 0.000000000787 0.000000000001 0.000681250000 0.000000000046 0.000948980000 0.001863500000 0.103720000000 0.000000009493 0.005241400000 0.011370000000 0.195410000000 0.039015000000 0.316300000000 0.449970000000 0.814600000000 0.000661480000 0.047281000000 0.090455000000 0.441220000000 0.193240000000 0.565440000000 0.633170000000 0.901580000000 0.320710000000 0.667540000000 0.658560000000 0.912300000000 0.647090000000 0.888500000000 0.855110000000 0.990240000000 0.039457000000 0.281540000000 0.374810000000 0.725070000000 0.429040000000 0.741640000000 0.723590000000 0.944670000000 0.423590000000 0.731400000000 0.684890000000 0.925130000000 0.659090000000 0.892730000000 0.856400000000 0.990540000000 0.408470000000 0.712000000000 0.668200000000 0.918690000000 0.617710000000 0.869420000000 0.833950000000 0.985160000000 0.570680000000 0.851210000000 0.784750000000 0.976180000000 0.769830000000 0.939800000000 0.898600000000 0.998990000000 0.238620000000 0.525000000000 0.496610000000 0.815490000000 0.466360000000 0.765420000000 0.738920000000 0.952220000000 0.429530000000 0.732370000000 0.690480000000 0.927350000000 0.661710000000 0.893740000000 0.856940000000 0.990690000000 0.392750000000 0.691800000000 0.649020000000 0.908790000000 0.600700000000 0.858380000000 0.822920000000 0.981390000000 0.554430000000 0.839080000000 0.777830000000 0.970530000000 0.761280000000 0.937050000000 0.894640000000 0.998630000000 0.369090000000 0.661180000000 0.625880000000 0.893470000000 0.583370000000 0.848410000000 0.815540000000 0.977100000000 0.517840000000 0.809500000000 0.747940000000 0.955480000000 0.743740000000 0.932160000000 0.890460000000 0.998050000000 0.464070000000 0.780280000000 0.735560000000 0.946970000000 0.673680000000 0.901370000000 0.886870000000 0.997770000000 0.615460000000 0.875080000000 0.790830000000 0.993410000000 0.797670000000 0.943770000000 0.908170000000 0.999720000000 

0.000000000000 0.000000000295 0.000000000000 0.001409300000 0.000000000012 0.002390200000 0.004851200000 0.211290000000 0.000000003935 0.011512000000 0.022433000000 0.386730000000 0.080804000000 0.575720000000 0.744550000000 0.983490000000 0.002253200000 0.106280000000 0.191070000000 0.755100000000 0.399070000000 0.889300000000 0.951820000000 0.995450000000 0.693850000000 0.974690000000 0.986430000000 0.996000000000 0.992550000000 0.996000000000 0.996210000000 0.996100000000 0.112840000000 0.626820000000 0.781170000000 0.985750000000 0.911680000000 0.993470000000 0.995160000000 0.996110000000 0.967450000000 0.995810000000 0.996130000000 0.996130000000 0.995440000000 0.996300000000 0.996040000000 0.996110000000 0.984310000000 0.995890000000 0.996070000000 0.996060000000 0.996320000000 0.996200000000 0.996190000000 0.996090000000 0.995590000000 0.996030000000 0.996230000000 0.996130000000 0.996330000000 0.996120000000 0.996160000000 0.996090000000 0.787820000000 0.986450000000 0.991330000000 0.996030000000 0.992740000000 0.995870000000 0.996540000000 0.996140000000 0.995390000000 0.995940000000 0.995880000000 0.996160000000 0.996540000000 0.996170000000 0.995810000000 0.996130000000 0.994910000000 0.996120000000 0.996140000000 0.996060000000 0.996240000000 0.996230000000 0.996020000000 0.996100000000 0.996140000000 0.996210000000 0.996080000000 0.996200000000 0.995960000000 0.996210000000 0.995980000000 0.996090000000 0.996080000000 0.995710000000 0.996460000000 0.996110000000 0.996020000000 0.996110000000 0.996140000000 0.996080000000 0.996120000000 0.996060000000 0.996420000000 0.996070000000 0.996230000000 0.996060000000 0.996100000000 0.996070000000 0.996390000000 0.995880000000 0.996200000000 0.995990000000 0.996270000000 0.996010000000 0.996150000000 0.996090000000 0.995330000000 0.996060000000 0.996090000000 0.996100000000 0.996020000000 0.996090000000 0.996110000000 0.996090000000 

N_obs: 4000

File Format:
1- most to least reliable channels (taken entropies)
2- most to least reliable channels (taken error probabilities)
3- channels entropies (flipped)
4- channels error probabilities (flipped)
5- number of MontCarlo simulations
