127 126 125 123 119 124 122 111 121 118 117 95 115 110 63 120 109 31 107 47 79 103 55 87 116 94 15 91 59 93 61 23 62 39 114 71 27 43 7 75 29 113 45 30 51 11 83 77 99 108 53 85 46 101 105 78 106 13 54 57 21 102 86 19 89 35 67 58 90 37 14 69 5 3 92 22 25 41 60 73 38 26 70 49 42 81 97 74 6 9 17 28 33 50 65 82 10 98 1 112 44 76 52 84 18 100 34 66 2 104 12 56 88 20 36 24 68 40 72 48 80 4 96 8 16 32 64 0 

127 126 125 123 119 124 122 111 121 118 117 115 95 110 120 109 116 107 114 94 63 103 113 108 93 91 106 87 105 62 102 79 61 92 101 15 112 31 51 59 27 7 25 99 45 57 78 29 97 23 2 39 47 33 73 77 10 100 17 56 38 44 24 104 71 68 34 42 53 20 40 48 80 16 32 0 96 72 60 8 66 4 84 98 35 64 28 1 90 18 52 82 89 36 12 14 81 49 88 5 58 41 54 83 65 9 6 21 76 50 55 26 3 70 67 22 19 74 69 86 43 13 11 85 37 46 75 30 

0.000000000000 0.000000005714 0.000004120300 0.004885500000 0.000012887000 0.011584000000 0.025000000000 0.292090000000 0.000398280000 0.045482000000 0.091408000000 0.452800000000 0.195860000000 0.578130000000 0.648600000000 0.911580000000 0.015573000000 0.201950000000 0.312370000000 0.685560000000 0.403600000000 0.732880000000 0.721950000000 0.943810000000 0.435060000000 0.750620000000 0.707830000000 0.936740000000 0.683590000000 0.906760000000 0.869100000000 0.993800000000 0.154090000000 0.464090000000 0.492440000000 0.811090000000 0.481210000000 0.778670000000 0.754730000000 0.957460000000 0.449960000000 0.751910000000 0.702140000000 0.932840000000 0.674750000000 0.901870000000 0.862800000000 0.992320000000 0.422940000000 0.723450000000 0.682890000000 0.924790000000 0.630260000000 0.875700000000 0.842020000000 0.987510000000 0.584450000000 0.855570000000 0.787940000000 0.979610000000 0.775250000000 0.940900000000 0.900490000000 0.999170000000 0.273880000000 0.556600000000 0.516500000000 0.830200000000 0.481720000000 0.775670000000 0.748800000000 0.956290000000 0.443310000000 0.744280000000 0.696230000000 0.930300000000 0.672190000000 0.898280000000 0.860260000000 0.991540000000 0.405250000000 0.702790000000 0.659000000000 0.913140000000 0.607060000000 0.862210000000 0.826730000000 0.982520000000 0.567100000000 0.846680000000 0.781150000000 0.973570000000 0.764300000000 0.938390000000 0.896870000000 0.998830000000 0.372790000000 0.665020000000 0.632290000000 0.895450000000 0.588210000000 0.851120000000 0.817820000000 0.977750000000 0.527070000000 0.814440000000 0.749770000000 0.957470000000 0.752110000000 0.934620000000 0.893510000000 0.998470000000 0.465260000000 0.782960000000 0.738390000000 0.947620000000 0.673310000000 0.902110000000 0.889960000000 0.998240000000 0.619660000000 0.877200000000 0.792330000000 0.993660000000 0.797150000000 0.943510000000 0.908850000000 0.999730000000 

0.000000000000 0.000000002194 0.000003990100 0.009617100000 0.000015112000 0.028626000000 0.054401000000 0.552290000000 0.001089500000 0.101150000000 0.187980000000 0.754200000000 0.392860000000 0.891510000000 0.952520000000 0.995390000000 0.041339000000 0.446270000000 0.616410000000 0.958950000000 0.812610000000 0.988020000000 0.992930000000 0.996070000000 0.923240000000 0.993610000000 0.995260000000 0.996030000000 0.995840000000 0.996100000000 0.995960000000 0.996100000000 0.444590000000 0.905510000000 0.959370000000 0.995250000000 0.983610000000 0.996110000000 0.996120000000 0.996150000000 0.991520000000 0.996310000000 0.996430000000 0.996100000000 0.996170000000 0.996120000000 0.996140000000 0.996090000000 0.993920000000 0.995910000000 0.996030000000 0.996200000000 0.996550000000 0.996280000000 0.996030000000 0.996100000000 0.996080000000 0.996250000000 0.996290000000 0.996080000000 0.996250000000 0.996100000000 0.996180000000 0.996100000000 0.922220000000 0.993210000000 0.995130000000 0.996100000000 0.995710000000 0.996160000000 0.995890000000 0.996040000000 0.996240000000 0.996170000000 0.996090000000 0.996120000000 0.995510000000 0.996200000000 0.996150000000 0.996090000000 0.996020000000 0.996500000000 0.995870000000 0.996060000000 0.996390000000 0.996080000000 0.996160000000 0.996090000000 0.996000000000 0.996050000000 0.996440000000 0.996130000000 0.996100000000 0.996080000000 0.996020000000 0.996100000000 0.995400000000 0.996600000000 0.995930000000 0.996110000000 0.995730000000 0.996250000000 0.995740000000 0.996060000000 0.995970000000 0.996260000000 0.996190000000 0.996090000000 0.996260000000 0.996120000000 0.996040000000 0.996090000000 0.995310000000 0.996140000000 0.996420000000 0.996130000000 0.996430000000 0.996030000000 0.996180000000 0.996100000000 0.995730000000 0.996180000000 0.996150000000 0.996100000000 0.996250000000 0.995990000000 0.996110000000 0.996100000000 

N_obs: 4000

File Format:
1- most to least reliable channels (taken entropies)
2- most to least reliable channels (taken error probabilities)
3- channels entropies (flipped)
4- channels error probabilities (flipped)
5- number of MontCarlo simulations
