127 126 125 123 119 124 122 111 121 118 95 63 117 31 47 79 115 55 15 59 103 110 87 61 107 91 109 93 23 62 39 71 27 94 7 120 29 43 51 75 30 45 83 99 77 53 11 13 46 78 116 57 19 85 101 35 113 67 54 3 89 14 105 114 58 86 102 106 90 25 60 108 21 92 37 22 49 69 41 26 38 70 73 81 97 6 5 28 9 17 33 65 1 42 50 44 74 76 98 52 82 12 56 84 100 112 10 88 18 104 34 66 2 24 20 48 36 40 68 72 80 96 4 8 16 32 64 0 

127 126 125 123 119 124 122 121 111 118 117 95 115 110 120 109 63 116 107 94 103 114 93 113 108 91 61 87 19 15 59 106 31 92 105 3 89 7 79 11 51 60 42 81 62 25 39 44 70 77 30 41 46 22 100 67 50 76 82 75 37 112 14 83 66 23 20 52 17 65 90 2 104 18 96 80 102 48 4 6 0 85 32 72 64 16 8 33 40 36 34 68 35 45 24 10 56 86 73 97 9 12 98 88 84 5 49 53 26 57 28 21 74 58 78 13 47 101 38 71 27 55 1 69 43 54 99 29 

0.000000000000 0.000135340000 0.000209560000 0.033001000000 0.001614300000 0.065906000000 0.116920000000 0.488150000000 0.014353000000 0.171450000000 0.242740000000 0.643610000000 0.309700000000 0.686520000000 0.650060000000 0.945470000000 0.083390000000 0.348450000000 0.375450000000 0.755400000000 0.370950000000 0.739530000000 0.683330000000 0.956350000000 0.347240000000 0.705550000000 0.646910000000 0.944750000000 0.570170000000 0.917260000000 0.829020000000 0.995210000000 0.172430000000 0.447080000000 0.406720000000 0.790030000000 0.372300000000 0.740170000000 0.680200000000 0.954430000000 0.350090000000 0.702440000000 0.646690000000 0.942860000000 0.568110000000 0.918020000000 0.828490000000 0.995020000000 0.302440000000 0.643060000000 0.585240000000 0.911380000000 0.549130000000 0.904540000000 0.824250000000 0.994500000000 0.438700000000 0.821270000000 0.809320000000 0.994020000000 0.651280000000 0.957800000000 0.864170000000 0.999640000000 0.180740000000 0.422180000000 0.370650000000 0.750500000000 0.339650000000 0.697640000000 0.644590000000 0.941140000000 0.317920000000 0.657990000000 0.597550000000 0.917920000000 0.525150000000 0.887850000000 0.805310000000 0.990770000000 0.299790000000 0.633550000000 0.565890000000 0.901370000000 0.521000000000 0.887670000000 0.811920000000 0.992360000000 0.435870000000 0.815810000000 0.798610000000 0.992330000000 0.648700000000 0.956700000000 0.862390000000 0.999520000000 0.250450000000 0.549720000000 0.490400000000 0.855530000000 0.444650000000 0.815560000000 0.740880000000 0.974910000000 0.420500000000 0.803410000000 0.781280000000 0.989570000000 0.645210000000 0.956090000000 0.861140000000 0.999430000000 0.335960000000 0.683020000000 0.632340000000 0.929380000000 0.632160000000 0.952860000000 0.860690000000 0.999400000000 0.456560000000 0.839110000000 0.851420000000 0.999350000000 0.669050000000 0.959750000000 0.870810000000 0.999910000000 

0.000000000000 0.000341830000 0.000642450000 0.088648000000 0.004462600000 0.173510000000 0.287170000000 0.822270000000 0.042931000000 0.431660000000 0.592810000000 0.940810000000 0.778840000000 0.973620000000 0.978000000000 0.984210000000 0.291510000000 0.803120000000 0.891140000000 0.980900000000 0.941160000000 0.982900000000 0.983400000000 0.984320000000 0.966040000000 0.984350000000 0.984870000000 0.984080000000 0.985450000000 0.984550000000 0.984530000000 0.984340000000 0.710660000000 0.960400000000 0.973950000000 0.983170000000 0.981210000000 0.984300000000 0.983490000000 0.984560000000 0.982400000000 0.984520000000 0.984380000000 0.984560000000 0.984220000000 0.984160000000 0.983770000000 0.984340000000 0.983610000000 0.984810000000 0.983910000000 0.984130000000 0.984160000000 0.984740000000 0.984520000000 0.984380000000 0.984900000000 0.983900000000 0.985010000000 0.984450000000 0.984100000000 0.984260000000 0.984290000000 0.984390000000 0.917920000000 0.983800000000 0.982140000000 0.983670000000 0.982810000000 0.984770000000 0.984670000000 0.984520000000 0.984930000000 0.985300000000 0.984640000000 0.984280000000 0.983670000000 0.984130000000 0.984620000000 0.984360000000 0.984860000000 0.984050000000 0.984470000000 0.983900000000 0.985030000000 0.983690000000 0.983920000000 0.984410000000 0.983890000000 0.984870000000 0.984190000000 0.984420000000 0.984460000000 0.984430000000 0.984410000000 0.984380000000 0.983090000000 0.983920000000 0.985520000000 0.984670000000 0.984910000000 0.984650000000 0.983880000000 0.984480000000 0.984260000000 0.984070000000 0.984670000000 0.984270000000 0.982640000000 0.984340000000 0.984290000000 0.984390000000 0.982770000000 0.984210000000 0.984860000000 0.984550000000 0.983610000000 0.984480000000 0.984530000000 0.984400000000 0.983520000000 0.984370000000 0.984570000000 0.984360000000 0.983480000000 0.984310000000 0.984970000000 0.984380000000 

N_obs: 4000

File Format:
1- most to least reliable channels (taken entropies)
2- most to least reliable channels (taken error probabilities)
3- channels entropies (flipped)
4- channels error probabilities (flipped)
5- number of MontCarlo simulations
