127 126 125 124 123 122 121 120 119 118 117 116 115 114 113 111 110 109 108 107 106 103 95 94 93 91 87 79 63 62 61 59 55 105 102 92 99 85 47 89 83 86 101 77 78 90 75 60 58 57 112 71 104 54 53 31 100 98 51 97 88 46 84 45 82 76 81 43 74 56 73 30 52 70 39 29 50 69 96 44 49 27 42 67 80 23 41 72 38 15 28 37 68 26 35 48 7 25 19 66 11 22 21 13 65 14 40 3 36 33 5 34 9 17 6 24 10 18 20 1 12 64 2 32 4 16 8 0 

127 126 125 124 123 122 121 120 119 118 117 116 115 114 113 111 110 109 108 107 106 103 95 94 93 91 87 79 63 62 61 59 55 105 102 92 99 85 47 89 83 86 101 77 78 90 75 60 58 57 112 71 104 54 53 31 98 51 97 100 88 84 46 45 82 76 81 43 74 56 73 52 70 30 39 50 69 29 96 44 49 27 80 67 42 41 72 23 38 28 68 37 48 26 15 66 35 25 40 65 22 21 36 19 14 34 13 24 11 33 64 7 20 3 18 1 12 17 8 4 0 32 16 5 2 10 6 9 

0.000000000000 0.000000000000 0.000000000000 0.000000000000 0.000000000000 0.000000000000 0.000000000000 0.000000000000 0.000000000000 0.000000000000 0.000000000000 0.000000000000 0.000000000000 0.000000000000 0.000000000000 0.000000991000 0.000000000000 0.000000000000 0.000000000000 0.000000000000 0.000000000000 0.000000000000 0.000000000000 0.000003816100 0.000000000000 0.000000000000 0.000000000005 0.000062824000 0.000000000000 0.000080655000 0.000160120000 0.041241000000 0.000000000000 0.000000000000 0.000000000000 0.000000000000 0.000000000000 0.000000000218 0.000000000000 0.000205860000 0.000000000000 0.000000000002 0.000000000000 0.000300950000 0.000000000001 0.000503560000 0.001362300000 0.088404000000 0.000000000000 0.000000000105 0.000000000035 0.001191400000 0.000000000837 0.002848400000 0.005631000000 0.175820000000 0.000001370800 0.012847000000 0.027154000000 0.320620000000 0.083807000000 0.467600000000 0.536960000000 0.898030000000 0.000000000000 0.000000000000 0.000000000000 0.000000001150 0.000000000000 0.000000004461 0.000000347770 0.004216300000 0.000000000000 0.000004564300 0.000007161200 0.010864000000 0.000115910000 0.022174000000 0.043936000000 0.363390000000 0.000000000000 0.000248270000 0.000323700000 0.041701000000 0.001791300000 0.081479000000 0.141740000000 0.565900000000 0.014774000000 0.198830000000 0.280980000000 0.706430000000 0.354350000000 0.756290000000 0.714160000000 0.966740000000 0.000009276700 0.010132000000 0.020588000000 0.230010000000 0.055741000000 0.344600000000 0.411400000000 0.807060000000 0.141310000000 0.471730000000 0.483460000000 0.854440000000 0.459610000000 0.837740000000 0.770450000000 0.982240000000 0.210890000000 0.542610000000 0.502590000000 0.864040000000 0.467720000000 0.836880000000 0.768480000000 0.982300000000 0.408640000000 0.780500000000 0.742970000000 0.979680000000 0.627990000000 0.949680000000 0.854670000000 0.998780000000 

0.000000000000 0.000000000000 0.000000000000 0.000000000000 0.000000000000 0.000000000000 0.000000000000 0.000000000000 0.000000000000 0.000000000000 0.000000000000 0.000000000000 0.000000000000 0.000000000000 0.000000000000 0.000000482690 0.000000000000 0.000000000000 0.000000000000 0.000000000000 0.000000000000 0.000000000000 0.000000000000 0.000002022800 0.000000000000 0.000000000000 0.000000000001 0.000323740000 0.000000000000 0.000086184000 0.000194940000 0.077766000000 0.000000000000 0.000000000000 0.000000000000 0.000000000000 0.000000000000 0.000000000055 0.000000000000 0.000355950000 0.000000000000 0.000000000000 0.000000000000 0.000573060000 0.000000000000 0.001710200000 0.003318600000 0.170860000000 0.000000000000 0.000000000023 0.000000000007 0.002569800000 0.000000000206 0.006050900000 0.010576000000 0.313100000000 0.000000604150 0.026828000000 0.055308000000 0.535440000000 0.172420000000 0.731780000000 0.849290000000 0.979430000000 0.000000000000 0.000000000000 0.000000000000 0.000000000315 0.000000000000 0.000000001296 0.000000150600 0.009081600000 0.000000000000 0.000002875100 0.000005172500 0.022817000000 0.000120920000 0.048981000000 0.092939000000 0.611210000000 0.000000000000 0.000804440000 0.000923990000 0.089494000000 0.004203000000 0.172710000000 0.286460000000 0.827510000000 0.036499000000 0.418900000000 0.575060000000 0.935070000000 0.759280000000 0.969560000000 0.976970000000 0.984360000000 0.000005992700 0.027607000000 0.055573000000 0.476280000000 0.151190000000 0.668860000000 0.795030000000 0.974260000000 0.397040000000 0.868010000000 0.923630000000 0.983250000000 0.956890000000 0.983800000000 0.984280000000 0.984490000000 0.693830000000 0.960920000000 0.971640000000 0.984240000000 0.976970000000 0.984620000000 0.984770000000 0.984340000000 0.980530000000 0.984710000000 0.984540000000 0.984340000000 0.983500000000 0.984590000000 0.983940000000 0.984360000000 

N_obs: 4000

File Format:
1- most to least reliable channels (taken entropies)
2- most to least reliable channels (taken error probabilities)
3- channels entropies (flipped)
4- channels error probabilities (flipped)
5- number of MontCarlo simulations
