127 126 125 124 123 122 121 120 119 118 117 116 115 114 113 112 111 110 109 108 107 106 105 104 103 102 101 100 99 98 97 95 94 93 92 91 90 89 88 87 86 85 84 83 79 78 77 75 71 63 62 61 60 59 58 57 55 54 53 51 47 46 45 43 39 31 30 29 27 82 76 23 70 69 73 81 50 74 56 41 42 67 38 52 49 44 15 28 37 35 22 25 26 80 96 19 21 72 68 66 40 48 65 14 13 36 34 11 24 33 20 18 7 17 12 64 10 32 9 6 16 5 3 8 4 1 2 0 

127 126 125 124 123 122 121 120 119 118 117 116 115 114 113 112 111 110 109 108 107 106 105 104 103 102 101 100 99 98 97 95 94 93 92 91 90 89 88 87 86 85 84 83 79 78 77 75 71 63 62 61 60 59 58 57 55 54 53 51 47 46 45 43 39 31 30 29 27 82 76 23 70 69 73 81 50 74 56 41 42 38 67 52 49 44 15 28 37 35 22 25 26 80 68 96 21 72 19 40 66 65 14 13 48 36 34 11 24 33 20 18 7 17 12 64 10 9 32 6 16 5 3 8 4 2 1 0 

0.000000000000 0.000000000000 0.000000000000 0.000000000000 0.000000000000 0.000000000000 0.000000000000 0.000000000000 0.000000000000 0.000000000000 0.000000000000 0.000000000000 0.000000000000 0.000000000000 0.000000000000 0.000000000000 0.000000000000 0.000000000000 0.000000000000 0.000000000000 0.000000000000 0.000000000000 0.000000000000 0.000000000000 0.000000000000 0.000000000000 0.000000000000 0.000000000000 0.000000000000 0.000000000000 0.000000000000 0.000023684000 0.000000000000 0.000000000000 0.000000000000 0.000000000000 0.000000000000 0.000000000000 0.000000000000 0.000000000000 0.000000000000 0.000000000000 0.000000000000 0.000000000000 0.000000000000 0.000000000000 0.000000000000 0.000003632000 0.000000000000 0.000000000000 0.000000000000 0.000000000000 0.000000000000 0.000000000000 0.000000000000 0.000036023000 0.000000000000 0.000000000000 0.000000000000 0.000044712000 0.000000000001 0.000218190000 0.000335570000 0.074744000000 0.000000000000 0.000000000000 0.000000000000 0.000000000000 0.000000000000 0.000000000000 0.000000000000 0.000000000000 0.000000000000 0.000000000000 0.000000000000 0.000000000001 0.000000000000 0.000000000000 0.000000000001 0.000279270000 0.000000000000 0.000000000000 0.000000000000 0.000000000003 0.000000000000 0.000000000001 0.000000000000 0.000257910000 0.000000000000 0.000000000001 0.000000000148 0.000689900000 0.000000001269 0.001539700000 0.004298600000 0.183830000000 0.000000000000 0.000000000000 0.000000000000 0.000000000125 0.000000000000 0.000000024545 0.000000024337 0.003652400000 0.000000000000 0.000000018426 0.000029270000 0.008780000000 0.000024737000 0.018926000000 0.042499000000 0.388270000000 0.000000000003 0.000351960000 0.000376930000 0.052485000000 0.002334000000 0.105090000000 0.200870000000 0.633940000000 0.031777000000 0.292520000000 0.422220000000 0.784930000000 0.522210000000 0.822040000000 0.810710000000 0.978190000000 

0.000000000000 0.000000000000 0.000000000000 0.000000000000 0.000000000000 0.000000000000 0.000000000000 0.000000000000 0.000000000000 0.000000000000 0.000000000000 0.000000000000 0.000000000000 0.000000000000 0.000000000000 0.000000000000 0.000000000000 0.000000000000 0.000000000000 0.000000000000 0.000000000000 0.000000000000 0.000000000000 0.000000000000 0.000000000000 0.000000000000 0.000000000000 0.000000000000 0.000000000000 0.000000000000 0.000000000000 0.000045296000 0.000000000000 0.000000000000 0.000000000000 0.000000000000 0.000000000000 0.000000000000 0.000000000000 0.000000000000 0.000000000000 0.000000000000 0.000000000000 0.000000000000 0.000000000000 0.000000000000 0.000000000000 0.000002397200 0.000000000000 0.000000000000 0.000000000000 0.000000000000 0.000000000000 0.000000000000 0.000000000000 0.000108370000 0.000000000000 0.000000000000 0.000000000000 0.000042307000 0.000000000000 0.000527300000 0.000835690000 0.164490000000 0.000000000000 0.000000000000 0.000000000000 0.000000000000 0.000000000000 0.000000000000 0.000000000000 0.000000000000 0.000000000000 0.000000000000 0.000000000000 0.000000000000 0.000000000000 0.000000000000 0.000000000000 0.001347500000 0.000000000000 0.000000000000 0.000000000000 0.000000000001 0.000000000000 0.000000000000 0.000000000000 0.000421870000 0.000000000000 0.000000000000 0.000000000047 0.001731500000 0.000000000477 0.003595900000 0.010506000000 0.374620000000 0.000000000000 0.000000000000 0.000000000000 0.000000000037 0.000000000000 0.000000011581 0.000000011354 0.007641200000 0.000000000000 0.000000007179 0.000064182000 0.019060000000 0.000267680000 0.042355000000 0.087942000000 0.671020000000 0.000000000001 0.000896970000 0.001157800000 0.112340000000 0.005266500000 0.220430000000 0.371140000000 0.907570000000 0.070607000000 0.563040000000 0.742310000000 0.983060000000 0.898260000000 0.993840000000 0.995310000000 0.996120000000 

N_obs: 4000

File Format:
1- most to least reliable channels (taken entropies)
2- most to least reliable channels (taken error probabilities)
3- channels entropies (flipped)
4- channels error probabilities (flipped)
5- number of MontCarlo simulations
