127 126 125 124 123 122 119 111 95 118 117 121 115 110 109 107 103 94 93 63 120 116 114 108 91 113 106 87 105 102 101 92 90 62 79 99 61 89 112 86 59 104 85 100 55 78 83 60 98 47 88 77 31 58 75 97 15 71 84 57 23 39 54 43 27 53 51 29 45 82 46 7 30 11 81 76 19 67 13 69 35 21 73 74 37 14 70 22 3 25 5 41 56 96 38 49 26 42 50 52 9 28 44 6 17 65 33 10 1 18 66 80 34 12 2 68 20 72 36 24 40 48 4 8 16 64 32 0 

127 126 125 124 123 122 119 111 95 118 117 121 115 110 109 107 103 94 93 63 120 114 108 116 91 113 106 87 105 102 101 92 90 62 79 99 89 61 112 86 59 104 85 100 83 78 55 98 60 88 77 97 58 84 47 75 57 82 54 71 31 81 76 53 96 51 46 74 56 45 73 70 43 39 30 69 52 80 29 50 25 67 42 11 14 18 5 1 17 37 13 34 44 49 22 12 19 24 2 4 68 72 48 64 41 0 8 10 16 32 66 36 65 40 33 28 9 21 20 6 38 26 35 23 3 7 15 27 

0.000000000000 0.000000000000 0.000000000000 0.000000000000 0.000000000000 0.000000000000 0.000000000000 0.000002021000 0.000000000000 0.000000000000 0.000000000000 0.000058431000 0.000000000000 0.000062473000 0.000190950000 0.037411000000 0.000000000000 0.000000000000 0.000000000000 0.000080355000 0.000000000000 0.000318120000 0.000549360000 0.075372000000 0.000000000564 0.001747600000 0.004027300000 0.146510000000 0.018089000000 0.260230000000 0.407660000000 0.801890000000 0.000000000000 0.000000003723 0.000000061934 0.004676800000 0.000096758000 0.010780000000 0.025030000000 0.291760000000 0.000374090000 0.042754000000 0.088180000000 0.458490000000 0.196110000000 0.588870000000 0.657950000000 0.917510000000 0.014115000000 0.195350000000 0.307000000000 0.690740000000 0.404560000000 0.740630000000 0.734790000000 0.949040000000 0.452740000000 0.765450000000 0.722320000000 0.943230000000 0.703890000000 0.916400000000 0.877350000000 0.995570000000 0.000001514100 0.011207000000 0.021291000000 0.236110000000 0.061179000000 0.357400000000 0.459800000000 0.801660000000 0.169420000000 0.510410000000 0.547740000000 0.849920000000 0.549390000000 0.831350000000 0.808680000000 0.977190000000 0.286130000000 0.597490000000 0.580560000000 0.868620000000 0.539030000000 0.822040000000 0.792920000000 0.971340000000 0.509960000000 0.802800000000 0.750170000000 0.955160000000 0.725200000000 0.925470000000 0.883680000000 0.996810000000 0.322670000000 0.615480000000 0.578480000000 0.866750000000 0.540260000000 0.819120000000 0.789360000000 0.969930000000 0.484300000000 0.782050000000 0.731090000000 0.945070000000 0.701290000000 0.915890000000 0.876430000000 0.995280000000 0.443900000000 0.757780000000 0.714140000000 0.938430000000 0.656330000000 0.891600000000 0.865140000000 0.993680000000 0.603850000000 0.868950000000 0.791880000000 0.988430000000 0.788170000000 0.943070000000 0.905060000000 0.999560000000 

0.000000000000 0.000000000000 0.000000000000 0.000000000000 0.000000000000 0.000000000000 0.000000000000 0.000001355700 0.000000000000 0.000000000000 0.000000000000 0.000115750000 0.000000000000 0.000072611000 0.000324340000 0.075881000000 0.000000000000 0.000000000000 0.000000000000 0.000086070000 0.000000000000 0.000473830000 0.001154700000 0.153570000000 0.000000000195 0.003744700000 0.008407800000 0.281700000000 0.035845000000 0.477040000000 0.658640000000 0.976500000000 0.000000000000 0.000000001315 0.000000026729 0.011115000000 0.000250550000 0.024835000000 0.049272000000 0.534270000000 0.000651630000 0.098621000000 0.172860000000 0.753700000000 0.377240000000 0.894790000000 0.950090000000 0.995600000000 0.030686000000 0.407040000000 0.580030000000 0.953940000000 0.787460000000 0.986060000000 0.991770000000 0.996070000000 0.920980000000 0.994580000000 0.995180000000 0.996070000000 0.995880000000 0.996110000000 0.996120000000 0.996080000000 0.000001058700 0.030292000000 0.052442000000 0.506990000000 0.148230000000 0.704460000000 0.835970000000 0.989280000000 0.423200000000 0.905690000000 0.956890000000 0.995270000000 0.979490000000 0.995820000000 0.996040000000 0.996080000000 0.779850000000 0.985100000000 0.991310000000 0.996030000000 0.994580000000 0.995910000000 0.996080000000 0.996130000000 0.994760000000 0.996190000000 0.996030000000 0.996120000000 0.996230000000 0.996030000000 0.996130000000 0.996100000000 0.947800000000 0.994970000000 0.995610000000 0.996130000000 0.996600000000 0.996220000000 0.995850000000 0.996050000000 0.996280000000 0.996040000000 0.996140000000 0.996150000000 0.996050000000 0.995980000000 0.996030000000 0.996100000000 0.996500000000 0.995950000000 0.996030000000 0.996050000000 0.995920000000 0.996090000000 0.996140000000 0.996090000000 0.996450000000 0.996160000000 0.995980000000 0.996070000000 0.996340000000 0.996060000000 0.996020000000 0.996090000000 

N_obs: 4000

File Format:
1- most to least reliable channels (taken entropies)
2- most to least reliable channels (taken error probabilities)
3- channels entropies (flipped)
4- channels error probabilities (flipped)
5- number of MontCarlo simulations
