127 126 125 124 123 122 121 119 118 117 115 111 110 109 107 103 95 94 63 91 93 87 120 116 114 113 108 105 106 102 101 62 79 92 90 99 61 89 86 59 85 112 55 83 104 78 100 60 77 98 88 58 47 75 97 84 57 54 82 71 31 53 76 81 51 46 74 15 45 23 56 39 43 96 27 29 30 73 7 70 52 69 67 11 19 13 35 50 21 37 49 80 14 41 22 38 25 42 44 3 5 26 28 65 9 72 6 17 33 66 10 68 1 18 34 12 20 2 36 48 40 24 4 64 8 16 32 0 

127 126 125 124 123 122 121 119 118 117 115 111 110 109 107 103 95 94 63 91 93 87 120 114 116 113 108 105 106 102 101 62 79 90 92 89 99 61 86 59 85 112 83 55 104 78 100 77 60 98 88 58 97 75 47 84 57 54 82 71 53 81 76 31 51 74 46 96 56 73 45 70 52 43 80 69 30 39 50 29 67 49 44 27 72 15 23 41 42 35 7 68 25 14 5 3 9 17 6 22 66 28 64 20 8 16 24 0 2 11 1 32 26 34 36 48 12 33 4 10 18 65 40 38 37 19 21 13 

0.000000000000 0.000000000000 0.000000000000 0.000000000000 0.000000000000 0.000000000000 0.000000000000 0.000000000294 0.000000000000 0.000000000000 0.000000000000 0.000000000875 0.000000000000 0.000000000954 0.000000008046 0.003341100000 0.000000000000 0.000000000000 0.000000000000 0.000000012468 0.000000000000 0.000001442400 0.000000832420 0.008003600000 0.000000000000 0.000003099800 0.000007409800 0.017372000000 0.000084940000 0.036402000000 0.080002000000 0.499860000000 0.000000000000 0.000000000000 0.000000000000 0.000066227000 0.000000000000 0.000068625000 0.000143830000 0.048438000000 0.000000000001 0.000495190000 0.001682900000 0.094925000000 0.007298200000 0.173140000000 0.295790000000 0.724180000000 0.000017540000 0.011576000000 0.026658000000 0.288290000000 0.078038000000 0.418950000000 0.540490000000 0.860150000000 0.217510000000 0.595730000000 0.629230000000 0.897080000000 0.632440000000 0.882190000000 0.851020000000 0.989390000000 0.000000000000 0.000014054000 0.000130690000 0.026432000000 0.000538850000 0.053386000000 0.101720000000 0.467600000000 0.006262600000 0.146290000000 0.238910000000 0.628960000000 0.355710000000 0.703140000000 0.722340000000 0.944650000000 0.072576000000 0.358820000000 0.443690000000 0.778190000000 0.469760000000 0.772860000000 0.752520000000 0.955960000000 0.468930000000 0.768900000000 0.722000000000 0.942900000000 0.702210000000 0.914800000000 0.875000000000 0.995030000000 0.223290000000 0.536440000000 0.529500000000 0.837130000000 0.503670000000 0.796240000000 0.769900000000 0.963110000000 0.463650000000 0.765550000000 0.715550000000 0.939400000000 0.689080000000 0.908130000000 0.868620000000 0.993730000000 0.436580000000 0.742530000000 0.701190000000 0.931900000000 0.644760000000 0.884600000000 0.853460000000 0.990910000000 0.591390000000 0.865020000000 0.792890000000 0.985080000000 0.783520000000 0.942480000000 0.903670000000 0.999470000000 

0.000000000000 0.000000000000 0.000000000000 0.000000000000 0.000000000000 0.000000000000 0.000000000000 0.000000000098 0.000000000000 0.000000000000 0.000000000000 0.000000000309 0.000000000000 0.000000000298 0.000000002799 0.006879400000 0.000000000000 0.000000000000 0.000000000000 0.000000005127 0.000000000000 0.000001219100 0.000000546810 0.017828000000 0.000000000000 0.000003054400 0.000007526200 0.036581000000 0.000257000000 0.072605000000 0.146120000000 0.770220000000 0.000000000000 0.000000000000 0.000000000000 0.000092020000 0.000000000000 0.000082406000 0.000176430000 0.100840000000 0.000000000000 0.001074200000 0.003258900000 0.188600000000 0.014762000000 0.333680000000 0.507950000000 0.945870000000 0.000030045000 0.025791000000 0.053750000000 0.534000000000 0.157810000000 0.728700000000 0.849710000000 0.991320000000 0.461140000000 0.920690000000 0.964490000000 0.995740000000 0.984020000000 0.996050000000 0.996160000000 0.996070000000 0.000000000000 0.000013895000 0.000330160000 0.064832000000 0.001278700000 0.126810000000 0.210850000000 0.781840000000 0.015442000000 0.325530000000 0.488690000000 0.925150000000 0.706110000000 0.974520000000 0.986240000000 0.996130000000 0.186830000000 0.734280000000 0.856570000000 0.990510000000 0.942660000000 0.995070000000 0.994910000000 0.996160000000 0.973350000000 0.996220000000 0.996280000000 0.996130000000 0.995380000000 0.996130000000 0.996140000000 0.996120000000 0.653200000000 0.965150000000 0.983350000000 0.996060000000 0.990560000000 0.996120000000 0.995850000000 0.996090000000 0.993700000000 0.996040000000 0.996370000000 0.996080000000 0.996310000000 0.996160000000 0.996010000000 0.996090000000 0.993530000000 0.995920000000 0.996380000000 0.996130000000 0.996110000000 0.996150000000 0.995990000000 0.996090000000 0.995710000000 0.996020000000 0.995950000000 0.996140000000 0.995990000000 0.996110000000 0.996120000000 0.996100000000 

N_obs: 4000

File Format:
1- most to least reliable channels (taken entropies)
2- most to least reliable channels (taken error probabilities)
3- channels entropies (flipped)
4- channels error probabilities (flipped)
5- number of MontCarlo simulations
