127 126 125 124 123 122 121 120 119 118 117 116 115 114 113 112 111 110 109 108 107 106 105 104 103 102 101 99 97 95 94 93 92 91 90 89 88 87 86 85 83 79 78 77 75 71 63 62 61 60 59 58 57 55 54 53 51 47 46 45 43 39 31 30 29 27 23 15 98 81 100 74 82 70 56 52 73 50 69 84 49 67 76 42 44 41 38 28 37 35 25 26 22 19 96 21 80 14 13 68 72 48 66 40 65 36 11 34 24 33 20 7 18 17 12 10 64 9 32 6 5 16 3 8 4 1 2 0 

127 126 125 124 123 122 121 120 119 118 117 116 115 114 113 112 111 110 109 108 107 106 105 104 103 102 101 99 97 95 94 93 92 91 90 89 88 87 86 85 83 79 78 77 75 71 63 62 61 60 59 58 57 55 54 53 51 47 46 45 43 39 31 30 29 27 23 15 98 81 100 74 82 70 56 52 73 50 69 84 49 67 76 42 41 44 38 28 37 35 25 26 22 19 96 21 80 13 48 40 68 72 66 14 36 65 11 34 24 33 20 18 7 17 12 10 64 9 32 6 5 16 3 8 4 2 1 0 

0.000000000000 0.000000000000 0.000000000000 0.000000000000 0.000000000000 0.000000000000 0.000000000000 0.000000000000 0.000000000000 0.000000000000 0.000000000000 0.000000000000 0.000000000000 0.000000000000 0.000000000000 0.000000000000 0.000000000000 0.000000000000 0.000000000000 0.000000000000 0.000000000000 0.000000000000 0.000000000000 0.000000000000 0.000000000000 0.000000000000 0.000000000000 0.000000000000 0.000000000000 0.000000000000 0.000000000000 0.000000462710 0.000000000000 0.000000000000 0.000000000000 0.000000000000 0.000000000000 0.000000000000 0.000000000000 0.000000000000 0.000000000000 0.000000000000 0.000000000000 0.000000000000 0.000000000000 0.000000000000 0.000000000000 0.000010100000 0.000000000000 0.000000000000 0.000000000000 0.000000000000 0.000000000000 0.000000000000 0.000000000000 0.000077783000 0.000000000000 0.000000000000 0.000000000000 0.000076785000 0.000000000000 0.000105030000 0.000462850000 0.066521000000 0.000000000000 0.000000000000 0.000000000000 0.000000000000 0.000000000000 0.000000000000 0.000000000000 0.000000000000 0.000000000000 0.000000000000 0.000000000000 0.000000000000 0.000000000000 0.000000000000 0.000000000000 0.000094603000 0.000000000000 0.000000000000 0.000000000000 0.000000000001 0.000000000000 0.000000000000 0.000000000001 0.000147500000 0.000000000000 0.000000000006 0.000000000027 0.000568080000 0.000000000077 0.001343500000 0.002645400000 0.146470000000 0.000000000000 0.000000000000 0.000000000000 0.000000000012 0.000000000000 0.000000004627 0.000000000939 0.001760700000 0.000000000000 0.000000014558 0.000004665000 0.004451100000 0.000000049531 0.008358900000 0.018728000000 0.298560000000 0.000000000000 0.000042584000 0.000049700000 0.026059000000 0.000626690000 0.053476000000 0.097510000000 0.510160000000 0.007843000000 0.152860000000 0.241350000000 0.682820000000 0.336920000000 0.751960000000 0.715440000000 0.967520000000 

0.000000000000 0.000000000000 0.000000000000 0.000000000000 0.000000000000 0.000000000000 0.000000000000 0.000000000000 0.000000000000 0.000000000000 0.000000000000 0.000000000000 0.000000000000 0.000000000000 0.000000000000 0.000000000000 0.000000000000 0.000000000000 0.000000000000 0.000000000000 0.000000000000 0.000000000000 0.000000000000 0.000000000000 0.000000000000 0.000000000000 0.000000000000 0.000000000000 0.000000000000 0.000000000000 0.000000000000 0.000000182500 0.000000000000 0.000000000000 0.000000000000 0.000000000000 0.000000000000 0.000000000000 0.000000000000 0.000000000000 0.000000000000 0.000000000000 0.000000000000 0.000000000000 0.000000000000 0.000000000000 0.000000000000 0.000006484600 0.000000000000 0.000000000000 0.000000000000 0.000000000000 0.000000000000 0.000000000000 0.000000000000 0.000257980000 0.000000000000 0.000000000000 0.000000000000 0.000147390000 0.000000000000 0.000279200000 0.000885040000 0.128130000000 0.000000000000 0.000000000000 0.000000000000 0.000000000000 0.000000000000 0.000000000000 0.000000000000 0.000000000000 0.000000000000 0.000000000000 0.000000000000 0.000000000000 0.000000000000 0.000000000000 0.000000000000 0.000101800000 0.000000000000 0.000000000000 0.000000000000 0.000000000000 0.000000000000 0.000000000000 0.000000000000 0.000114730000 0.000000000000 0.000000000001 0.000000000006 0.000696250000 0.000000000016 0.002089100000 0.004749000000 0.264430000000 0.000000000000 0.000000000000 0.000000000000 0.000000000002 0.000000000000 0.000000001472 0.000000000253 0.003829600000 0.000000000000 0.000000004807 0.000003404600 0.009254400000 0.000000015184 0.016453000000 0.037233000000 0.490940000000 0.000000000000 0.000296550000 0.000044356000 0.053752000000 0.001809500000 0.107050000000 0.192390000000 0.761460000000 0.016610000000 0.309740000000 0.460530000000 0.914390000000 0.697870000000 0.963530000000 0.975030000000 0.984450000000 

N_obs: 4000

File Format:
1- most to least reliable channels (taken entropies)
2- most to least reliable channels (taken error probabilities)
3- channels entropies (flipped)
4- channels error probabilities (flipped)
5- number of MontCarlo simulations
