127 126 125 123 119 124 111 122 121 118 117 115 95 110 109 120 107 116 63 94 114 103 31 93 47 79 87 91 55 108 113 15 59 61 23 62 39 106 71 27 43 75 7 29 105 99 45 83 30 51 101 102 77 11 85 53 46 78 89 92 86 13 54 90 57 19 21 35 58 67 37 14 69 5 3 22 112 60 25 41 73 38 26 70 97 81 49 42 74 6 9 98 17 28 82 50 33 65 104 10 1 44 100 76 84 52 18 34 66 2 88 12 56 20 36 68 24 40 72 96 80 48 4 8 16 32 64 0 

127 126 125 123 119 124 111 122 121 118 117 115 110 95 109 120 116 107 114 94 103 113 108 63 93 106 91 105 87 102 112 62 92 79 101 61 99 90 59 89 55 104 47 31 86 85 23 83 51 37 7 11 75 39 100 69 57 97 41 43 22 35 98 26 71 21 15 67 5 20 46 74 9 19 73 29 77 52 66 76 44 36 81 49 6 96 18 4 10 3 8 80 24 72 64 0 32 34 40 82 16 2 54 1 17 65 38 12 45 48 70 25 14 27 68 88 56 33 84 30 60 50 28 42 53 13 78 58 

0.000000000000 0.000000000032 0.000000003751 0.000466030000 0.000000013935 0.000895400000 0.001964300000 0.105660000000 0.000001136000 0.004642800000 0.009913600000 0.195810000000 0.036190000000 0.315920000000 0.451640000000 0.813880000000 0.000473680000 0.045810000000 0.089943000000 0.442340000000 0.188740000000 0.564530000000 0.627780000000 0.900320000000 0.317950000000 0.667530000000 0.661420000000 0.913380000000 0.647500000000 0.888450000000 0.855200000000 0.990420000000 0.039162000000 0.279570000000 0.374060000000 0.725260000000 0.425760000000 0.738370000000 0.722020000000 0.944640000000 0.425340000000 0.730050000000 0.685890000000 0.925500000000 0.657680000000 0.892890000000 0.856180000000 0.990660000000 0.410230000000 0.710720000000 0.668510000000 0.918050000000 0.615460000000 0.869370000000 0.834460000000 0.985150000000 0.571260000000 0.849650000000 0.783800000000 0.976100000000 0.769060000000 0.939730000000 0.898560000000 0.998990000000 0.233260000000 0.520770000000 0.496600000000 0.814430000000 0.466870000000 0.765530000000 0.739080000000 0.952340000000 0.432890000000 0.735420000000 0.687770000000 0.926770000000 0.661340000000 0.894510000000 0.856880000000 0.990680000000 0.395370000000 0.695230000000 0.651780000000 0.909640000000 0.599480000000 0.859580000000 0.823130000000 0.981300000000 0.557900000000 0.839750000000 0.775790000000 0.970680000000 0.759680000000 0.937160000000 0.895040000000 0.998600000000 0.369000000000 0.660250000000 0.626360000000 0.892280000000 0.583260000000 0.849270000000 0.815690000000 0.976990000000 0.520170000000 0.809120000000 0.748280000000 0.955400000000 0.743950000000 0.932040000000 0.890820000000 0.998070000000 0.462320000000 0.779470000000 0.735360000000 0.946570000000 0.674970000000 0.901180000000 0.886830000000 0.997760000000 0.617700000000 0.876300000000 0.790330000000 0.993220000000 0.797770000000 0.943620000000 0.908210000000 0.999710000000 

0.000000000000 0.000000000010 0.000000002096 0.001142400000 0.000000009199 0.002003400000 0.004267100000 0.216610000000 0.000001407800 0.010474000000 0.020920000000 0.380220000000 0.075153000000 0.576030000000 0.743500000000 0.982650000000 0.001150000000 0.105870000000 0.188170000000 0.755070000000 0.392450000000 0.891420000000 0.949550000000 0.995360000000 0.690170000000 0.973590000000 0.986900000000 0.996060000000 0.991900000000 0.996070000000 0.996060000000 0.996090000000 0.107930000000 0.626800000000 0.780260000000 0.984200000000 0.907870000000 0.993720000000 0.994980000000 0.996100000000 0.967430000000 0.995860000000 0.995930000000 0.996110000000 0.996000000000 0.996100000000 0.996090000000 0.996090000000 0.986050000000 0.996160000000 0.996080000000 0.996090000000 0.996050000000 0.996080000000 0.996080000000 0.996090000000 0.996070000000 0.996100000000 0.996060000000 0.996100000000 0.996080000000 0.996090000000 0.996100000000 0.996090000000 0.774330000000 0.983910000000 0.991250000000 0.996110000000 0.994150000000 0.996200000000 0.996060000000 0.996100000000 0.995260000000 0.996100000000 0.996120000000 0.996090000000 0.996030000000 0.996110000000 0.996090000000 0.996100000000 0.995630000000 0.996080000000 0.996100000000 0.996090000000 0.996060000000 0.996120000000 0.996060000000 0.996100000000 0.996050000000 0.996100000000 0.996050000000 0.996090000000 0.996070000000 0.996090000000 0.996100000000 0.996090000000 0.995790000000 0.996110000000 0.996080000000 0.996120000000 0.996100000000 0.996070000000 0.996100000000 0.996090000000 0.995960000000 0.996070000000 0.996080000000 0.996080000000 0.996080000000 0.996090000000 0.996100000000 0.996100000000 0.996080000000 0.996100000000 0.996130000000 0.996100000000 0.996050000000 0.996090000000 0.996080000000 0.996090000000 0.996050000000 0.996090000000 0.996080000000 0.996090000000 0.996090000000 0.996100000000 0.996100000000 0.996090000000 

N_obs: 160000

File Format:
1- most to least reliable channels (taken entropies)
2- most to least reliable channels (taken error probabilities)
3- channels entropies (flipped)
4- channels error probabilities (flipped)
5- number of MontCarlo simulations
