127 126 125 124 123 122 121 119 118 117 115 111 110 109 107 95 103 94 63 93 91 120 116 87 114 108 106 113 105 102 79 101 62 92 61 90 99 89 59 86 85 112 55 83 104 78 100 60 77 98 88 58 47 97 75 84 57 54 82 71 31 53 76 81 51 46 74 15 45 23 56 39 43 96 27 29 30 73 70 7 52 69 67 11 19 13 35 50 21 49 37 80 14 41 22 38 25 42 44 3 5 26 28 65 9 72 6 17 33 66 10 68 1 18 34 12 20 36 2 48 40 24 4 64 8 16 32 0 

127 126 125 124 123 122 121 119 118 117 115 111 110 109 107 95 103 94 63 93 91 120 116 87 114 108 106 113 105 102 101 79 92 62 90 61 99 89 59 86 85 112 83 55 104 78 100 77 60 98 88 58 97 75 47 84 57 54 82 71 53 81 76 31 51 74 46 96 56 45 73 70 52 43 80 69 30 39 50 67 29 49 44 72 27 23 15 42 41 68 38 28 66 65 37 19 25 35 48 1 9 5 10 36 18 8 34 3 16 20 24 32 0 4 17 64 6 12 40 33 2 11 22 26 13 14 21 7 

0.000000000000 0.000000000000 0.000000000000 0.000000000000 0.000000000000 0.000000000000 0.000000000000 0.000000006469 0.000000000000 0.000000000000 0.000000000000 0.000000157930 0.000000000000 0.000000196400 0.000001777300 0.003882300000 0.000000000000 0.000000000000 0.000000000000 0.000000302270 0.000000000000 0.000001566100 0.000003143400 0.008007700000 0.000000000000 0.000015183000 0.000027109000 0.016960000000 0.000153220000 0.036233000000 0.080067000000 0.500400000000 0.000000000000 0.000000000000 0.000000000000 0.000081109000 0.000000000001 0.000127820000 0.000270920000 0.047688000000 0.000000195440 0.000720990000 0.001548100000 0.094537000000 0.007362100000 0.173480000000 0.297830000000 0.724400000000 0.000021232000 0.012714000000 0.026897000000 0.287910000000 0.080098000000 0.423050000000 0.539960000000 0.858510000000 0.215320000000 0.592810000000 0.630040000000 0.897480000000 0.632360000000 0.880860000000 0.851090000000 0.989420000000 0.000000000000 0.000066497000 0.000127610000 0.025958000000 0.000561900000 0.050374000000 0.099523000000 0.466020000000 0.006777100000 0.142390000000 0.237500000000 0.626380000000 0.350060000000 0.701950000000 0.718820000000 0.944010000000 0.068931000000 0.354480000000 0.439990000000 0.776650000000 0.469810000000 0.773350000000 0.752290000000 0.956640000000 0.466340000000 0.768400000000 0.720830000000 0.942370000000 0.700090000000 0.914220000000 0.874670000000 0.995020000000 0.224590000000 0.537670000000 0.532870000000 0.838090000000 0.508490000000 0.797770000000 0.770650000000 0.963390000000 0.465860000000 0.765350000000 0.714980000000 0.938760000000 0.688360000000 0.908400000000 0.868680000000 0.993750000000 0.439120000000 0.742590000000 0.699820000000 0.932220000000 0.643050000000 0.884710000000 0.853900000000 0.991040000000 0.594140000000 0.864380000000 0.791500000000 0.985050000000 0.783880000000 0.942480000000 0.903520000000 0.999440000000 

0.000000000000 0.000000000000 0.000000000000 0.000000000000 0.000000000000 0.000000000000 0.000000000000 0.000000003356 0.000000000000 0.000000000000 0.000000000000 0.000000177250 0.000000000000 0.000000191400 0.000002529400 0.008323200000 0.000000000000 0.000000000000 0.000000000000 0.000000225520 0.000000000000 0.000002033100 0.000008588600 0.016841000000 0.000000000000 0.000032865000 0.000062741000 0.035263000000 0.000322120000 0.073794000000 0.146450000000 0.772480000000 0.000000000000 0.000000000000 0.000000000000 0.000180830000 0.000000000000 0.000265410000 0.000573450000 0.098206000000 0.000000188110 0.001534400000 0.003256600000 0.189930000000 0.014930000000 0.333370000000 0.508300000000 0.946920000000 0.000068296000 0.028676000000 0.055412000000 0.529750000000 0.163120000000 0.725830000000 0.854250000000 0.991270000000 0.454930000000 0.919580000000 0.965020000000 0.995770000000 0.983930000000 0.996010000000 0.996020000000 0.996090000000 0.000000000000 0.000188500000 0.000316380000 0.062094000000 0.001508800000 0.117490000000 0.210000000000 0.783920000000 0.016617000000 0.318300000000 0.477980000000 0.924980000000 0.701190000000 0.975440000000 0.987420000000 0.996060000000 0.179990000000 0.728940000000 0.852170000000 0.990520000000 0.938440000000 0.995010000000 0.995500000000 0.996100000000 0.975040000000 0.995960000000 0.996030000000 0.996080000000 0.996060000000 0.996090000000 0.996110000000 0.996090000000 0.648340000000 0.965540000000 0.984230000000 0.996010000000 0.991600000000 0.996120000000 0.996050000000 0.996090000000 0.994150000000 0.996120000000 0.996140000000 0.996090000000 0.996050000000 0.996090000000 0.996090000000 0.996090000000 0.994910000000 0.996140000000 0.996130000000 0.996100000000 0.996110000000 0.996080000000 0.996070000000 0.996090000000 0.996160000000 0.996100000000 0.996070000000 0.996090000000 0.996090000000 0.996110000000 0.996070000000 0.996090000000 

N_obs: 160000

File Format:
1- most to least reliable channels (taken entropies)
2- most to least reliable channels (taken error probabilities)
3- channels entropies (flipped)
4- channels error probabilities (flipped)
5- number of MontCarlo simulations
