127 126 125 124 123 122 121 120 119 118 117 116 115 114 113 112 111 110 109 108 107 106 105 104 103 102 101 99 97 95 94 93 92 91 90 89 88 87 86 85 84 83 79 78 77 76 75 71 63 62 61 60 59 58 57 55 54 53 51 47 46 45 43 39 31 30 29 27 23 15 100 73 81 98 56 74 70 52 82 69 49 67 50 44 42 37 41 35 28 38 26 25 21 22 19 80 96 14 13 72 68 48 66 11 65 40 36 34 24 33 20 7 18 17 12 10 64 9 32 6 5 16 3 8 4 2 1 0 

127 126 125 124 123 122 121 120 119 118 117 116 115 114 113 112 111 110 109 108 107 106 105 104 103 102 101 99 97 95 94 93 92 91 90 89 88 87 86 85 84 83 79 78 77 76 75 71 63 62 61 60 59 58 57 55 54 53 51 47 46 45 43 39 31 30 29 27 23 15 81 100 98 73 74 56 70 52 82 69 49 67 50 44 42 37 41 35 28 38 26 25 21 22 19 14 96 72 13 80 68 66 11 48 65 40 36 34 33 24 20 7 18 17 12 10 64 9 32 6 5 16 3 8 4 2 1 0 

0.000000000000 0.000000000000 0.000000000000 0.000000000000 0.000000000000 0.000000000000 0.000000000000 0.000000000000 0.000000000000 0.000000000000 0.000000000000 0.000000000000 0.000000000000 0.000000000000 0.000000000000 0.000000000000 0.000000000000 0.000000000000 0.000000000000 0.000000000000 0.000000000000 0.000000000000 0.000000000000 0.000000000000 0.000000000000 0.000000000000 0.000000000000 0.000000000000 0.000000000000 0.000000000000 0.000000000000 0.000001269100 0.000000000000 0.000000000000 0.000000000000 0.000000000000 0.000000000000 0.000000000000 0.000000000000 0.000000000000 0.000000000000 0.000000000000 0.000000000000 0.000000000000 0.000000000000 0.000000000000 0.000000000000 0.000001200000 0.000000000000 0.000000000000 0.000000000000 0.000000000000 0.000000000000 0.000000000000 0.000000000000 0.000003487600 0.000000000000 0.000000000000 0.000000000000 0.000008274200 0.000000000000 0.000016807000 0.000030271000 0.026691000000 0.000000000000 0.000000000000 0.000000000000 0.000000000000 0.000000000000 0.000000000000 0.000000000000 0.000000000000 0.000000000000 0.000000000000 0.000000000000 0.000000000000 0.000000000000 0.000000000000 0.000000000000 0.000016637000 0.000000000000 0.000000000000 0.000000000000 0.000000000000 0.000000000000 0.000000000000 0.000000000000 0.000032663000 0.000000000000 0.000000000001 0.000000000000 0.000071337000 0.000000000001 0.000155880000 0.000326380000 0.065037000000 0.000000000000 0.000000000000 0.000000000000 0.000000000001 0.000000000000 0.000000000020 0.000000000273 0.000321040000 0.000000000000 0.000000002259 0.000000000800 0.000669080000 0.000000006974 0.001461500000 0.003499300000 0.158820000000 0.000000000000 0.000001344400 0.000002709000 0.006235300000 0.000020592000 0.013573000000 0.030647000000 0.336960000000 0.001047300000 0.071759000000 0.140840000000 0.552690000000 0.296870000000 0.686740000000 0.728360000000 0.950670000000 

0.000000000000 0.000000000000 0.000000000000 0.000000000000 0.000000000000 0.000000000000 0.000000000000 0.000000000000 0.000000000000 0.000000000000 0.000000000000 0.000000000000 0.000000000000 0.000000000000 0.000000000000 0.000000000000 0.000000000000 0.000000000000 0.000000000000 0.000000000000 0.000000000000 0.000000000000 0.000000000000 0.000000000000 0.000000000000 0.000000000000 0.000000000000 0.000000000000 0.000000000000 0.000000000000 0.000000000000 0.000002011100 0.000000000000 0.000000000000 0.000000000000 0.000000000000 0.000000000000 0.000000000000 0.000000000000 0.000000000000 0.000000000000 0.000000000000 0.000000000000 0.000000000000 0.000000000000 0.000000000000 0.000000000000 0.000006928400 0.000000000000 0.000000000000 0.000000000000 0.000000000000 0.000000000000 0.000000000000 0.000000000000 0.000004808500 0.000000000000 0.000000000000 0.000000000000 0.000022346000 0.000000000000 0.000040319000 0.000077100000 0.063791000000 0.000000000000 0.000000000000 0.000000000000 0.000000000000 0.000000000000 0.000000000000 0.000000000000 0.000000000000 0.000000000000 0.000000000000 0.000000000000 0.000000000000 0.000000000000 0.000000000000 0.000000000000 0.000059459000 0.000000000000 0.000000000000 0.000000000000 0.000000000000 0.000000000000 0.000000000000 0.000000000000 0.000097026000 0.000000000000 0.000000000000 0.000000000000 0.000180500000 0.000000000000 0.000390580000 0.000729440000 0.147790000000 0.000000000000 0.000000000000 0.000000000000 0.000000000000 0.000000000000 0.000000000007 0.000000000119 0.000809180000 0.000000000000 0.000000001176 0.000000000371 0.001573400000 0.000000003370 0.003466900000 0.007890200000 0.328580000000 0.000000000000 0.000001923000 0.000004933300 0.014488000000 0.000046499000 0.030961000000 0.064209000000 0.605070000000 0.002424300000 0.155170000000 0.274690000000 0.848410000000 0.563060000000 0.955330000000 0.982150000000 0.996010000000 

N_obs: 160000

File Format:
1- most to least reliable channels (taken entropies)
2- most to least reliable channels (taken error probabilities)
3- channels entropies (flipped)
4- channels error probabilities (flipped)
5- number of MontCarlo simulations
