127 126 125 124 123 122 121 120 119 118 117 116 115 114 113 111 110 109 108 107 106 105 103 102 101 99 95 94 93 92 91 90 89 87 86 85 83 79 78 77 63 62 61 59 55 47 31 60 58 75 54 71 57 51 53 46 45 104 43 98 100 112 84 97 88 82 76 81 39 74 73 30 29 70 56 69 52 50 27 49 44 67 42 41 23 96 38 80 37 72 28 68 26 35 15 48 25 66 22 40 65 21 36 19 14 34 24 13 11 33 7 20 64 18 17 3 5 9 12 10 6 32 1 2 16 4 8 0 

127 126 125 124 123 122 121 120 119 118 117 116 115 114 113 111 110 109 108 107 106 105 103 102 101 99 95 94 93 92 91 90 89 87 86 85 83 79 78 77 63 62 61 59 55 47 31 60 58 75 54 71 57 51 53 46 45 104 43 98 100 112 84 97 88 82 76 81 39 74 73 30 29 70 56 69 52 50 27 49 44 67 42 41 23 96 38 80 37 72 28 68 26 35 15 48 25 66 22 40 65 21 36 19 34 14 24 33 13 20 64 11 18 7 17 12 32 10 9 6 16 5 3 1 4 2 0 8 

0.000000000000 0.000000000000 0.000000000000 0.000000000000 0.000000000000 0.000000000000 0.000000000000 0.000000000000 0.000000000000 0.000000000000 0.000000000000 0.000000000000 0.000000000000 0.000000000000 0.000000000000 0.000000008116 0.000000000000 0.000000000000 0.000000000000 0.000000000000 0.000000000000 0.000000000000 0.000000000000 0.000000001965 0.000000000000 0.000000000000 0.000000000000 0.000000007096 0.000000000000 0.000000006422 0.000000159460 0.002110400000 0.000000000000 0.000000000000 0.000000000000 0.000000000000 0.000000000000 0.000000000000 0.000000000000 0.000000290410 0.000000000000 0.000000000000 0.000000000000 0.000000013806 0.000000000000 0.000000405050 0.000001461200 0.004565000000 0.000000000000 0.000000000000 0.000000000000 0.000001450600 0.000000000000 0.000003615300 0.000008078500 0.009928100000 0.000000000000 0.000023376000 0.000038807000 0.023355000000 0.000353270000 0.053615000000 0.120290000000 0.576670000000 0.000000000000 0.000000000000 0.000000000000 0.000000000000 0.000000000000 0.000000000000 0.000000000000 0.000030240000 0.000000000000 0.000000000000 0.000000000000 0.000051993000 0.000000000000 0.000106680000 0.000205290000 0.046617000000 0.000000000000 0.000000000038 0.000000000908 0.000299930000 0.000000004437 0.000620200000 0.001359000000 0.096847000000 0.000001682100 0.003655100000 0.008156100000 0.189080000000 0.034297000000 0.319950000000 0.465890000000 0.830010000000 0.000000000000 0.000009517900 0.000019645000 0.011893000000 0.000112770000 0.024050000000 0.050720000000 0.375910000000 0.001798300000 0.083845000000 0.155410000000 0.549580000000 0.280320000000 0.658650000000 0.699870000000 0.936270000000 0.038469000000 0.294580000000 0.404930000000 0.759470000000 0.465720000000 0.775560000000 0.758560000000 0.958980000000 0.482230000000 0.785270000000 0.736570000000 0.949980000000 0.720460000000 0.923350000000 0.883510000000 0.996730000000 

0.000000000000 0.000000000000 0.000000000000 0.000000000000 0.000000000000 0.000000000000 0.000000000000 0.000000000000 0.000000000000 0.000000000000 0.000000000000 0.000000000000 0.000000000000 0.000000000000 0.000000000000 0.000000005523 0.000000000000 0.000000000000 0.000000000000 0.000000000000 0.000000000000 0.000000000000 0.000000000000 0.000000000924 0.000000000000 0.000000000000 0.000000000000 0.000000003928 0.000000000000 0.000000003315 0.000000179120 0.004809500000 0.000000000000 0.000000000000 0.000000000000 0.000000000000 0.000000000000 0.000000000000 0.000000000000 0.000000375940 0.000000000000 0.000000000000 0.000000000000 0.000000006997 0.000000000000 0.000000536560 0.000002468500 0.010296000000 0.000000000000 0.000000000000 0.000000000000 0.000002058700 0.000000000000 0.000006306800 0.000020253000 0.022042000000 0.000000000000 0.000055003000 0.000078242000 0.050682000000 0.000737930000 0.112090000000 0.225030000000 0.857470000000 0.000000000000 0.000000000000 0.000000000000 0.000000000000 0.000000000000 0.000000000000 0.000000000000 0.000067812000 0.000000000000 0.000000000000 0.000000000000 0.000136730000 0.000000000000 0.000235040000 0.000452440000 0.100880000000 0.000000000000 0.000000000014 0.000000000418 0.000667050000 0.000000002794 0.001406500000 0.002902800000 0.202220000000 0.000004269300 0.008380100000 0.017514000000 0.369980000000 0.070470000000 0.580190000000 0.757380000000 0.985240000000 0.000000000000 0.000037221000 0.000037328000 0.027356000000 0.000291020000 0.054717000000 0.105180000000 0.661140000000 0.004277100000 0.185470000000 0.308710000000 0.855030000000 0.551580000000 0.947410000000 0.976670000000 0.995940000000 0.093987000000 0.603770000000 0.764490000000 0.982740000000 0.900990000000 0.993630000000 0.994880000000 0.996100000000 0.964200000000 0.995760000000 0.995970000000 0.996090000000 0.995980000000 0.996090000000 0.996060000000 0.996090000000 

N_obs: 160000

File Format:
1- most to least reliable channels (taken entropies)
2- most to least reliable channels (taken error probabilities)
3- channels entropies (flipped)
4- channels error probabilities (flipped)
5- number of MontCarlo simulations
