127 126 125 123 119 111 95 124 122 121 118 117 115 109 110 107 103 94 120 93 116 114 91 63 113 108 106 105 87 102 92 101 62 90 79 61 99 112 89 86 104 59 85 55 100 47 31 83 78 60 15 98 77 88 23 71 75 39 58 27 43 57 97 51 29 45 53 7 54 30 46 84 11 19 13 67 82 21 35 81 69 37 14 73 22 3 5 70 74 25 76 41 38 49 26 42 50 9 56 6 28 17 44 52 65 96 33 10 1 18 66 34 12 2 20 80 68 36 72 24 40 48 4 8 16 64 32 0 

127 126 125 123 119 111 95 124 122 121 118 117 115 109 110 107 103 94 120 93 116 114 91 63 113 108 106 105 87 102 101 92 90 62 99 79 112 89 61 86 104 59 85 100 83 78 55 98 60 88 77 97 58 47 84 75 57 82 31 71 54 81 53 76 96 51 46 74 45 56 73 43 39 29 70 30 69 67 15 11 13 27 52 23 80 17 36 65 28 33 72 66 2 49 5 68 40 1 64 41 10 8 0 42 32 4 16 9 24 6 48 3 18 38 35 44 20 21 22 14 37 25 12 50 34 7 26 19 

0.000000000000 0.000000000000 0.000000000000 0.000000000000 0.000000000000 0.000000000000 0.000000000001 0.000089660000 0.000000000000 0.000000000004 0.000000000006 0.000197320000 0.000000002524 0.000425660000 0.001002800000 0.088585000000 0.000000000000 0.000000053689 0.000000003309 0.001203800000 0.000000580050 0.002421100000 0.005504100000 0.173160000000 0.000013896000 0.012352000000 0.026708000000 0.305650000000 0.085225000000 0.453100000000 0.578450000000 0.884930000000 0.000000000000 0.000054517000 0.000125820000 0.026452000000 0.000526510000 0.052296000000 0.103700000000 0.490870000000 0.006680800000 0.148810000000 0.250260000000 0.650240000000 0.370630000000 0.725150000000 0.741190000000 0.952320000000 0.069384000000 0.371590000000 0.466730000000 0.799840000000 0.499680000000 0.796560000000 0.773170000000 0.964330000000 0.494210000000 0.793390000000 0.742060000000 0.952350000000 0.722800000000 0.924300000000 0.883630000000 0.996750000000 0.000533550000 0.043297000000 0.083949000000 0.403990000000 0.175090000000 0.522300000000 0.573600000000 0.871390000000 0.288850000000 0.616370000000 0.604830000000 0.883580000000 0.588280000000 0.853730000000 0.825760000000 0.982270000000 0.337560000000 0.637930000000 0.603460000000 0.882990000000 0.559180000000 0.834110000000 0.801890000000 0.974290000000 0.520760000000 0.812670000000 0.755660000000 0.958810000000 0.735830000000 0.928970000000 0.886750000000 0.997330000000 0.337960000000 0.630130000000 0.589770000000 0.873960000000 0.550090000000 0.827340000000 0.796570000000 0.971820000000 0.493770000000 0.788880000000 0.735290000000 0.947680000000 0.713040000000 0.919570000000 0.878590000000 0.995900000000 0.452320000000 0.762470000000 0.719560000000 0.940440000000 0.661200000000 0.893910000000 0.869680000000 0.994720000000 0.606620000000 0.871400000000 0.792840000000 0.989760000000 0.790860000000 0.943260000000 0.905850000000 0.999600000000 

0.000000000000 0.000000000000 0.000000000000 0.000000000000 0.000000000000 0.000000000000 0.000000000000 0.000190370000 0.000000000000 0.000000000001 0.000000000002 0.000432520000 0.000000001300 0.000873560000 0.002118000000 0.174750000000 0.000000000000 0.000000042018 0.000000001549 0.002616800000 0.000000934750 0.005090800000 0.011204000000 0.325730000000 0.000018448000 0.026439000000 0.051850000000 0.537000000000 0.162990000000 0.738880000000 0.867860000000 0.992310000000 0.000000000000 0.000129590000 0.000287860000 0.058445000000 0.001195200000 0.112880000000 0.201160000000 0.783450000000 0.015028000000 0.311720000000 0.469880000000 0.924370000000 0.697740000000 0.975000000000 0.987390000000 0.996070000000 0.167800000000 0.720200000000 0.849270000000 0.990400000000 0.939000000000 0.995070000000 0.995530000000 0.996090000000 0.975330000000 0.995950000000 0.995990000000 0.996090000000 0.996000000000 0.996090000000 0.996080000000 0.996090000000 0.001530500000 0.115990000000 0.206470000000 0.766350000000 0.424350000000 0.901370000000 0.952940000000 0.995440000000 0.725670000000 0.977450000000 0.988260000000 0.996060000000 0.992690000000 0.996120000000 0.996090000000 0.996100000000 0.917780000000 0.994300000000 0.995300000000 0.996110000000 0.995600000000 0.996090000000 0.996090000000 0.996090000000 0.995720000000 0.996100000000 0.996120000000 0.996080000000 0.996100000000 0.996130000000 0.996090000000 0.996090000000 0.975290000000 0.995990000000 0.995920000000 0.996090000000 0.996060000000 0.996130000000 0.996120000000 0.996090000000 0.996060000000 0.996110000000 0.996110000000 0.996110000000 0.996170000000 0.996100000000 0.996080000000 0.996090000000 0.996010000000 0.996110000000 0.996040000000 0.996120000000 0.996040000000 0.996090000000 0.996090000000 0.996090000000 0.996130000000 0.996100000000 0.996090000000 0.996090000000 0.996100000000 0.996090000000 0.996090000000 0.996090000000 

N_obs: 160000

File Format:
1- most to least reliable channels (taken entropies)
2- most to least reliable channels (taken error probabilities)
3- channels entropies (flipped)
4- channels error probabilities (flipped)
5- number of MontCarlo simulations
