127 126 125 124 123 122 121 120 119 118 117 116 115 114 113 112 111 110 109 108 107 106 105 104 103 102 101 100 99 98 97 95 94 93 92 91 90 89 88 87 86 85 84 83 82 81 79 78 77 76 75 74 73 71 70 69 63 62 61 60 59 58 57 56 55 54 53 52 51 50 49 47 46 45 44 43 42 39 38 31 30 29 27 23 15 37 41 67 28 35 26 25 21 22 19 14 13 96 11 80 72 68 40 48 66 65 7 36 34 33 24 20 18 17 12 10 9 6 64 5 32 16 3 8 4 2 1 0 

127 126 125 124 123 122 121 120 119 118 117 116 115 114 113 112 111 110 109 108 107 106 105 104 103 102 101 100 99 98 97 95 94 93 92 91 90 89 88 87 86 85 84 83 82 81 79 78 77 76 75 74 73 71 70 69 63 62 61 60 59 58 57 56 55 54 53 52 51 50 49 47 46 45 44 43 42 39 38 31 30 29 27 23 15 41 37 67 28 35 26 25 21 22 19 14 13 96 11 80 72 40 68 48 66 7 65 36 34 24 33 20 18 17 12 10 9 6 64 5 32 16 3 8 4 2 1 0 

0.000000000000 0.000000000000 0.000000000000 0.000000000000 0.000000000000 0.000000000000 0.000000000000 0.000000000000 0.000000000000 0.000000000000 0.000000000000 0.000000000000 0.000000000000 0.000000000000 0.000000000000 0.000000000000 0.000000000000 0.000000000000 0.000000000000 0.000000000000 0.000000000000 0.000000000000 0.000000000000 0.000000000000 0.000000000000 0.000000000000 0.000000000000 0.000000000000 0.000000000000 0.000000000000 0.000000000000 0.000000014672 0.000000000000 0.000000000000 0.000000000000 0.000000000000 0.000000000000 0.000000000000 0.000000000000 0.000000000000 0.000000000000 0.000000000000 0.000000000000 0.000000000000 0.000000000000 0.000000000000 0.000000000000 0.000000057071 0.000000000000 0.000000000000 0.000000000000 0.000000000000 0.000000000000 0.000000000000 0.000000000000 0.000000417960 0.000000000000 0.000000000000 0.000000000000 0.000000578550 0.000000000000 0.000001551300 0.000002941500 0.007820200000 0.000000000000 0.000000000000 0.000000000000 0.000000000000 0.000000000000 0.000000000000 0.000000000000 0.000000000000 0.000000000000 0.000000000000 0.000000000000 0.000000000000 0.000000000000 0.000000000000 0.000000000000 0.000000865880 0.000000000000 0.000000000000 0.000000000000 0.000000000000 0.000000000000 0.000000000000 0.000000000000 0.000000743910 0.000000000000 0.000000000000 0.000000000000 0.000004399100 0.000000000000 0.000010320000 0.000014056000 0.018441000000 0.000000000000 0.000000000000 0.000000000000 0.000000000000 0.000000000000 0.000000000000 0.000000000000 0.000015435000 0.000000000000 0.000000000000 0.000000000000 0.000031405000 0.000000000000 0.000069636000 0.000136330000 0.046376000000 0.000000000000 0.000000000025 0.000000000141 0.000356550000 0.000000043215 0.000743120000 0.001640800000 0.115680000000 0.000003738100 0.006579800000 0.015064000000 0.254680000000 0.071203000000 0.428850000000 0.567760000000 0.885930000000 

0.000000000000 0.000000000000 0.000000000000 0.000000000000 0.000000000000 0.000000000000 0.000000000000 0.000000000000 0.000000000000 0.000000000000 0.000000000000 0.000000000000 0.000000000000 0.000000000000 0.000000000000 0.000000000000 0.000000000000 0.000000000000 0.000000000000 0.000000000000 0.000000000000 0.000000000000 0.000000000000 0.000000000000 0.000000000000 0.000000000000 0.000000000000 0.000000000000 0.000000000000 0.000000000000 0.000000000000 0.000000009750 0.000000000000 0.000000000000 0.000000000000 0.000000000000 0.000000000000 0.000000000000 0.000000000000 0.000000000000 0.000000000000 0.000000000000 0.000000000000 0.000000000000 0.000000000000 0.000000000000 0.000000000000 0.000000042539 0.000000000000 0.000000000000 0.000000000000 0.000000000000 0.000000000000 0.000000000000 0.000000000000 0.000000630380 0.000000000000 0.000000000000 0.000000000000 0.000000991160 0.000000000000 0.000002332900 0.000010366000 0.019686000000 0.000000000000 0.000000000000 0.000000000000 0.000000000000 0.000000000000 0.000000000000 0.000000000000 0.000000000000 0.000000000000 0.000000000000 0.000000000000 0.000000000000 0.000000000000 0.000000000000 0.000000000000 0.000001324700 0.000000000000 0.000000000000 0.000000000000 0.000000000000 0.000000000000 0.000000000000 0.000000000000 0.000000763550 0.000000000000 0.000000000000 0.000000000000 0.000011954000 0.000000000000 0.000025778000 0.000039462000 0.045052000000 0.000000000000 0.000000000000 0.000000000000 0.000000000000 0.000000000000 0.000000000000 0.000000000000 0.000032324000 0.000000000000 0.000000000000 0.000000000000 0.000094249000 0.000000000000 0.000162840000 0.000333060000 0.107790000000 0.000000000000 0.000000000009 0.000000000056 0.000901960000 0.000000034758 0.001826800000 0.003845500000 0.247280000000 0.000010329000 0.015295000000 0.032547000000 0.485110000000 0.145810000000 0.731530000000 0.878330000000 0.993370000000 

N_obs: 160000

File Format:
1- most to least reliable channels (taken entropies)
2- most to least reliable channels (taken error probabilities)
3- channels entropies (flipped)
4- channels error probabilities (flipped)
5- number of MontCarlo simulations
