127 126 125 123 119 111 124 122 118 117 121 95 115 110 109 107 120 116 94 103 114 93 113 108 63 91 106 105 87 102 92 62 101 79 112 90 61 31 47 59 99 55 89 15 86 104 23 71 39 85 27 83 75 43 77 29 7 78 45 51 30 53 100 11 46 60 57 54 58 19 13 98 21 35 67 97 37 69 14 5 88 3 22 25 73 41 81 70 38 26 82 74 49 42 84 6 50 9 28 76 17 33 65 44 10 1 52 18 56 34 66 12 2 20 96 36 68 24 72 40 80 48 4 8 16 32 64 0 

127 126 125 123 119 111 124 117 118 122 121 95 115 110 109 107 120 116 103 94 114 93 113 108 63 91 106 105 102 87 92 101 112 62 90 79 99 61 89 104 86 59 100 85 55 83 78 98 60 88 47 77 97 31 75 58 71 57 84 54 82 53 81 76 30 23 45 39 3 73 5 17 46 51 96 44 27 67 19 21 70 36 34 11 7 74 6 80 64 48 16 24 9 49 25 50 20 4 0 18 32 28 69 40 8 2 72 33 12 68 66 15 41 56 10 65 1 52 13 29 22 38 35 14 26 42 37 43 

0.000000000000 0.000000000000 0.000000000000 0.000000055411 0.000000000000 0.000000180670 0.000001027200 0.002307600000 0.000000000000 0.000000216060 0.000000227910 0.004745500000 0.000014563000 0.010159000000 0.022682000000 0.307240000000 0.000000000000 0.000037816000 0.000072143000 0.024062000000 0.000396620000 0.047687000000 0.097505000000 0.495070000000 0.005785400000 0.144560000000 0.250240000000 0.661650000000 0.381440000000 0.741370000000 0.757550000000 0.958970000000 0.000003334100 0.005700100000 0.012538000000 0.199570000000 0.041425000000 0.314310000000 0.436320000000 0.793250000000 0.139240000000 0.488540000000 0.552270000000 0.852640000000 0.565320000000 0.840720000000 0.815850000000 0.979040000000 0.278770000000 0.611660000000 0.603860000000 0.882970000000 0.569120000000 0.841030000000 0.808560000000 0.976680000000 0.534530000000 0.823960000000 0.765700000000 0.964150000000 0.747470000000 0.933440000000 0.891480000000 0.998070000000 0.027682000000 0.231110000000 0.319330000000 0.672550000000 0.379410000000 0.696330000000 0.682910000000 0.928590000000 0.391220000000 0.695620000000 0.654600000000 0.910450000000 0.628340000000 0.876940000000 0.843810000000 0.987380000000 0.371510000000 0.669440000000 0.627280000000 0.896760000000 0.579080000000 0.846800000000 0.812550000000 0.977800000000 0.537720000000 0.825350000000 0.765320000000 0.964130000000 0.745880000000 0.932860000000 0.890440000000 0.997930000000 0.352880000000 0.645380000000 0.606160000000 0.882440000000 0.565000000000 0.836820000000 0.805360000000 0.974370000000 0.505490000000 0.797890000000 0.741830000000 0.950850000000 0.724780000000 0.924720000000 0.883480000000 0.996850000000 0.457950000000 0.770090000000 0.726430000000 0.943260000000 0.668760000000 0.897240000000 0.877070000000 0.996140000000 0.610880000000 0.873390000000 0.792300000000 0.991450000000 0.793820000000 0.943490000000 0.906840000000 0.999650000000 

0.000000000000 0.000000000000 0.000000000000 0.000000050896 0.000000000000 0.000000184350 0.000003107400 0.004919600000 0.000000000000 0.000000165670 0.000000157920 0.010082000000 0.000031060000 0.021450000000 0.044484000000 0.538490000000 0.000000000000 0.000090735000 0.000165060000 0.050735000000 0.000830010000 0.099271000000 0.181800000000 0.774100000000 0.012375000000 0.292340000000 0.451580000000 0.922370000000 0.689680000000 0.974860000000 0.987650000000 0.996070000000 0.000006140200 0.013857000000 0.028650000000 0.407870000000 0.092411000000 0.601180000000 0.758190000000 0.982710000000 0.320080000000 0.850330000000 0.928560000000 0.994650000000 0.969340000000 0.995840000000 0.995950000000 0.996090000000 0.689360000000 0.973480000000 0.987340000000 0.996030000000 0.992460000000 0.996090000000 0.996050000000 0.996100000000 0.994120000000 0.996080000000 0.996100000000 0.996100000000 0.996070000000 0.996110000000 0.996110000000 0.996090000000 0.084476000000 0.573680000000 0.735960000000 0.978740000000 0.885650000000 0.992530000000 0.994460000000 0.996110000000 0.962640000000 0.995680000000 0.995880000000 0.996120000000 0.996060000000 0.996090000000 0.996090000000 0.996090000000 0.986040000000 0.996060000000 0.996050000000 0.996070000000 0.996140000000 0.996130000000 0.996110000000 0.996100000000 0.996050000000 0.996120000000 0.996140000000 0.996080000000 0.996120000000 0.996080000000 0.996100000000 0.996100000000 0.991970000000 0.996040000000 0.996120000000 0.996100000000 0.996070000000 0.996120000000 0.996090000000 0.996090000000 0.996050000000 0.996120000000 0.996080000000 0.996090000000 0.996070000000 0.996090000000 0.996060000000 0.996090000000 0.996110000000 0.996120000000 0.996120000000 0.996100000000 0.996090000000 0.996110000000 0.996090000000 0.996100000000 0.996090000000 0.996090000000 0.996050000000 0.996090000000 0.996050000000 0.996100000000 0.996110000000 0.996090000000 

N_obs: 160000

File Format:
1- most to least reliable channels (taken entropies)
2- most to least reliable channels (taken error probabilities)
3- channels entropies (flipped)
4- channels error probabilities (flipped)
5- number of MontCarlo simulations
