127 126 125 123 119 124 122 111 121 118 95 117 63 31 115 47 110 79 55 87 15 103 109 59 107 91 120 61 23 93 94 62 39 71 27 43 7 75 29 45 30 11 116 51 83 77 53 99 46 85 101 114 78 113 13 21 54 57 19 86 105 89 35 67 102 37 58 14 5 69 106 90 3 108 22 25 41 60 92 73 38 26 70 49 42 81 97 6 74 9 17 28 33 65 50 10 82 1 44 98 76 52 18 84 34 66 2 100 12 112 56 20 104 88 36 24 68 40 72 48 80 4 96 8 16 32 64 0 

127 126 125 123 119 124 122 111 121 118 117 95 115 110 120 109 116 107 63 103 94 114 93 113 108 91 87 79 106 105 62 55 47 61 102 15 35 57 30 54 23 101 77 112 49 59 82 45 25 20 78 65 5 9 90 43 69 28 58 88 74 12 3 40 44 6 104 76 80 1 96 32 0 64 26 72 8 18 50 16 2 81 34 10 46 21 36 4 68 66 24 98 73 48 52 17 13 97 31 86 89 38 92 99 56 41 100 84 75 70 42 33 85 19 27 51 14 71 39 67 22 53 60 11 37 83 7 29 

0.000000000000 0.000088404000 0.000193370000 0.033966000000 0.001002100000 0.066125000000 0.127660000000 0.517810000000 0.011448000000 0.180550000000 0.287370000000 0.674860000000 0.395370000000 0.734950000000 0.739300000000 0.952150000000 0.097210000000 0.410820000000 0.482170000000 0.805870000000 0.494630000000 0.790230000000 0.764860000000 0.961430000000 0.480250000000 0.780480000000 0.730380000000 0.946490000000 0.707890000000 0.917690000000 0.877140000000 0.995500000000 0.254070000000 0.557880000000 0.538090000000 0.841630000000 0.505960000000 0.796290000000 0.768780000000 0.962980000000 0.461650000000 0.761870000000 0.712620000000 0.937670000000 0.683420000000 0.905990000000 0.866120000000 0.993100000000 0.432370000000 0.735590000000 0.692420000000 0.929110000000 0.635070000000 0.880570000000 0.847710000000 0.989240000000 0.587750000000 0.860440000000 0.789540000000 0.982340000000 0.778940000000 0.941730000000 0.901760000000 0.999310000000 0.287940000000 0.569370000000 0.525860000000 0.836090000000 0.489360000000 0.783850000000 0.754970000000 0.958200000000 0.450290000000 0.751650000000 0.703350000000 0.933990000000 0.675770000000 0.901980000000 0.862130000000 0.991860000000 0.407280000000 0.709630000000 0.665250000000 0.916820000000 0.610030000000 0.866090000000 0.829000000000 0.983430000000 0.572350000000 0.850050000000 0.782140000000 0.976070000000 0.769790000000 0.939760000000 0.898580000000 0.999030000000 0.377590000000 0.668030000000 0.638240000000 0.897980000000 0.594890000000 0.856480000000 0.822150000000 0.978530000000 0.529400000000 0.815970000000 0.750440000000 0.958980000000 0.759330000000 0.936890000000 0.896000000000 0.998780000000 0.465990000000 0.785290000000 0.739790000000 0.948040000000 0.674590000000 0.903330000000 0.893220000000 0.998610000000 0.621800000000 0.878180000000 0.788470000000 0.994110000000 0.800250000000 0.943650000000 0.909000000000 0.999750000000 

0.000000000000 0.000211700000 0.000443200000 0.079111000000 0.002390100000 0.149460000000 0.259800000000 0.828240000000 0.027608000000 0.388530000000 0.559520000000 0.948170000000 0.769910000000 0.983850000000 0.990880000000 0.996070000000 0.251260000000 0.801970000000 0.901920000000 0.993510000000 0.960590000000 0.995620000000 0.995810000000 0.996090000000 0.982840000000 0.996000000000 0.996060000000 0.996110000000 0.996110000000 0.996100000000 0.996100000000 0.996090000000 0.760840000000 0.982910000000 0.990850000000 0.996110000000 0.993930000000 0.996090000000 0.996110000000 0.996090000000 0.994960000000 0.996110000000 0.996110000000 0.996110000000 0.996170000000 0.996080000000 0.996090000000 0.996090000000 0.995360000000 0.996080000000 0.996070000000 0.996090000000 0.996110000000 0.996090000000 0.996100000000 0.996090000000 0.996130000000 0.996110000000 0.996090000000 0.996100000000 0.996130000000 0.996100000000 0.996080000000 0.996090000000 0.968380000000 0.995830000000 0.995970000000 0.996150000000 0.996070000000 0.996090000000 0.996020000000 0.996110000000 0.995930000000 0.996060000000 0.996140000000 0.996100000000 0.996120000000 0.996090000000 0.996070000000 0.996100000000 0.995940000000 0.996100000000 0.996080000000 0.996090000000 0.996090000000 0.996110000000 0.996110000000 0.996090000000 0.996130000000 0.996110000000 0.996160000000 0.996100000000 0.996020000000 0.996090000000 0.996110000000 0.996090000000 0.996100000000 0.996040000000 0.996180000000 0.996090000000 0.996120000000 0.996090000000 0.996080000000 0.996100000000 0.996060000000 0.996140000000 0.996100000000 0.996080000000 0.996110000000 0.996090000000 0.996100000000 0.996090000000 0.996010000000 0.996120000000 0.996100000000 0.996090000000 0.996150000000 0.996090000000 0.996090000000 0.996090000000 0.996170000000 0.996090000000 0.996080000000 0.996100000000 0.996090000000 0.996090000000 0.996090000000 0.996090000000 

N_obs: 160000

File Format:
1- most to least reliable channels (taken entropies)
2- most to least reliable channels (taken error probabilities)
3- channels entropies (flipped)
4- channels error probabilities (flipped)
5- number of MontCarlo simulations
