127 126 125 123 119 111 95 124 122 118 121 117 115 110 109 107 103 94 93 120 63 91 116 114 113 108 106 87 105 102 101 92 62 90 79 99 61 89 112 86 59 104 85 100 55 83 78 60 98 47 88 77 31 58 75 97 15 71 84 57 23 54 39 27 43 53 51 29 45 82 46 7 30 11 81 76 67 19 13 69 35 21 73 74 37 14 70 22 3 25 5 41 56 96 38 49 26 42 50 52 9 28 44 6 17 65 33 10 1 66 18 80 34 12 68 2 20 72 36 24 40 48 4 8 16 64 32 0 

127 126 125 123 119 111 95 124 122 118 121 117 115 110 109 107 103 94 120 93 63 91 116 114 113 108 106 87 105 102 101 92 90 62 79 99 89 61 112 86 59 104 85 100 83 78 55 98 60 88 77 97 58 84 47 75 57 82 54 71 31 81 53 76 96 51 46 74 56 45 73 43 70 39 30 80 52 69 67 29 27 50 7 49 14 42 23 15 25 22 41 33 72 21 13 9 24 19 36 5 3 10 28 8 12 16 44 0 32 64 17 34 68 48 6 4 40 66 11 18 1 20 2 26 65 38 35 37 

0.000000000000 0.000000000000 0.000000000000 0.000000000000 0.000000000000 0.000000000000 0.000000000000 0.000010532000 0.000000000000 0.000000000000 0.000000000000 0.000026038000 0.000000000000 0.000060062000 0.000136880000 0.037376000000 0.000000000000 0.000000000003 0.000000000017 0.000154270000 0.000000000024 0.000312150000 0.000714400000 0.076318000000 0.000001031600 0.001862000000 0.004194000000 0.149360000000 0.018788000000 0.260140000000 0.407960000000 0.802690000000 0.000000000000 0.000003259500 0.000003645300 0.005593100000 0.000017430000 0.011444000000 0.024723000000 0.293240000000 0.000407840000 0.043894000000 0.088231000000 0.454560000000 0.192580000000 0.584590000000 0.658210000000 0.917550000000 0.013624000000 0.195240000000 0.306930000000 0.690850000000 0.406140000000 0.739520000000 0.735760000000 0.949790000000 0.452450000000 0.764270000000 0.721810000000 0.942800000000 0.703360000000 0.915900000000 0.877000000000 0.995480000000 0.000010797000 0.009618400000 0.020083000000 0.230070000000 0.061032000000 0.350450000000 0.454730000000 0.799160000000 0.169630000000 0.508650000000 0.548110000000 0.849170000000 0.550280000000 0.830380000000 0.807690000000 0.976660000000 0.286940000000 0.599460000000 0.579670000000 0.868690000000 0.543090000000 0.823330000000 0.793060000000 0.971290000000 0.509600000000 0.803430000000 0.748310000000 0.955090000000 0.727260000000 0.925830000000 0.884070000000 0.996860000000 0.324020000000 0.616510000000 0.579030000000 0.867390000000 0.538950000000 0.819870000000 0.790380000000 0.969990000000 0.485520000000 0.782710000000 0.730300000000 0.945430000000 0.706210000000 0.916640000000 0.875820000000 0.995320000000 0.449280000000 0.757870000000 0.713660000000 0.938240000000 0.656000000000 0.891540000000 0.865040000000 0.993720000000 0.603190000000 0.869440000000 0.792890000000 0.988570000000 0.789340000000 0.943080000000 0.905230000000 0.999560000000 

0.000000000000 0.000000000000 0.000000000000 0.000000000000 0.000000000000 0.000000000000 0.000000000000 0.000012916000 0.000000000000 0.000000000000 0.000000000000 0.000052494000 0.000000000000 0.000121190000 0.000290880000 0.076013000000 0.000000000000 0.000000000001 0.000000000006 0.000367500000 0.000000000008 0.000714570000 0.001486200000 0.152150000000 0.000001515000 0.003993800000 0.008312400000 0.284440000000 0.037175000000 0.470520000000 0.658490000000 0.975140000000 0.000000000000 0.000005277600 0.000013032000 0.012529000000 0.000040447000 0.025223000000 0.050177000000 0.528920000000 0.000963920000 0.095332000000 0.172640000000 0.746330000000 0.374780000000 0.886310000000 0.948360000000 0.995350000000 0.032591000000 0.414860000000 0.588120000000 0.955210000000 0.793240000000 0.986010000000 0.991530000000 0.996070000000 0.922350000000 0.994510000000 0.995440000000 0.996100000000 0.995690000000 0.996110000000 0.996120000000 0.996100000000 0.000030965000 0.025575000000 0.050440000000 0.494590000000 0.148060000000 0.690230000000 0.825840000000 0.988910000000 0.424000000000 0.901160000000 0.954150000000 0.995420000000 0.979290000000 0.995940000000 0.995980000000 0.996100000000 0.779300000000 0.984230000000 0.991230000000 0.996090000000 0.993930000000 0.996050000000 0.996060000000 0.996100000000 0.994820000000 0.996140000000 0.996170000000 0.996090000000 0.996160000000 0.996100000000 0.996070000000 0.996090000000 0.943000000000 0.995230000000 0.995690000000 0.996090000000 0.995820000000 0.996120000000 0.996050000000 0.996080000000 0.996050000000 0.996060000000 0.996070000000 0.996110000000 0.996090000000 0.996110000000 0.996100000000 0.996090000000 0.996050000000 0.996040000000 0.996080000000 0.996090000000 0.996110000000 0.996090000000 0.996080000000 0.996090000000 0.995960000000 0.996100000000 0.996090000000 0.996100000000 0.996090000000 0.996110000000 0.996110000000 0.996090000000 

N_obs: 160000

File Format:
1- most to least reliable channels (taken entropies)
2- most to least reliable channels (taken error probabilities)
3- channels entropies (flipped)
4- channels error probabilities (flipped)
5- number of MontCarlo simulations
