127 126 125 123 119 63 95 124 111 31 47 79 122 55 15 87 59 103 91 121 23 61 107 93 115 118 62 39 117 109 71 27 94 43 7 110 29 75 11 30 45 51 83 77 53 46 85 99 13 21 78 101 57 54 19 86 35 89 5 67 37 14 69 58 105 3 102 90 113 22 25 106 41 114 60 120 38 73 26 92 49 70 42 81 116 6 108 97 74 9 17 33 28 10 65 50 1 82 44 98 76 52 18 34 66 84 2 12 100 56 20 88 104 24 112 36 40 68 72 48 80 4 96 8 16 32 64 0 

127 126 125 123 119 124 122 111 121 118 95 117 115 63 110 120 109 107 103 94 23 116 59 93 91 5 25 87 30 81 47 61 29 78 75 54 62 33 83 3 53 26 2 56 58 108 57 1 14 50 79 52 44 36 60 22 96 88 51 24 85 10 106 70 104 90 89 64 65 32 7 0 13 48 8 45 6 98 16 99 66 112 40 4 84 80 101 68 76 72 86 49 12 39 92 28 67 21 20 41 69 17 18 9 34 82 97 74 100 19 102 11 38 35 42 114 46 77 71 105 15 37 73 113 55 31 27 43 

0.000122510000 0.023122000000 0.047028000000 0.327040000000 0.119340000000 0.455920000000 0.532650000000 0.848010000000 0.247470000000 0.585070000000 0.589120000000 0.874560000000 0.574790000000 0.845260000000 0.818700000000 0.980250000000 0.328020000000 0.631940000000 0.599010000000 0.880860000000 0.556440000000 0.832160000000 0.800360000000 0.974080000000 0.518720000000 0.811460000000 0.755690000000 0.958530000000 0.732450000000 0.927900000000 0.885290000000 0.997070000000 0.324180000000 0.613030000000 0.572750000000 0.864310000000 0.531790000000 0.815000000000 0.785960000000 0.968850000000 0.478610000000 0.776730000000 0.724810000000 0.943110000000 0.696910000000 0.912060000000 0.871540000000 0.994370000000 0.445060000000 0.753120000000 0.708910000000 0.936460000000 0.650170000000 0.888630000000 0.860430000000 0.992650000000 0.600360000000 0.867780000000 0.792030000000 0.987250000000 0.786700000000 0.942850000000 0.904330000000 0.999520000000 0.300170000000 0.586950000000 0.537950000000 0.845710000000 0.504740000000 0.796580000000 0.764500000000 0.961990000000 0.464830000000 0.764550000000 0.714740000000 0.939480000000 0.686390000000 0.907340000000 0.865900000000 0.992690000000 0.414970000000 0.721680000000 0.676160000000 0.922600000000 0.616010000000 0.870230000000 0.835370000000 0.985930000000 0.587950000000 0.860140000000 0.787680000000 0.982490000000 0.780390000000 0.941880000000 0.902100000000 0.999380000000 0.384500000000 0.673540000000 0.648130000000 0.902120000000 0.602730000000 0.862360000000 0.826780000000 0.979650000000 0.534760000000 0.820400000000 0.751480000000 0.962970000000 0.773550000000 0.940400000000 0.900530000000 0.999280000000 0.466960000000 0.788870000000 0.742880000000 0.948450000000 0.669930000000 0.904180000000 0.898520000000 0.999200000000 0.625500000000 0.878750000000 0.786490000000 0.994660000000 0.802220000000 0.943570000000 0.909800000000 0.999770000000 

0.000350820000 0.061865000000 0.115740000000 0.656210000000 0.288710000000 0.830700000000 0.917500000000 0.994280000000 0.621190000000 0.960590000000 0.981500000000 0.995990000000 0.989920000000 0.996110000000 0.996140000000 0.996100000000 0.891360000000 0.993030000000 0.994690000000 0.996080000000 0.995300000000 0.996090000000 0.996130000000 0.996090000000 0.995590000000 0.996110000000 0.996100000000 0.996110000000 0.996100000000 0.996090000000 0.996110000000 0.996090000000 0.975990000000 0.995930000000 0.996000000000 0.996100000000 0.996020000000 0.996090000000 0.996090000000 0.996090000000 0.996040000000 0.996100000000 0.996090000000 0.996100000000 0.996070000000 0.996110000000 0.996050000000 0.996100000000 0.996090000000 0.996060000000 0.996120000000 0.996100000000 0.996060000000 0.996110000000 0.996140000000 0.996100000000 0.996120000000 0.996090000000 0.996100000000 0.996100000000 0.996100000000 0.996100000000 0.996090000000 0.996090000000 0.991760000000 0.996070000000 0.996060000000 0.996090000000 0.996000000000 0.996080000000 0.996080000000 0.996080000000 0.996160000000 0.996070000000 0.996070000000 0.996090000000 0.996090000000 0.996090000000 0.996100000000 0.996090000000 0.996060000000 0.996110000000 0.996090000000 0.996090000000 0.996200000000 0.996110000000 0.996100000000 0.996100000000 0.996100000000 0.996110000000 0.996130000000 0.996090000000 0.996110000000 0.996110000000 0.996070000000 0.996090000000 0.996170000000 0.996050000000 0.996060000000 0.996100000000 0.996180000000 0.996080000000 0.996040000000 0.996090000000 0.995950000000 0.996090000000 0.996100000000 0.996100000000 0.996110000000 0.996100000000 0.996100000000 0.996090000000 0.996130000000 0.996080000000 0.996090000000 0.996100000000 0.996110000000 0.996090000000 0.996110000000 0.996090000000 0.996090000000 0.996090000000 0.996040000000 0.996100000000 0.996070000000 0.996080000000 0.996080000000 0.996090000000 

N_obs: 160000

File Format:
1- most to least reliable channels (taken entropies)
2- most to least reliable channels (taken error probabilities)
3- channels entropies (flipped)
4- channels error probabilities (flipped)
5- number of MontCarlo simulations
