127 126 125 124 123 122 121 120 119 118 117 116 115 114 113 111 110 109 108 107 106 105 103 101 99 95 94 93 91 87 79 63 62 61 59 55 47 89 90 92 102 85 77 86 78 83 75 60 57 71 53 58 31 54 104 112 100 51 45 98 46 97 88 84 82 43 81 76 74 73 39 56 70 30 52 69 29 50 49 44 27 67 96 42 80 41 72 23 38 28 37 68 26 48 15 66 35 25 40 22 65 21 36 19 14 7 11 13 34 24 33 3 64 5 20 17 18 9 6 10 12 1 32 2 4 16 8 0 

127 126 125 124 123 122 121 120 119 118 117 116 115 114 113 111 110 109 108 107 106 105 103 101 99 95 94 93 91 87 79 63 62 61 59 55 47 89 90 92 102 85 77 86 78 83 75 60 57 71 53 58 31 54 104 100 112 51 98 88 45 46 97 84 82 43 81 76 74 73 39 56 70 30 52 69 29 50 49 44 67 27 96 42 80 41 72 38 23 37 28 68 26 48 66 35 15 25 40 65 22 36 21 34 19 14 24 33 13 64 11 20 7 18 17 32 12 10 3 6 1 9 16 0 4 5 8 2 

0.000000000000 0.000000000000 0.000000000000 0.000000000000 0.000000000000 0.000000000000 0.000000000000 0.000000000000 0.000000000000 0.000000000000 0.000000000000 0.000000000000 0.000000000000 0.000000000000 0.000000000000 0.000000395290 0.000000000000 0.000000000000 0.000000000000 0.000000000000 0.000000000000 0.000000000000 0.000000000000 0.000000070645 0.000000000000 0.000000000000 0.000000000000 0.000000414560 0.000000000000 0.000002097500 0.000002487900 0.008452600000 0.000000000000 0.000000000000 0.000000000000 0.000000000000 0.000000000000 0.000000000000 0.000000000000 0.000003351400 0.000000000000 0.000000000000 0.000000000000 0.000005024100 0.000000000000 0.000009503600 0.000022332000 0.018047000000 0.000000000000 0.000000000000 0.000000000000 0.000039436000 0.000000000000 0.000067828000 0.000124340000 0.040505000000 0.000000000145 0.000512360000 0.001012400000 0.089984000000 0.006904100000 0.181730000000 0.323510000000 0.759440000000 0.000000000000 0.000000000000 0.000000000000 0.000000000008 0.000000000000 0.000000001301 0.000000000048 0.000439280000 0.000000000000 0.000000023152 0.000000000722 0.000884400000 0.000000977740 0.001804900000 0.004017700000 0.152620000000 0.000000000000 0.000002260400 0.000001811500 0.004823300000 0.000013656000 0.010206000000 0.022083000000 0.284770000000 0.000360750000 0.042732000000 0.086684000000 0.456110000000 0.197880000000 0.594260000000 0.668750000000 0.924140000000 0.000000003689 0.000665690000 0.001346700000 0.077952000000 0.006095000000 0.143220000000 0.245400000000 0.652960000000 0.041549000000 0.307160000000 0.420050000000 0.772980000000 0.489120000000 0.795650000000 0.784620000000 0.968910000000 0.176960000000 0.521880000000 0.558280000000 0.855690000000 0.544560000000 0.825480000000 0.796010000000 0.972490000000 0.522860000000 0.815770000000 0.759910000000 0.961290000000 0.743470000000 0.932010000000 0.890650000000 0.997930000000 

0.000000000000 0.000000000000 0.000000000000 0.000000000000 0.000000000000 0.000000000000 0.000000000000 0.000000000000 0.000000000000 0.000000000000 0.000000000000 0.000000000000 0.000000000000 0.000000000000 0.000000000000 0.000000457830 0.000000000000 0.000000000000 0.000000000000 0.000000000000 0.000000000000 0.000000000000 0.000000000000 0.000000049674 0.000000000000 0.000000000000 0.000000000000 0.000000418940 0.000000000000 0.000003734600 0.000009104400 0.018623000000 0.000000000000 0.000000000000 0.000000000000 0.000000000000 0.000000000000 0.000000000000 0.000000000000 0.000004913200 0.000000000000 0.000000000000 0.000000000000 0.000010914000 0.000000000000 0.000018877000 0.000070677000 0.039363000000 0.000000000000 0.000000000000 0.000000000000 0.000088752000 0.000000000000 0.000192400000 0.000273320000 0.085916000000 0.000000000061 0.001142700000 0.002139200000 0.183000000000 0.014242000000 0.348440000000 0.549370000000 0.963080000000 0.000000000000 0.000000000000 0.000000000000 0.000000000002 0.000000000000 0.000000000692 0.000000000016 0.000977700000 0.000000000000 0.000000016380 0.000000000299 0.002058800000 0.000001377600 0.004169400000 0.008708800000 0.305910000000 0.000000000000 0.000007131300 0.000006102000 0.010985000000 0.000030333000 0.022469000000 0.045606000000 0.524140000000 0.000790090000 0.093983000000 0.171910000000 0.752230000000 0.386440000000 0.895790000000 0.955000000000 0.995560000000 0.000000001735 0.001758800000 0.003171900000 0.172920000000 0.014384000000 0.304180000000 0.467100000000 0.926460000000 0.097299000000 0.608370000000 0.765510000000 0.983250000000 0.896390000000 0.993420000000 0.994830000000 0.996090000000 0.436770000000 0.908930000000 0.960250000000 0.995640000000 0.983030000000 0.995970000000 0.996080000000 0.996100000000 0.990680000000 0.996070000000 0.996100000000 0.996100000000 0.996040000000 0.996110000000 0.996070000000 0.996090000000 

N_obs: 160000

File Format:
1- most to least reliable channels (taken entropies)
2- most to least reliable channels (taken error probabilities)
3- channels entropies (flipped)
4- channels error probabilities (flipped)
5- number of MontCarlo simulations
