127 126 125 124 123 122 121 120 119 118 117 116 115 113 111 110 109 107 103 95 94 93 91 87 79 63 62 61 59 55 114 108 106 102 105 90 92 101 99 89 47 86 85 83 78 77 75 60 58 57 112 71 54 53 104 100 98 88 51 31 97 84 46 82 45 81 76 74 43 73 56 70 52 30 39 69 50 29 96 49 44 80 67 42 27 72 41 23 38 68 28 37 15 48 26 66 35 25 7 65 22 40 11 19 21 13 14 36 3 34 33 5 9 17 24 6 10 18 20 64 12 1 2 32 4 8 16 0 

127 126 125 124 123 122 121 120 119 118 117 116 115 113 111 110 109 107 103 95 94 93 91 87 79 63 62 61 59 55 114 108 106 102 105 90 92 101 99 89 47 85 86 83 78 77 75 60 58 57 71 112 54 53 104 100 98 88 51 97 31 84 46 82 45 81 76 74 43 73 56 70 52 69 39 30 50 96 29 49 44 67 80 42 27 72 41 38 68 23 28 37 48 66 26 35 15 65 40 25 22 36 21 19 14 34 24 64 33 13 11 7 20 18 6 32 5 17 4 1 16 2 8 10 0 9 12 3 

0.000000000000 0.000000000000 0.000000000000 0.000000000000 0.000000000000 0.000000000000 0.000000000000 0.000000000000 0.000000000000 0.000000000000 0.000000000000 0.000000000000 0.000000000000 0.000000000000 0.000000000000 0.000002532700 0.000000000000 0.000000000000 0.000000000000 0.000000000000 0.000000000000 0.000000000000 0.000000000000 0.000005529500 0.000000000000 0.000000000000 0.000000000000 0.000015591000 0.000000000000 0.000021308000 0.000048807000 0.027294000000 0.000000000000 0.000000000000 0.000000000000 0.000000000000 0.000000000000 0.000000000000 0.000000000000 0.000032863000 0.000000000000 0.000000000000 0.000000000000 0.000071442000 0.000000000006 0.000149610000 0.000312280000 0.059144000000 0.000000000000 0.000000000029 0.000000000285 0.000491290000 0.000000004891 0.001006100000 0.002277400000 0.128150000000 0.000002994600 0.006514900000 0.014598000000 0.251310000000 0.060114000000 0.406110000000 0.548790000000 0.875090000000 0.000000000000 0.000000000000 0.000000000000 0.000000085238 0.000000000000 0.000000097785 0.000000472160 0.004070400000 0.000000000000 0.000003619400 0.000004475700 0.008307200000 0.000036208000 0.017192000000 0.037772000000 0.355950000000 0.000000000000 0.000132090000 0.000249470000 0.038743000000 0.001213500000 0.075096000000 0.145190000000 0.554140000000 0.013467000000 0.201030000000 0.317560000000 0.709480000000 0.432360000000 0.767630000000 0.771650000000 0.964720000000 0.000043709000 0.012438000000 0.026447000000 0.265360000000 0.076109000000 0.393230000000 0.499610000000 0.830620000000 0.197140000000 0.550310000000 0.584400000000 0.871710000000 0.584070000000 0.851470000000 0.824800000000 0.981940000000 0.321560000000 0.642970000000 0.622450000000 0.893860000000 0.582350000000 0.849320000000 0.816080000000 0.979260000000 0.548500000000 0.834250000000 0.773360000000 0.969040000000 0.757820000000 0.936770000000 0.895290000000 0.998570000000 

0.000000000000 0.000000000000 0.000000000000 0.000000000000 0.000000000000 0.000000000000 0.000000000000 0.000000000000 0.000000000000 0.000000000000 0.000000000000 0.000000000000 0.000000000000 0.000000000000 0.000000000000 0.000004030100 0.000000000000 0.000000000000 0.000000000000 0.000000000000 0.000000000000 0.000000000000 0.000000000000 0.000013583000 0.000000000000 0.000000000000 0.000000000000 0.000032384000 0.000000000000 0.000050702000 0.000137970000 0.058419000000 0.000000000000 0.000000000000 0.000000000000 0.000000000000 0.000000000000 0.000000000000 0.000000000000 0.000063415000 0.000000000000 0.000000000000 0.000000000000 0.000153650000 0.000000000002 0.000313600000 0.000679970000 0.122890000000 0.000000000000 0.000000000010 0.000000000120 0.001121200000 0.000000002606 0.002181800000 0.004827300000 0.254000000000 0.000003509000 0.014181000000 0.029326000000 0.461000000000 0.117410000000 0.686190000000 0.841960000000 0.991620000000 0.000000000000 0.000000000000 0.000000000000 0.000000060644 0.000000000000 0.000000064408 0.000000403340 0.009339100000 0.000000000000 0.000009427700 0.000013170000 0.018654000000 0.000089320000 0.038043000000 0.076041000000 0.624410000000 0.000000000000 0.000297010000 0.000530590000 0.085292000000 0.002710900000 0.161300000000 0.278660000000 0.845500000000 0.030473000000 0.409920000000 0.582590000000 0.956160000000 0.791130000000 0.986630000000 0.992060000000 0.996080000000 0.000140890000 0.031028000000 0.061094000000 0.530990000000 0.172190000000 0.726070000000 0.850210000000 0.990550000000 0.463050000000 0.917570000000 0.962590000000 0.995660000000 0.983000000000 0.996050000000 0.996090000000 0.996090000000 0.795660000000 0.986260000000 0.992090000000 0.996100000000 0.994500000000 0.996090000000 0.996100000000 0.996090000000 0.995160000000 0.996080000000 0.996080000000 0.996090000000 0.996120000000 0.996090000000 0.996090000000 0.996090000000 

N_obs: 160000

File Format:
1- most to least reliable channels (taken entropies)
2- most to least reliable channels (taken error probabilities)
3- channels entropies (flipped)
4- channels error probabilities (flipped)
5- number of MontCarlo simulations
