127 125 126 123 119 111 124 122 121 118 117 115 95 110 109 120 107 116 94 114 103 63 93 108 113 91 106 87 31 79 47 105 55 62 59 102 61 15 92 23 101 39 71 99 27 43 75 112 90 7 29 83 45 89 77 51 85 30 11 86 53 46 78 54 57 13 19 21 58 35 67 37 104 14 69 60 5 3 22 25 41 73 97 38 70 26 81 98 100 49 42 74 6 82 9 17 50 28 33 65 10 44 76 1 84 88 52 18 34 66 2 12 56 20 36 68 24 40 72 96 80 48 4 8 16 32 64 0 

127 125 126 123 119 111 124 122 121 118 117 115 95 110 109 120 107 116 114 94 103 113 93 108 63 106 91 105 102 87 92 112 101 62 79 90 99 61 104 89 59 86 55 85 100 47 83 31 78 98 77 60 97 75 88 71 15 43 58 35 51 69 25 41 26 76 81 53 49 73 13 54 23 5 42 12 84 19 56 82 96 68 1 66 80 65 72 18 44 36 70 28 64 16 17 20 32 48 37 38 0 6 74 8 21 33 14 57 2 24 40 10 4 52 29 9 34 46 50 39 22 30 11 27 3 45 7 67 

0.000000000000 0.000000000000 0.000000000000 0.000012419000 0.000000000000 0.000030243000 0.000072234000 0.022103000000 0.000000000000 0.000138130000 0.000304800000 0.044858000000 0.001456500000 0.087261000000 0.169990000000 0.604230000000 0.000001465500 0.003034800000 0.006669200000 0.161390000000 0.024800000000 0.265400000000 0.396250000000 0.775440000000 0.104080000000 0.452410000000 0.543370000000 0.850850000000 0.574850000000 0.848830000000 0.825850000000 0.982230000000 0.001920300000 0.079266000000 0.144070000000 0.512160000000 0.254020000000 0.613480000000 0.644840000000 0.908780000000 0.350320000000 0.675690000000 0.651130000000 0.908400000000 0.628610000000 0.877120000000 0.843960000000 0.987400000000 0.381720000000 0.685670000000 0.647770000000 0.907430000000 0.598190000000 0.859080000000 0.824520000000 0.981960000000 0.556560000000 0.839920000000 0.777410000000 0.971350000000 0.760480000000 0.937590000000 0.895840000000 0.998670000000 0.136260000000 0.428190000000 0.452610000000 0.779380000000 0.443260000000 0.746430000000 0.721540000000 0.945560000000 0.418460000000 0.720900000000 0.675900000000 0.920780000000 0.648930000000 0.888050000000 0.852160000000 0.989570000000 0.385860000000 0.684810000000 0.641860000000 0.904370000000 0.591220000000 0.854260000000 0.818880000000 0.979870000000 0.549130000000 0.833730000000 0.771640000000 0.967660000000 0.753750000000 0.935410000000 0.892970000000 0.998310000000 0.362900000000 0.654820000000 0.617560000000 0.888410000000 0.575180000000 0.843890000000 0.811250000000 0.975900000000 0.514240000000 0.804240000000 0.746040000000 0.953350000000 0.734940000000 0.928750000000 0.887420000000 0.997540000000 0.460840000000 0.775910000000 0.731730000000 0.945350000000 0.672530000000 0.899620000000 0.882560000000 0.997090000000 0.615070000000 0.875050000000 0.791400000000 0.992530000000 0.795930000000 0.943600000000 0.907590000000 0.999690000000 

0.000000000000 0.000000000000 0.000000000000 0.000028621000 0.000000000000 0.000065212000 0.000161820000 0.046991000000 0.000000000000 0.000288000000 0.000626350000 0.093778000000 0.003065900000 0.176550000000 0.308250000000 0.873910000000 0.000003414500 0.006895600000 0.014398000000 0.322450000000 0.052545000000 0.502170000000 0.674350000000 0.972820000000 0.225700000000 0.785280000000 0.891930000000 0.993120000000 0.954770000000 0.995530000000 0.995780000000 0.996090000000 0.004919100000 0.192690000000 0.317770000000 0.854180000000 0.559010000000 0.946670000000 0.975000000000 0.995900000000 0.812400000000 0.987570000000 0.992460000000 0.996080000000 0.994420000000 0.996090000000 0.996070000000 0.996090000000 0.939180000000 0.995090000000 0.995580000000 0.996070000000 0.995860000000 0.996090000000 0.996070000000 0.996090000000 0.995910000000 0.996090000000 0.996060000000 0.996090000000 0.996150000000 0.996090000000 0.996090000000 0.996090000000 0.437500000000 0.906120000000 0.957850000000 0.995590000000 0.983450000000 0.996040000000 0.996100000000 0.996080000000 0.991150000000 0.996080000000 0.996070000000 0.996100000000 0.996060000000 0.996110000000 0.996070000000 0.996090000000 0.994160000000 0.996110000000 0.996130000000 0.996090000000 0.996000000000 0.996080000000 0.996070000000 0.996100000000 0.996110000000 0.996090000000 0.996090000000 0.996090000000 0.996050000000 0.996110000000 0.996100000000 0.996090000000 0.994910000000 0.996120000000 0.996100000000 0.996090000000 0.996120000000 0.996070000000 0.996070000000 0.996100000000 0.996080000000 0.996120000000 0.996100000000 0.996090000000 0.996080000000 0.996090000000 0.996090000000 0.996090000000 0.996000000000 0.996100000000 0.996080000000 0.996080000000 0.996120000000 0.996100000000 0.996100000000 0.996100000000 0.996130000000 0.996090000000 0.996080000000 0.996100000000 0.996130000000 0.996100000000 0.996090000000 0.996090000000 

N_obs: 160000

File Format:
1- most to least reliable channels (taken entropies)
2- most to least reliable channels (taken error probabilities)
3- channels entropies (flipped)
4- channels error probabilities (flipped)
5- number of MontCarlo simulations
