127 126 125 124 123 122 121 119 118 117 115 111 110 109 107 103 95 94 93 91 87 63 120 114 116 113 106 108 79 61 101 102 105 62 92 90 59 99 86 89 85 55 83 78 77 112 47 104 60 75 100 58 98 57 88 97 54 84 53 71 82 81 76 31 51 46 74 45 56 73 43 96 52 70 30 50 39 69 80 29 44 27 15 49 23 67 42 72 7 41 11 35 38 37 19 13 21 68 28 14 25 22 26 66 3 65 5 48 9 33 6 17 10 34 40 18 1 36 12 20 2 24 64 4 8 32 16 0 

127 126 125 124 123 122 121 119 118 117 115 111 110 109 107 103 95 94 93 91 87 63 120 114 116 113 106 108 79 61 101 102 105 62 92 90 59 99 86 89 85 55 83 78 77 112 104 47 60 75 100 58 98 57 88 97 54 84 53 71 82 81 76 51 31 46 74 45 56 73 96 43 70 52 69 50 30 80 39 49 44 29 67 72 42 27 41 68 23 38 28 48 15 37 66 35 65 26 25 40 22 21 19 13 14 7 36 11 33 34 10 64 24 18 9 12 5 20 8 4 16 0 2 17 3 32 1 6 

0.000000000000 0.000000000000 0.000000000000 0.000000000000 0.000000000000 0.000000000000 0.000000000000 0.000000000000 0.000000000000 0.000000000000 0.000000000000 0.000000000001 0.000000000000 0.000000000001 0.000000000001 0.000162770000 0.000000000000 0.000000000000 0.000000000000 0.000000000010 0.000000000000 0.000000000005 0.000000001443 0.000346690000 0.000000000000 0.000000000809 0.000000000197 0.000685330000 0.000000051174 0.001493300000 0.003508200000 0.168040000000 0.000000000000 0.000000000000 0.000000000000 0.000000019593 0.000000000000 0.000000021335 0.000000656800 0.002339400000 0.000000000000 0.000000256670 0.000002048500 0.005109000000 0.000009069600 0.010790000000 0.024177000000 0.325340000000 0.000000000017 0.000054221000 0.000104410000 0.028890000000 0.000587910000 0.057561000000 0.117180000000 0.533970000000 0.009112200000 0.178440000000 0.296290000000 0.703930000000 0.429750000000 0.773060000000 0.778330000000 0.967270000000 0.000000000000 0.000000005504 0.000000000041 0.000374330000 0.000000026411 0.000789940000 0.001608300000 0.093371000000 0.000002114800 0.003839500000 0.007993600000 0.174610000000 0.029920000000 0.286070000000 0.418690000000 0.791350000000 0.000328090000 0.037268000000 0.074690000000 0.404060000000 0.163030000000 0.528750000000 0.602360000000 0.887420000000 0.293370000000 0.644090000000 0.645270000000 0.905250000000 0.635530000000 0.881960000000 0.851040000000 0.989360000000 0.028941000000 0.246750000000 0.345200000000 0.704470000000 0.411330000000 0.728660000000 0.716240000000 0.942250000000 0.421930000000 0.727080000000 0.684430000000 0.924930000000 0.657710000000 0.892960000000 0.856630000000 0.990780000000 0.414660000000 0.716020000000 0.675250000000 0.921120000000 0.621650000000 0.873320000000 0.839130000000 0.986710000000 0.579150000000 0.854690000000 0.787040000000 0.979190000000 0.774700000000 0.940980000000 0.900640000000 0.999190000000 

0.000000000000 0.000000000000 0.000000000000 0.000000000000 0.000000000000 0.000000000000 0.000000000000 0.000000000000 0.000000000000 0.000000000000 0.000000000000 0.000000000000 0.000000000000 0.000000000000 0.000000000000 0.000333500000 0.000000000000 0.000000000000 0.000000000000 0.000000000003 0.000000000000 0.000000000001 0.000000000779 0.000784840000 0.000000000000 0.000000000389 0.000000000075 0.001549600000 0.000000045296 0.003146000000 0.007245700000 0.322590000000 0.000000000000 0.000000000000 0.000000000000 0.000000011451 0.000000000000 0.000000014074 0.000000741540 0.005054600000 0.000000000000 0.000000197880 0.000002777800 0.010872000000 0.000019445000 0.022852000000 0.047242000000 0.565630000000 0.000000000006 0.000117870000 0.000214590000 0.061617000000 0.001309100000 0.118580000000 0.217060000000 0.813480000000 0.019489000000 0.353220000000 0.527160000000 0.945770000000 0.761190000000 0.984190000000 0.991360000000 0.996080000000 0.000000000000 0.000000003186 0.000000000014 0.000832080000 0.000000015137 0.001873700000 0.003710400000 0.199650000000 0.000004617300 0.009156500000 0.017963000000 0.353970000000 0.064631000000 0.543120000000 0.715350000000 0.978780000000 0.000807020000 0.089329000000 0.162140000000 0.719850000000 0.349460000000 0.868640000000 0.937590000000 0.995030000000 0.651940000000 0.967010000000 0.984190000000 0.996050000000 0.990900000000 0.996070000000 0.996070000000 0.996100000000 0.078514000000 0.562140000000 0.725220000000 0.977820000000 0.879880000000 0.992490000000 0.994290000000 0.996080000000 0.958950000000 0.995650000000 0.995800000000 0.996090000000 0.995980000000 0.996080000000 0.996090000000 0.996090000000 0.983280000000 0.996040000000 0.996030000000 0.996080000000 0.996060000000 0.996070000000 0.996080000000 0.996090000000 0.996040000000 0.996140000000 0.996090000000 0.996090000000 0.996100000000 0.996090000000 0.996130000000 0.996090000000 

N_obs: 160000

File Format:
1- most to least reliable channels (taken entropies)
2- most to least reliable channels (taken error probabilities)
3- channels entropies (flipped)
4- channels error probabilities (flipped)
5- number of MontCarlo simulations
