127 126 125 123 119 124 122 111 121 118 117 95 115 110 63 120 109 31 107 47 79 103 55 87 116 15 94 59 91 93 61 23 62 39 114 71 27 43 7 75 29 113 45 30 51 83 11 77 108 99 53 85 46 101 105 78 106 13 54 102 57 21 86 19 89 35 67 58 90 37 14 69 5 3 92 22 25 41 60 73 38 26 70 49 81 42 97 74 6 9 17 28 33 50 65 82 10 98 1 112 44 76 52 84 18 100 34 66 2 104 12 56 20 88 36 24 68 40 72 48 80 4 96 8 16 32 64 0 

127 126 125 123 119 124 122 111 121 118 117 115 95 110 120 109 116 107 114 94 63 103 113 93 108 91 106 87 105 79 62 102 61 112 101 92 99 59 15 89 27 23 30 47 31 90 5 38 75 37 84 57 29 104 53 41 100 28 9 25 33 70 50 65 81 98 97 69 40 66 73 26 21 17 56 68 96 88 67 72 18 16 32 64 48 24 0 13 36 2 12 8 10 80 44 52 49 3 39 4 1 34 46 74 20 55 86 85 76 11 42 60 14 22 82 19 35 45 43 54 71 6 83 77 58 51 7 78 

0.000000000000 0.000001534800 0.000003536100 0.005652300000 0.000016265000 0.011554000000 0.024986000000 0.288350000000 0.000454840000 0.045059000000 0.090078000000 0.451350000000 0.194840000000 0.578600000000 0.647510000000 0.911810000000 0.015926000000 0.201940000000 0.308680000000 0.685040000000 0.399480000000 0.729380000000 0.723180000000 0.944810000000 0.436890000000 0.748000000000 0.706560000000 0.935690000000 0.685730000000 0.907600000000 0.869540000000 0.993880000000 0.152690000000 0.466050000000 0.494650000000 0.811220000000 0.483210000000 0.779340000000 0.753750000000 0.957500000000 0.449920000000 0.751020000000 0.701890000000 0.933140000000 0.674710000000 0.901240000000 0.862530000000 0.992220000000 0.424610000000 0.725170000000 0.683240000000 0.924640000000 0.626880000000 0.876060000000 0.841730000000 0.987440000000 0.580700000000 0.855880000000 0.787230000000 0.979650000000 0.774530000000 0.940900000000 0.900430000000 0.999190000000 0.273910000000 0.554870000000 0.516570000000 0.829420000000 0.480180000000 0.776860000000 0.748420000000 0.956070000000 0.443100000000 0.744610000000 0.696570000000 0.930850000000 0.669530000000 0.898960000000 0.859790000000 0.991380000000 0.401630000000 0.702600000000 0.659440000000 0.913480000000 0.605720000000 0.863060000000 0.826210000000 0.982450000000 0.564530000000 0.844910000000 0.779360000000 0.973490000000 0.765010000000 0.938630000000 0.896900000000 0.998830000000 0.373900000000 0.665020000000 0.632540000000 0.895410000000 0.590200000000 0.853440000000 0.819200000000 0.977880000000 0.525870000000 0.813110000000 0.750480000000 0.957180000000 0.752260000000 0.934730000000 0.893610000000 0.998470000000 0.464290000000 0.782570000000 0.738150000000 0.947420000000 0.675310000000 0.902320000000 0.890410000000 0.998250000000 0.620480000000 0.877340000000 0.789490000000 0.993780000000 0.799080000000 0.943620000000 0.908680000000 0.999730000000 

0.000000000000 0.000002483400 0.000008055600 0.013359000000 0.000034610000 0.026267000000 0.052985000000 0.537600000000 0.001052600000 0.101330000000 0.183390000000 0.756800000000 0.392820000000 0.894240000000 0.952020000000 0.995460000000 0.039552000000 0.444130000000 0.616920000000 0.959710000000 0.810220000000 0.987210000000 0.992300000000 0.996070000000 0.927460000000 0.994730000000 0.995470000000 0.996080000000 0.995640000000 0.996080000000 0.996080000000 0.996090000000 0.441830000000 0.909510000000 0.959590000000 0.995630000000 0.983190000000 0.996060000000 0.996010000000 0.996090000000 0.991360000000 0.996110000000 0.996110000000 0.996070000000 0.996140000000 0.996120000000 0.996080000000 0.996100000000 0.993690000000 0.996200000000 0.996140000000 0.996110000000 0.996070000000 0.996110000000 0.996090000000 0.996090000000 0.996130000000 0.996080000000 0.996080000000 0.996090000000 0.996090000000 0.996090000000 0.996080000000 0.996090000000 0.920910000000 0.994340000000 0.995310000000 0.996120000000 0.995790000000 0.996140000000 0.996070000000 0.996090000000 0.996110000000 0.996130000000 0.996080000000 0.996100000000 0.996170000000 0.996080000000 0.996100000000 0.996090000000 0.996030000000 0.996110000000 0.996120000000 0.996100000000 0.996120000000 0.996120000000 0.996080000000 0.996080000000 0.996100000000 0.996060000000 0.996070000000 0.996090000000 0.996120000000 0.996100000000 0.996080000000 0.996090000000 0.996030000000 0.996030000000 0.996070000000 0.996080000000 0.996010000000 0.996090000000 0.996080000000 0.996090000000 0.996030000000 0.996120000000 0.996090000000 0.996110000000 0.996120000000 0.996090000000 0.996090000000 0.996090000000 0.995890000000 0.996120000000 0.996090000000 0.996090000000 0.996120000000 0.996100000000 0.996080000000 0.996090000000 0.996170000000 0.996130000000 0.996060000000 0.996100000000 0.996100000000 0.996090000000 0.996100000000 0.996090000000 

N_obs: 160000

File Format:
1- most to least reliable channels (taken entropies)
2- most to least reliable channels (taken error probabilities)
3- channels entropies (flipped)
4- channels error probabilities (flipped)
5- number of MontCarlo simulations
