127 126 125 124 123 121 119 118 111 95 122 110 115 109 117 107 103 93 63 94 91 120 116 87 114 113 108 106 105 102 101 92 79 62 90 99 61 89 86 59 112 85 104 55 83 100 78 60 98 77 88 58 47 97 75 84 57 31 54 71 82 53 15 23 51 39 76 81 46 43 27 45 29 30 7 74 11 56 73 96 67 69 19 13 70 35 21 37 14 52 22 49 41 25 3 50 38 5 42 26 44 80 28 9 65 6 17 33 10 66 1 18 72 34 68 12 20 2 36 48 40 24 4 8 64 16 32 0 

127 126 125 124 123 121 119 118 111 95 122 110 115 109 117 107 103 93 63 94 91 120 116 114 113 87 108 106 105 102 101 92 79 62 90 99 61 89 86 59 112 85 104 83 100 55 78 98 60 77 88 58 97 84 75 47 57 82 54 71 81 53 76 31 96 51 74 46 56 73 45 70 43 52 80 30 39 69 67 29 50 27 49 15 23 72 44 13 68 10 19 6 35 17 42 25 48 38 7 12 5 2 16 14 40 24 28 37 8 66 0 4 32 64 36 1 26 34 20 9 33 65 3 11 18 22 41 21 

0.000000000000 0.000000000000 0.000000000000 0.000000000000 0.000000000000 0.000000000000 0.000000000000 0.000000455950 0.000000000000 0.000000000000 0.000000000000 0.000000990510 0.000000000000 0.000007520100 0.000010930000 0.013184000000 0.000000000000 0.000000000000 0.000000000000 0.000014085000 0.000000000000 0.000031070000 0.000064137000 0.027231000000 0.000000000003 0.000171010000 0.000378580000 0.056639000000 0.002340800000 0.112980000000 0.217240000000 0.672620000000 0.000000000000 0.000000010874 0.000000000349 0.000731800000 0.000000197330 0.001641100000 0.003325700000 0.135740000000 0.000006273100 0.007580200000 0.016003000000 0.243010000000 0.054887000000 0.376400000000 0.510960000000 0.848720000000 0.001050900000 0.066523000000 0.126340000000 0.509430000000 0.241550000000 0.622440000000 0.668590000000 0.920410000000 0.365920000000 0.708440000000 0.688840000000 0.927350000000 0.674920000000 0.902670000000 0.867080000000 0.993320000000 0.000000002890 0.001141800000 0.002378800000 0.094426000000 0.009680700000 0.167270000000 0.272060000000 0.665980000000 0.054314000000 0.331120000000 0.431570000000 0.775320000000 0.484310000000 0.788330000000 0.775710000000 0.966020000000 0.186740000000 0.513710000000 0.535410000000 0.840560000000 0.518300000000 0.806310000000 0.778070000000 0.966200000000 0.491620000000 0.789600000000 0.737460000000 0.949880000000 0.716250000000 0.921300000000 0.880380000000 0.996160000000 0.292400000000 0.591760000000 0.561570000000 0.857190000000 0.526110000000 0.811070000000 0.782240000000 0.967340000000 0.477990000000 0.775350000000 0.724050000000 0.942640000000 0.698620000000 0.912800000000 0.872510000000 0.994600000000 0.445710000000 0.751120000000 0.707110000000 0.935610000000 0.649780000000 0.888490000000 0.859850000000 0.992500000000 0.598230000000 0.867210000000 0.792640000000 0.987040000000 0.786540000000 0.942850000000 0.904460000000 0.999510000000 

0.000000000000 0.000000000000 0.000000000000 0.000000000000 0.000000000000 0.000000000000 0.000000000000 0.000000338190 0.000000000000 0.000000000000 0.000000000000 0.000000963850 0.000000000000 0.000014228000 0.000018628000 0.027402000000 0.000000000000 0.000000000000 0.000000000000 0.000029856000 0.000000000000 0.000076017000 0.000159470000 0.056176000000 0.000000000001 0.000345810000 0.000795050000 0.113910000000 0.004740700000 0.218850000000 0.375360000000 0.915020000000 0.000000000000 0.000000006824 0.000000000143 0.001613900000 0.000000215510 0.003590100000 0.006963000000 0.266710000000 0.000019302000 0.016601000000 0.032674000000 0.450790000000 0.109350000000 0.654040000000 0.804410000000 0.988250000000 0.002458000000 0.148130000000 0.252360000000 0.817300000000 0.483980000000 0.927610000000 0.967390000000 0.995770000000 0.764210000000 0.983630000000 0.991230000000 0.996060000000 0.993720000000 0.996090000000 0.996110000000 0.996100000000 0.000000001553 0.003014100000 0.005963100000 0.219400000000 0.023866000000 0.369520000000 0.537860000000 0.944300000000 0.134850000000 0.669790000000 0.811470000000 0.987180000000 0.916060000000 0.994250000000 0.995130000000 0.996080000000 0.498930000000 0.927830000000 0.967750000000 0.995780000000 0.984830000000 0.996080000000 0.996130000000 0.996090000000 0.991190000000 0.996080000000 0.996090000000 0.996100000000 0.996070000000 0.996100000000 0.996110000000 0.996090000000 0.853620000000 0.990700000000 0.993760000000 0.996090000000 0.994970000000 0.996100000000 0.996080000000 0.996090000000 0.995670000000 0.996130000000 0.996180000000 0.996110000000 0.996070000000 0.996120000000 0.996070000000 0.996090000000 0.995640000000 0.996090000000 0.996020000000 0.996080000000 0.996120000000 0.996060000000 0.996110000000 0.996090000000 0.996080000000 0.996070000000 0.996080000000 0.996090000000 0.996110000000 0.996080000000 0.996100000000 0.996090000000 

N_obs: 160000

File Format:
1- most to least reliable channels (taken entropies)
2- most to least reliable channels (taken error probabilities)
3- channels entropies (flipped)
4- channels error probabilities (flipped)
5- number of MontCarlo simulations
