127 126 125 123 119 124 111 122 63 95 31 121 47 79 55 118 15 87 59 103 91 117 23 61 115 107 93 109 62 39 110 71 27 94 43 7 29 75 30 11 45 51 83 77 53 46 85 99 13 78 101 21 54 57 120 19 86 35 89 67 37 5 14 69 105 58 113 3 102 90 22 114 106 25 41 116 60 73 38 92 26 49 70 108 42 81 6 97 74 9 17 28 33 65 10 50 1 82 44 98 76 52 18 34 84 66 2 12 100 56 20 88 104 112 24 36 40 68 72 48 80 4 96 8 16 32 64 0 

127 126 125 123 119 124 122 111 121 118 117 95 115 110 120 63 109 107 103 116 94 93 91 114 59 87 113 79 62 29 57 61 99 35 83 43 106 89 26 15 56 14 46 49 76 5 108 30 101 97 75 25 21 52 18 50 70 112 38 22 37 17 48 88 92 28 86 74 12 40 2 41 60 6 84 96 80 42 98 34 54 16 8 44 32 0 64 66 45 68 23 100 4 82 36 33 72 24 85 19 10 90 11 73 20 3 77 27 104 9 65 102 81 71 105 39 51 1 31 55 69 13 78 7 58 67 53 47 

0.000004914900 0.004385900000 0.009676700000 0.175390000000 0.034688000000 0.285940000000 0.401550000000 0.766540000000 0.129560000000 0.464600000000 0.524110000000 0.835060000000 0.536730000000 0.821820000000 0.799720000000 0.974300000000 0.269850000000 0.589390000000 0.576050000000 0.866700000000 0.541120000000 0.822120000000 0.791560000000 0.971010000000 0.508130000000 0.802850000000 0.748200000000 0.954970000000 0.725020000000 0.925060000000 0.883150000000 0.996670000000 0.312790000000 0.602410000000 0.563550000000 0.858760000000 0.523520000000 0.808710000000 0.781000000000 0.967150000000 0.473330000000 0.772450000000 0.720960000000 0.941570000000 0.692850000000 0.910340000000 0.869760000000 0.993950000000 0.441830000000 0.746980000000 0.703130000000 0.934030000000 0.644870000000 0.885830000000 0.855500000000 0.991400000000 0.595420000000 0.865150000000 0.791450000000 0.985530000000 0.783820000000 0.942470000000 0.903450000000 0.999450000000 0.297380000000 0.581360000000 0.534690000000 0.842830000000 0.499510000000 0.791970000000 0.761250000000 0.960810000000 0.460160000000 0.760780000000 0.710590000000 0.937690000000 0.683050000000 0.905590000000 0.864310000000 0.992360000000 0.412510000000 0.717220000000 0.672420000000 0.920520000000 0.614030000000 0.868840000000 0.832660000000 0.984910000000 0.581370000000 0.856100000000 0.786000000000 0.980030000000 0.776480000000 0.941200000000 0.900860000000 0.999260000000 0.382590000000 0.672000000000 0.644530000000 0.900540000000 0.600270000000 0.860440000000 0.825270000000 0.979300000000 0.533420000000 0.819480000000 0.751110000000 0.961440000000 0.768260000000 0.939280000000 0.898940000000 0.999110000000 0.466360000000 0.787880000000 0.741470000000 0.948290000000 0.672210000000 0.903950000000 0.896700000000 0.999010000000 0.623910000000 0.878720000000 0.787240000000 0.994510000000 0.801560000000 0.943580000000 0.909490000000 0.999770000000 

0.000012869000 0.011520000000 0.023807000000 0.386480000000 0.083719000000 0.583280000000 0.746160000000 0.981200000000 0.319600000000 0.849350000000 0.926840000000 0.994610000000 0.968990000000 0.995840000000 0.995990000000 0.996090000000 0.724830000000 0.977840000000 0.988780000000 0.996080000000 0.993040000000 0.996070000000 0.996110000000 0.996100000000 0.994520000000 0.996100000000 0.996080000000 0.996100000000 0.996050000000 0.996090000000 0.996080000000 0.996090000000 0.944870000000 0.995400000000 0.995630000000 0.996090000000 0.995840000000 0.996100000000 0.996070000000 0.996090000000 0.995930000000 0.996090000000 0.996100000000 0.996090000000 0.996050000000 0.996100000000 0.996110000000 0.996090000000 0.996000000000 0.996130000000 0.996100000000 0.996080000000 0.996080000000 0.996090000000 0.996100000000 0.996100000000 0.996110000000 0.996090000000 0.996120000000 0.996090000000 0.996140000000 0.996090000000 0.996100000000 0.996090000000 0.987400000000 0.996010000000 0.996040000000 0.996090000000 0.995910000000 0.996140000000 0.996020000000 0.996080000000 0.996120000000 0.996090000000 0.996140000000 0.996080000000 0.996110000000 0.996090000000 0.996080000000 0.996090000000 0.996250000000 0.996080000000 0.996090000000 0.996090000000 0.996060000000 0.996090000000 0.996090000000 0.996090000000 0.996110000000 0.996090000000 0.996090000000 0.996100000000 0.996050000000 0.996090000000 0.996100000000 0.996090000000 0.996120000000 0.996080000000 0.996020000000 0.996090000000 0.996100000000 0.996070000000 0.996080000000 0.996100000000 0.996100000000 0.996090000000 0.996080000000 0.996100000000 0.996100000000 0.996090000000 0.996090000000 0.996090000000 0.996070000000 0.996080000000 0.996120000000 0.996090000000 0.996100000000 0.996100000000 0.996100000000 0.996090000000 0.996130000000 0.996090000000 0.996080000000 0.996100000000 0.996100000000 0.996090000000 0.996120000000 0.996090000000 

N_obs: 160000

File Format:
1- most to least reliable channels (taken entropies)
2- most to least reliable channels (taken error probabilities)
3- channels entropies (flipped)
4- channels error probabilities (flipped)
5- number of MontCarlo simulations
