127 126 125 123 119 124 122 111 121 118 117 95 63 115 110 31 120 47 109 79 55 87 107 103 15 59 91 61 93 94 23 62 39 116 71 27 43 7 75 29 45 30 114 51 11 83 77 99 53 113 46 85 101 78 13 54 105 21 57 19 86 108 89 35 106 102 67 58 37 14 69 5 90 3 22 25 41 92 60 73 38 26 70 49 81 42 97 6 74 9 17 28 33 50 65 10 82 1 98 44 76 52 84 18 112 34 66 100 2 12 104 56 20 88 36 24 68 40 72 48 80 4 96 8 16 32 64 0 

127 126 125 123 119 124 122 111 121 118 117 115 95 110 120 109 116 107 63 114 94 103 113 93 108 91 87 106 79 105 62 61 102 59 101 55 7 92 3 112 31 99 51 83 42 45 21 77 14 82 25 39 19 73 27 41 6 67 47 65 33 49 15 57 18 56 75 40 48 26 72 24 80 64 54 32 8 81 96 20 0 85 4 50 68 16 98 89 104 46 43 22 35 12 71 9 76 53 34 37 69 86 74 66 17 36 84 58 38 52 30 11 28 10 29 100 2 44 88 78 5 90 97 60 70 1 13 23 

0.000000000000 0.000016423000 0.000029661000 0.014956000000 0.000140620000 0.030520000000 0.063130000000 0.404050000000 0.002801400000 0.100270000000 0.180740000000 0.574940000000 0.302580000000 0.671700000000 0.701960000000 0.936460000000 0.046113000000 0.309560000000 0.409580000000 0.758170000000 0.459990000000 0.767650000000 0.748430000000 0.955080000000 0.463930000000 0.767950000000 0.720660000000 0.942010000000 0.698440000000 0.913320000000 0.873890000000 0.994830000000 0.212200000000 0.523660000000 0.521230000000 0.830100000000 0.497100000000 0.789720000000 0.763010000000 0.960730000000 0.456550000000 0.756860000000 0.707840000000 0.935370000000 0.678610000000 0.903810000000 0.864580000000 0.992700000000 0.428120000000 0.730440000000 0.687910000000 0.926920000000 0.631480000000 0.878340000000 0.844760000000 0.988400000000 0.585260000000 0.858170000000 0.788660000000 0.981080000000 0.777110000000 0.941370000000 0.901180000000 0.999250000000 0.282840000000 0.562960000000 0.520910000000 0.832940000000 0.485480000000 0.780730000000 0.751700000000 0.957230000000 0.447110000000 0.748320000000 0.700460000000 0.932480000000 0.673100000000 0.900470000000 0.860940000000 0.991630000000 0.404940000000 0.706510000000 0.662530000000 0.915060000000 0.606910000000 0.864690000000 0.827790000000 0.982940000000 0.568850000000 0.847550000000 0.781000000000 0.974800000000 0.767440000000 0.939220000000 0.897700000000 0.998930000000 0.375750000000 0.666410000000 0.635740000000 0.896840000000 0.592790000000 0.854920000000 0.820600000000 0.978180000000 0.527820000000 0.814880000000 0.750330000000 0.958000000000 0.755790000000 0.935900000000 0.894830000000 0.998630000000 0.464680000000 0.783820000000 0.739310000000 0.947780000000 0.675380000000 0.902830000000 0.891860000000 0.998450000000 0.621120000000 0.877570000000 0.788780000000 0.993980000000 0.799940000000 0.943630000000 0.908890000000 0.999740000000 

0.000000000000 0.000043805000 0.000062159000 0.034991000000 0.000310830000 0.069884000000 0.131270000000 0.702310000000 0.006586800000 0.223260000000 0.360870000000 0.881150000000 0.600990000000 0.958600000000 0.980370000000 0.996020000000 0.117550000000 0.645120000000 0.793640000000 0.986100000000 0.912950000000 0.994150000000 0.995020000000 0.996100000000 0.966250000000 0.995740000000 0.995880000000 0.996110000000 0.996030000000 0.996100000000 0.996120000000 0.996090000000 0.624090000000 0.961060000000 0.982430000000 0.996020000000 0.990850000000 0.996120000000 0.996100000000 0.996120000000 0.993800000000 0.996100000000 0.996100000000 0.996100000000 0.996040000000 0.996070000000 0.996090000000 0.996090000000 0.994740000000 0.996120000000 0.996050000000 0.996100000000 0.996090000000 0.996100000000 0.996070000000 0.996090000000 0.996100000000 0.996120000000 0.996100000000 0.996100000000 0.996080000000 0.996100000000 0.996080000000 0.996090000000 0.950570000000 0.995400000000 0.995640000000 0.996120000000 0.995790000000 0.996100000000 0.996090000000 0.996090000000 0.995960000000 0.996090000000 0.996100000000 0.996110000000 0.996040000000 0.996100000000 0.996080000000 0.996090000000 0.996080000000 0.996100000000 0.996040000000 0.996110000000 0.996100000000 0.996040000000 0.996070000000 0.996090000000 0.996070000000 0.996110000000 0.996100000000 0.996100000000 0.996100000000 0.996100000000 0.996080000000 0.996090000000 0.996030000000 0.996110000000 0.996110000000 0.996110000000 0.996070000000 0.996090000000 0.996070000000 0.996090000000 0.996190000000 0.996100000000 0.996050000000 0.996090000000 0.996070000000 0.996090000000 0.996100000000 0.996100000000 0.996090000000 0.996050000000 0.996130000000 0.996100000000 0.996110000000 0.996110000000 0.996100000000 0.996090000000 0.996000000000 0.996070000000 0.996120000000 0.996100000000 0.996020000000 0.996110000000 0.996130000000 0.996090000000 

N_obs: 160000

File Format:
1- most to least reliable channels (taken entropies)
2- most to least reliable channels (taken error probabilities)
3- channels entropies (flipped)
4- channels error probabilities (flipped)
5- number of MontCarlo simulations
