127 126 125 124 123 122 121 119 118 117 115 111 110 109 107 103 95 94 93 91 87 79 63 62 120 114 113 116 106 108 59 102 101 61 55 89 105 99 92 90 85 86 83 47 77 78 75 60 112 58 104 57 100 54 98 88 71 53 97 84 82 51 31 81 46 76 45 74 73 56 43 70 52 96 30 50 69 39 29 80 44 49 67 27 42 72 23 15 41 38 68 28 37 7 35 48 11 26 19 66 25 21 13 22 14 65 3 40 5 33 9 17 34 6 36 10 18 1 20 24 12 64 2 4 32 8 16 0 

127 126 125 124 123 122 121 119 118 117 115 111 110 109 107 103 95 94 93 91 87 79 63 62 120 114 113 116 106 108 59 102 101 61 55 89 105 99 92 90 85 83 86 47 77 78 75 60 112 58 104 57 100 54 98 88 71 53 97 84 82 51 31 81 46 76 45 74 73 56 43 70 52 96 69 50 30 39 80 49 29 44 67 42 72 27 41 68 38 23 28 48 37 66 15 26 35 65 40 25 22 21 36 19 14 34 13 64 33 11 24 7 20 3 2 10 5 32 8 18 16 4 0 6 12 17 9 1 

0.000000000000 0.000000000000 0.000000000000 0.000000000000 0.000000000000 0.000000000000 0.000000000000 0.000000000000 0.000000000000 0.000000000000 0.000000000000 0.000000000000 0.000000000000 0.000000000000 0.000000000000 0.000028047000 0.000000000000 0.000000000000 0.000000000000 0.000000000000 0.000000000000 0.000000000000 0.000000000018 0.000057031000 0.000000000000 0.000000000000 0.000000000001 0.000103260000 0.000000000019 0.000206470000 0.000466930000 0.074122000000 0.000000000000 0.000000000000 0.000000000000 0.000000000032 0.000000000000 0.000000000530 0.000000000017 0.000305690000 0.000000000000 0.000000003844 0.000000002599 0.000697770000 0.000000003963 0.001479100000 0.003368000000 0.155690000000 0.000000000000 0.000002962200 0.000002080500 0.004868500000 0.000012089000 0.009893800000 0.022082000000 0.301720000000 0.000377490000 0.047254000000 0.096406000000 0.489620000000 0.224290000000 0.631280000000 0.697210000000 0.937030000000 0.000000000000 0.000000000000 0.000000000001 0.000020394000 0.000000000000 0.000039271000 0.000090735000 0.023770000000 0.000000000001 0.000164500000 0.000405500000 0.048292000000 0.001947300000 0.093594000000 0.177650000000 0.602590000000 0.000000335690 0.003737700000 0.007918500000 0.167010000000 0.027887000000 0.272960000000 0.398360000000 0.773340000000 0.111830000000 0.457600000000 0.540830000000 0.848360000000 0.569320000000 0.845310000000 0.824060000000 0.981800000000 0.002084500000 0.083633000000 0.150500000000 0.518990000000 0.260490000000 0.617360000000 0.646760000000 0.910070000000 0.354220000000 0.678540000000 0.652110000000 0.909060000000 0.629770000000 0.878230000000 0.845270000000 0.987790000000 0.388510000000 0.692430000000 0.655190000000 0.911000000000 0.605320000000 0.863710000000 0.829240000000 0.983590000000 0.565850000000 0.846270000000 0.781950000000 0.974820000000 0.767430000000 0.939470000000 0.898450000000 0.998950000000 

0.000000000000 0.000000000000 0.000000000000 0.000000000000 0.000000000000 0.000000000000 0.000000000000 0.000000000000 0.000000000000 0.000000000000 0.000000000000 0.000000000000 0.000000000000 0.000000000000 0.000000000000 0.000080472000 0.000000000000 0.000000000000 0.000000000000 0.000000000000 0.000000000000 0.000000000000 0.000000000006 0.000126030000 0.000000000000 0.000000000000 0.000000000000 0.000236270000 0.000000000006 0.000436880000 0.000990710000 0.151960000000 0.000000000000 0.000000000000 0.000000000000 0.000000000012 0.000000000000 0.000000000264 0.000000000005 0.000616160000 0.000000000000 0.000000002242 0.000000001373 0.001440000000 0.000000001721 0.003338600000 0.007013900000 0.302240000000 0.000000000000 0.000012119000 0.000008072800 0.010561000000 0.000028554000 0.021108000000 0.043540000000 0.534490000000 0.000855850000 0.098832000000 0.183010000000 0.774360000000 0.419430000000 0.913750000000 0.964230000000 0.995760000000 0.000000000000 0.000000000000 0.000000000000 0.000055778000 0.000000000000 0.000107060000 0.000200690000 0.052893000000 0.000000000000 0.000400370000 0.000942730000 0.105810000000 0.004382300000 0.196920000000 0.333380000000 0.882270000000 0.000000249930 0.008941700000 0.017834000000 0.344210000000 0.061163000000 0.529540000000 0.696600000000 0.975460000000 0.250680000000 0.804380000000 0.903530000000 0.993700000000 0.959410000000 0.995620000000 0.995800000000 0.996090000000 0.005635900000 0.205580000000 0.334610000000 0.862460000000 0.577150000000 0.950550000000 0.976740000000 0.995940000000 0.825180000000 0.988620000000 0.993030000000 0.996060000000 0.994520000000 0.996090000000 0.996100000000 0.996090000000 0.945590000000 0.995340000000 0.995720000000 0.996100000000 0.995850000000 0.996080000000 0.996110000000 0.996090000000 0.995940000000 0.996100000000 0.996090000000 0.996090000000 0.996070000000 0.996080000000 0.996120000000 0.996090000000 

N_obs: 160000

File Format:
1- most to least reliable channels (taken entropies)
2- most to least reliable channels (taken error probabilities)
3- channels entropies (flipped)
4- channels error probabilities (flipped)
5- number of MontCarlo simulations
