127 126 125 124 123 122 121 120 119 118 117 116 115 114 113 111 110 109 108 107 106 105 103 102 101 99 95 94 93 92 91 90 89 87 86 85 83 79 78 77 75 71 63 62 61 60 59 58 57 55 54 53 51 47 46 45 43 39 31 30 29 27 100 112 104 88 82 97 81 23 84 98 76 74 70 56 73 69 52 67 49 44 15 50 42 41 38 37 35 28 26 25 22 21 96 80 72 19 68 66 48 14 40 65 13 36 34 11 24 33 20 18 7 17 12 64 10 32 9 6 16 5 3 8 4 1 2 0 

127 126 125 124 123 122 121 120 119 118 117 116 115 114 113 111 110 109 108 107 106 105 103 102 101 99 95 94 93 92 91 90 89 87 86 85 83 79 78 77 75 71 63 62 61 60 59 58 57 55 54 53 51 47 46 45 43 39 31 30 29 27 100 112 104 88 82 97 81 23 84 98 76 74 70 56 73 69 67 52 49 44 15 50 42 41 38 35 37 28 26 25 22 21 96 80 72 19 68 66 48 14 40 65 13 36 34 11 24 33 20 18 7 17 12 64 10 32 9 6 16 5 3 8 4 2 1 0 

0.000000000000 0.000000000000 0.000000000000 0.000000000000 0.000000000000 0.000000000000 0.000000000000 0.000000000000 0.000000000000 0.000000000000 0.000000000000 0.000000000000 0.000000000000 0.000000000000 0.000000000000 0.000000000000 0.000000000000 0.000000000000 0.000000000000 0.000000000000 0.000000000000 0.000000000000 0.000000000000 0.000000000000 0.000000000000 0.000000000000 0.000000000000 0.000000000000 0.000000000000 0.000000000000 0.000000000000 0.000009853200 0.000000000000 0.000000000000 0.000000000000 0.000000000000 0.000000000000 0.000000000000 0.000000000000 0.000000000000 0.000000000000 0.000000000000 0.000000000000 0.000000000000 0.000000000000 0.000000000000 0.000000000000 0.000017323000 0.000000000000 0.000000000000 0.000000000000 0.000000000000 0.000000000000 0.000000000000 0.000000000000 0.000040615000 0.000000000000 0.000000000000 0.000000000000 0.000071461000 0.000000000001 0.000166830000 0.000397350000 0.077019000000 0.000000000000 0.000000000000 0.000000000000 0.000000000000 0.000000000000 0.000000000000 0.000000000000 0.000000000000 0.000000000000 0.000000000000 0.000000000000 0.000000000001 0.000000000000 0.000000000036 0.000000000001 0.000183250000 0.000000000000 0.000000000000 0.000000000000 0.000000000005 0.000000000000 0.000000000047 0.000000000144 0.000378900000 0.000000000000 0.000000000181 0.000000007475 0.000814320000 0.000000008080 0.001853600000 0.004539500000 0.184390000000 0.000000000000 0.000000000000 0.000000000000 0.000000047139 0.000000000000 0.000000104380 0.000000434630 0.003947500000 0.000000000000 0.000003799400 0.000004131500 0.008277800000 0.000041885000 0.018348000000 0.042053000000 0.389770000000 0.000000000010 0.000205060000 0.000506840000 0.055360000000 0.002574100000 0.108400000000 0.203620000000 0.634100000000 0.032510000000 0.294810000000 0.422260000000 0.785730000000 0.517890000000 0.819630000000 0.808990000000 0.977930000000 

0.000000000000 0.000000000000 0.000000000000 0.000000000000 0.000000000000 0.000000000000 0.000000000000 0.000000000000 0.000000000000 0.000000000000 0.000000000000 0.000000000000 0.000000000000 0.000000000000 0.000000000000 0.000000000000 0.000000000000 0.000000000000 0.000000000000 0.000000000000 0.000000000000 0.000000000000 0.000000000000 0.000000000000 0.000000000000 0.000000000000 0.000000000000 0.000000000000 0.000000000000 0.000000000000 0.000000000000 0.000025571000 0.000000000000 0.000000000000 0.000000000000 0.000000000000 0.000000000000 0.000000000000 0.000000000000 0.000000000000 0.000000000000 0.000000000000 0.000000000000 0.000000000000 0.000000000000 0.000000000000 0.000000000000 0.000038564000 0.000000000000 0.000000000000 0.000000000000 0.000000000000 0.000000000000 0.000000000000 0.000000000000 0.000091905000 0.000000000000 0.000000000000 0.000000000000 0.000160060000 0.000000000000 0.000369460000 0.000965390000 0.172690000000 0.000000000000 0.000000000000 0.000000000000 0.000000000000 0.000000000000 0.000000000000 0.000000000000 0.000000000000 0.000000000000 0.000000000000 0.000000000000 0.000000000000 0.000000000000 0.000000000013 0.000000000000 0.000419880000 0.000000000000 0.000000000000 0.000000000000 0.000000000001 0.000000000000 0.000000000017 0.000000000061 0.000856970000 0.000000000000 0.000000000069 0.000000004784 0.001944300000 0.000000004090 0.004369800000 0.010179000000 0.373820000000 0.000000000000 0.000000000000 0.000000000000 0.000000039856 0.000000000000 0.000000074977 0.000000459010 0.009300000000 0.000000000000 0.000010272000 0.000010303000 0.018994000000 0.000105780000 0.041226000000 0.086646000000 0.673710000000 0.000000000003 0.000455430000 0.001174700000 0.120610000000 0.005742700000 0.227480000000 0.380140000000 0.906300000000 0.071940000000 0.565910000000 0.740160000000 0.982050000000 0.897830000000 0.993760000000 0.995040000000 0.996100000000 

N_obs: 160000

File Format:
1- most to least reliable channels (taken entropies)
2- most to least reliable channels (taken error probabilities)
3- channels entropies (flipped)
4- channels error probabilities (flipped)
5- number of MontCarlo simulations
