127 126 125 123 119 124 122 111 63 95 121 118 31 47 79 55 15 87 117 59 103 115 91 107 61 23 110 109 93 62 39 94 71 27 43 7 75 29 45 30 11 51 83 77 120 53 46 85 99 13 101 78 21 54 57 19 86 35 89 67 37 105 113 14 5 58 69 102 3 116 114 90 106 22 25 41 60 73 38 108 92 26 49 70 42 81 6 97 74 9 17 28 33 65 10 50 82 1 44 98 76 52 18 84 34 66 2 12 100 56 20 88 104 112 36 24 40 68 72 48 80 4 96 8 16 32 64 0 

127 126 125 123 119 124 122 111 121 118 117 95 115 110 120 109 63 107 116 103 94 114 93 113 91 87 79 62 61 108 55 86 29 101 27 45 42 92 60 7 85 58 106 49 78 6 71 14 105 17 66 70 11 39 74 10 51 9 47 88 28 73 52 20 12 3 96 13 8 40 2 4 84 34 64 32 99 0 80 16 48 57 83 72 15 56 33 68 35 37 100 24 76 75 69 44 104 36 112 82 18 65 25 41 43 54 81 26 98 38 97 89 5 1 46 22 50 30 19 59 102 53 90 21 77 23 67 31 

0.000001186800 0.001566300000 0.003344200000 0.113340000000 0.013813000000 0.197830000000 0.311920000000 0.702890000000 0.073782000000 0.377930000000 0.469480000000 0.801270000000 0.506660000000 0.803120000000 0.785830000000 0.969470000000 0.221270000000 0.550090000000 0.556910000000 0.854390000000 0.530990000000 0.815190000000 0.785600000000 0.968900000000 0.500710000000 0.796430000000 0.743580000000 0.952780000000 0.721180000000 0.923260000000 0.881590000000 0.996380000000 0.301700000000 0.592760000000 0.557610000000 0.855120000000 0.519620000000 0.806030000000 0.777670000000 0.966080000000 0.469290000000 0.769170000000 0.718430000000 0.940470000000 0.690170000000 0.909080000000 0.868720000000 0.993700000000 0.438960000000 0.744280000000 0.700020000000 0.932520000000 0.641910000000 0.884200000000 0.853030000000 0.990730000000 0.593040000000 0.863880000000 0.790990000000 0.984560000000 0.782010000000 0.942250000000 0.902920000000 0.999410000000 0.294330000000 0.578160000000 0.532090000000 0.841010000000 0.496600000000 0.789740000000 0.759390000000 0.959990000000 0.457500000000 0.757660000000 0.708390000000 0.936600000000 0.681080000000 0.904530000000 0.863620000000 0.992190000000 0.411120000000 0.714590000000 0.670280000000 0.919420000000 0.612730000000 0.868070000000 0.831530000000 0.984410000000 0.578830000000 0.854340000000 0.785000000000 0.978740000000 0.774310000000 0.940800000000 0.900090000000 0.999190000000 0.381470000000 0.670570000000 0.642560000000 0.899590000000 0.599230000000 0.859500000000 0.824470000000 0.979090000000 0.533150000000 0.818560000000 0.751000000000 0.960650000000 0.765660000000 0.938610000000 0.898010000000 0.999020000000 0.465800000000 0.786620000000 0.741220000000 0.948200000000 0.672530000000 0.903650000000 0.895630000000 0.998900000000 0.623890000000 0.878800000000 0.787520000000 0.994340000000 0.801190000000 0.943630000000 0.909410000000 0.999750000000 

0.000002668300 0.004023300000 0.008445500000 0.257150000000 0.033068000000 0.422880000000 0.598930000000 0.959460000000 0.180920000000 0.732750000000 0.857130000000 0.990950000000 0.940760000000 0.995040000000 0.995490000000 0.996100000000 0.589010000000 0.953330000000 0.979190000000 0.995970000000 0.989440000000 0.996070000000 0.996080000000 0.996100000000 0.993020000000 0.996120000000 0.996050000000 0.996100000000 0.996090000000 0.996110000000 0.996110000000 0.996090000000 0.911100000000 0.994120000000 0.995060000000 0.996060000000 0.995740000000 0.996130000000 0.996110000000 0.996090000000 0.995830000000 0.996030000000 0.996070000000 0.996090000000 0.996100000000 0.996100000000 0.996110000000 0.996090000000 0.995830000000 0.996070000000 0.996140000000 0.996100000000 0.996100000000 0.996080000000 0.996090000000 0.996100000000 0.996070000000 0.996080000000 0.996100000000 0.996100000000 0.996150000000 0.996080000000 0.996100000000 0.996090000000 0.983990000000 0.995870000000 0.995960000000 0.996070000000 0.996120000000 0.996070000000 0.996100000000 0.996100000000 0.995980000000 0.996110000000 0.996130000000 0.996090000000 0.996090000000 0.996120000000 0.996070000000 0.996090000000 0.996090000000 0.996110000000 0.996060000000 0.996100000000 0.996110000000 0.996060000000 0.996110000000 0.996090000000 0.996080000000 0.996110000000 0.996100000000 0.996100000000 0.996100000000 0.996090000000 0.996100000000 0.996090000000 0.996240000000 0.996120000000 0.996050000000 0.996090000000 0.996050000000 0.996110000000 0.996110000000 0.996100000000 0.996140000000 0.996110000000 0.996130000000 0.996090000000 0.996120000000 0.996100000000 0.996080000000 0.996090000000 0.996100000000 0.996070000000 0.996090000000 0.996090000000 0.996080000000 0.996090000000 0.996090000000 0.996090000000 0.996070000000 0.996070000000 0.996110000000 0.996090000000 0.996090000000 0.996090000000 0.996110000000 0.996090000000 

N_obs: 160000

File Format:
1- most to least reliable channels (taken entropies)
2- most to least reliable channels (taken error probabilities)
3- channels entropies (flipped)
4- channels error probabilities (flipped)
5- number of MontCarlo simulations
