127 126 125 123 119 124 63 111 95 122 31 47 79 55 15 121 87 59 103 91 118 23 61 107 115 117 93 39 62 109 71 27 94 43 110 7 29 75 11 30 45 51 83 77 53 46 85 99 13 78 21 101 54 57 19 86 35 89 67 5 37 14 69 58 105 3 102 113 90 120 22 25 106 41 114 60 73 38 116 26 92 49 70 42 81 108 6 97 74 9 17 28 33 65 10 50 1 82 44 98 76 52 18 34 84 66 2 12 100 56 20 88 104 112 24 36 40 68 72 48 80 4 96 8 16 32 64 0 

127 126 125 123 119 124 122 111 121 118 117 95 115 110 63 120 109 107 103 116 94 93 55 91 71 62 11 79 7 114 3 60 33 75 51 73 108 37 23 92 5 113 90 38 29 87 58 101 12 65 57 6 9 49 28 89 41 54 42 102 35 47 19 21 48 44 66 81 22 98 76 26 96 68 36 1 99 100 50 88 17 34 61 4 32 0 8 64 16 72 24 112 52 80 97 40 18 74 56 82 14 105 104 10 20 106 13 70 59 2 83 84 86 31 53 25 69 67 85 27 30 46 43 77 78 45 39 15 

0.000019686000 0.010864000000 0.023251000000 0.248440000000 0.069947000000 0.374030000000 0.475200000000 0.813300000000 0.190490000000 0.533240000000 0.562840000000 0.858670000000 0.558280000000 0.835020000000 0.810570000000 0.977760000000 0.304990000000 0.615790000000 0.589890000000 0.875420000000 0.549930000000 0.828190000000 0.796860000000 0.972790000000 0.514400000000 0.808000000000 0.752010000000 0.956980000000 0.729010000000 0.926670000000 0.884340000000 0.996890000000 0.319350000000 0.608290000000 0.568370000000 0.862120000000 0.527420000000 0.811780000000 0.783840000000 0.968050000000 0.476040000000 0.775030000000 0.723630000000 0.942430000000 0.694910000000 0.911200000000 0.870700000000 0.994160000000 0.443750000000 0.750390000000 0.706160000000 0.935340000000 0.647530000000 0.887040000000 0.857990000000 0.992050000000 0.598040000000 0.866460000000 0.791750000000 0.986420000000 0.785070000000 0.942670000000 0.903900000000 0.999490000000 0.298850000000 0.584630000000 0.536160000000 0.844570000000 0.501730000000 0.794580000000 0.763140000000 0.961310000000 0.463170000000 0.763130000000 0.712960000000 0.938630000000 0.684530000000 0.906360000000 0.865050000000 0.992520000000 0.414000000000 0.719390000000 0.674400000000 0.921540000000 0.614900000000 0.869550000000 0.834110000000 0.985470000000 0.584260000000 0.858060000000 0.786830000000 0.981270000000 0.778180000000 0.941540000000 0.901470000000 0.999330000000 0.383610000000 0.672210000000 0.645810000000 0.901350000000 0.602210000000 0.861830000000 0.826220000000 0.979530000000 0.534540000000 0.820150000000 0.751390000000 0.962250000000 0.771050000000 0.939880000000 0.899730000000 0.999200000000 0.467250000000 0.788510000000 0.741910000000 0.948450000000 0.670770000000 0.903980000000 0.897650000000 0.999110000000 0.624450000000 0.878850000000 0.786680000000 0.994570000000 0.802240000000 0.943580000000 0.909670000000 0.999760000000 

0.000058519000 0.028951000000 0.057495000000 0.524670000000 0.169050000000 0.723850000000 0.851390000000 0.990660000000 0.474410000000 0.920880000000 0.964150000000 0.995730000000 0.983490000000 0.996010000000 0.996060000000 0.996090000000 0.825120000000 0.988690000000 0.993070000000 0.996040000000 0.994690000000 0.996110000000 0.996100000000 0.996100000000 0.995310000000 0.996090000000 0.996070000000 0.996090000000 0.996090000000 0.996090000000 0.996100000000 0.996090000000 0.964220000000 0.995730000000 0.995900000000 0.996060000000 0.995940000000 0.996060000000 0.996080000000 0.996090000000 0.996070000000 0.996110000000 0.996120000000 0.996110000000 0.996110000000 0.996100000000 0.996090000000 0.996100000000 0.996010000000 0.996140000000 0.996130000000 0.996090000000 0.996040000000 0.996100000000 0.996040000000 0.996090000000 0.995960000000 0.996110000000 0.996120000000 0.996090000000 0.996120000000 0.996090000000 0.996070000000 0.996090000000 0.990060000000 0.996000000000 0.996090000000 0.996040000000 0.996110000000 0.996070000000 0.996080000000 0.996100000000 0.995920000000 0.996080000000 0.996120000000 0.996100000000 0.996040000000 0.996090000000 0.996080000000 0.996090000000 0.996090000000 0.996130000000 0.996150000000 0.996090000000 0.996130000000 0.996080000000 0.996080000000 0.996100000000 0.996160000000 0.996060000000 0.996050000000 0.996090000000 0.996090000000 0.996090000000 0.996040000000 0.996090000000 0.996120000000 0.996130000000 0.996060000000 0.996080000000 0.996130000000 0.996090000000 0.996120000000 0.996090000000 0.996050000000 0.996090000000 0.996090000000 0.996110000000 0.996090000000 0.996100000000 0.996090000000 0.996090000000 0.996200000000 0.996100000000 0.996110000000 0.996070000000 0.996000000000 0.996110000000 0.996080000000 0.996090000000 0.996010000000 0.996080000000 0.996060000000 0.996090000000 0.996020000000 0.996110000000 0.996090000000 0.996090000000 

N_obs: 160000

File Format:
1- most to least reliable channels (taken entropies)
2- most to least reliable channels (taken error probabilities)
3- channels entropies (flipped)
4- channels error probabilities (flipped)
5- number of MontCarlo simulations
