127 126 125 124 123 122 121 119 118 117 115 111 110 109 107 103 95 93 63 94 91 87 120 116 114 108 113 106 105 79 101 102 62 61 92 90 99 59 89 86 85 55 83 112 78 104 77 100 60 98 58 47 75 88 57 97 84 54 82 53 71 81 76 31 51 46 74 56 45 96 73 43 70 52 39 30 15 23 29 27 69 50 80 67 7 49 11 44 35 19 13 37 42 41 21 38 14 72 22 25 26 3 5 28 65 68 66 9 6 17 33 10 48 1 18 34 12 36 20 40 2 24 64 4 8 16 32 0 

127 126 125 124 123 122 121 119 118 117 115 111 110 109 107 103 95 93 63 94 91 87 120 116 114 108 113 106 105 79 101 102 62 61 92 90 99 89 59 86 85 55 83 112 78 104 77 100 60 98 58 75 47 88 97 57 84 54 82 53 71 81 76 51 31 46 74 56 45 96 73 52 70 43 80 69 30 50 39 29 49 67 44 72 27 42 23 41 68 15 38 28 48 37 66 35 65 26 25 21 3 7 13 19 40 5 9 17 20 24 36 33 4 10 8 1 0 64 32 16 2 12 6 14 34 18 11 22 

0.000000000000 0.000000000000 0.000000000000 0.000000000000 0.000000000000 0.000000000000 0.000000000000 0.000000000063 0.000000000000 0.000000000000 0.000000000000 0.000000000073 0.000000000000 0.000000000220 0.000000003702 0.000905010000 0.000000000000 0.000000000000 0.000000000000 0.000000001005 0.000000000000 0.000000018623 0.000000021615 0.001834900000 0.000000000000 0.000000660260 0.000000450310 0.003960800000 0.000006598500 0.008398000000 0.020126000000 0.317060000000 0.000000000000 0.000000000000 0.000000000000 0.000003532700 0.000000000000 0.000005118200 0.000016183000 0.012580000000 0.000000000000 0.000045322000 0.000072562000 0.026106000000 0.000390230000 0.052981000000 0.110630000000 0.536860000000 0.000000142520 0.001211700000 0.002620200000 0.112240000000 0.011180000000 0.197990000000 0.324810000000 0.734650000000 0.069027000000 0.395870000000 0.509390000000 0.834890000000 0.562880000000 0.844040000000 0.824550000000 0.982040000000 0.000000000000 0.000001138500 0.000001743500 0.004023800000 0.000015354000 0.008574700000 0.018583000000 0.247960000000 0.000252810000 0.033187000000 0.067834000000 0.398740000000 0.156130000000 0.530090000000 0.613050000000 0.895730000000 0.009519500000 0.160470000000 0.257350000000 0.637710000000 0.357590000000 0.698140000000 0.702670000000 0.936230000000 0.414490000000 0.730690000000 0.693740000000 0.929780000000 0.675210000000 0.902370000000 0.865960000000 0.993070000000 0.116900000000 0.425130000000 0.475150000000 0.797170000000 0.477030000000 0.775080000000 0.751220000000 0.956390000000 0.449600000000 0.750500000000 0.703050000000 0.933510000000 0.676290000000 0.902280000000 0.863750000000 0.992560000000 0.430000000000 0.731200000000 0.689300000000 0.927520000000 0.633670000000 0.879820000000 0.847170000000 0.989120000000 0.587620000000 0.860330000000 0.789880000000 0.982480000000 0.779850000000 0.941910000000 0.902280000000 0.999330000000 

0.000000000000 0.000000000000 0.000000000000 0.000000000000 0.000000000000 0.000000000000 0.000000000000 0.000000000024 0.000000000000 0.000000000000 0.000000000000 0.000000000026 0.000000000000 0.000000000082 0.000000001842 0.001932800000 0.000000000000 0.000000000000 0.000000000000 0.000000000486 0.000000000000 0.000000010741 0.000000014340 0.003874100000 0.000000000000 0.000001010600 0.000000540880 0.008546700000 0.000012743000 0.017395000000 0.039193000000 0.552850000000 0.000000000000 0.000000000000 0.000000000000 0.000008726800 0.000000000000 0.000012546000 0.000032058000 0.026619000000 0.000000000000 0.000102550000 0.000161620000 0.054571000000 0.000782480000 0.108520000000 0.203600000000 0.812540000000 0.000000134580 0.002637800000 0.005484100000 0.226030000000 0.023553000000 0.382140000000 0.559120000000 0.954770000000 0.147120000000 0.703650000000 0.841730000000 0.990470000000 0.935510000000 0.994990000000 0.995450000000 0.996090000000 0.000000000000 0.000001381300 0.000005469300 0.009773100000 0.000045288000 0.020491000000 0.041354000000 0.484170000000 0.000580720000 0.077329000000 0.143730000000 0.703360000000 0.324970000000 0.858870000000 0.933980000000 0.994900000000 0.024514000000 0.366950000000 0.532530000000 0.940160000000 0.747010000000 0.980530000000 0.989440000000 0.996060000000 0.901330000000 0.993600000000 0.994970000000 0.996090000000 0.995330000000 0.996120000000 0.996090000000 0.996090000000 0.327610000000 0.854680000000 0.932720000000 0.994740000000 0.973110000000 0.995890000000 0.995920000000 0.996090000000 0.988110000000 0.996130000000 0.995960000000 0.996090000000 0.996060000000 0.996120000000 0.996090000000 0.996100000000 0.992420000000 0.996120000000 0.996040000000 0.996100000000 0.996130000000 0.996090000000 0.996080000000 0.996090000000 0.996040000000 0.996110000000 0.996070000000 0.996090000000 0.996020000000 0.996100000000 0.996090000000 0.996090000000 

N_obs: 160000

File Format:
1- most to least reliable channels (taken entropies)
2- most to least reliable channels (taken error probabilities)
3- channels entropies (flipped)
4- channels error probabilities (flipped)
5- number of MontCarlo simulations
