127 126 125 123 119 111 122 124 121 118 117 115 95 110 109 107 120 116 94 103 114 93 108 113 63 106 91 105 87 102 62 79 92 31 47 61 55 101 59 112 15 90 99 23 39 71 89 27 43 75 83 86 29 7 85 77 45 51 30 104 78 53 11 46 57 54 58 13 19 60 21 35 67 37 69 14 100 5 3 97 22 25 98 41 73 38 81 70 26 49 42 74 82 88 6 9 50 28 17 84 33 65 76 10 44 1 52 18 34 66 56 2 12 20 36 68 96 24 40 72 80 48 4 8 16 32 64 0 

127 126 125 123 119 111 124 122 121 118 117 115 95 110 109 107 120 116 94 114 103 93 113 108 63 106 91 105 102 87 92 101 112 62 90 79 99 61 104 89 86 59 100 85 55 83 78 47 98 60 31 77 88 97 75 71 58 57 84 19 11 54 45 27 23 51 7 5 82 26 22 39 46 42 25 43 24 6 66 50 2 70 1 96 36 56 30 69 16 68 12 18 4 14 32 0 64 34 8 48 17 80 33 74 10 41 72 40 52 3 76 73 13 49 67 38 28 35 65 44 37 20 53 81 21 9 29 15 

0.000000000000 0.000000000000 0.000000000000 0.000002256400 0.000000000000 0.000001798000 0.000007112700 0.007938900000 0.000000000000 0.000016602000 0.000028241000 0.016426000000 0.000138180000 0.033365000000 0.071391000000 0.457810000000 0.000000000005 0.000439530000 0.000874860000 0.070187000000 0.004183400000 0.129620000000 0.230500000000 0.654710000000 0.032797000000 0.293340000000 0.418140000000 0.780090000000 0.502960000000 0.810090000000 0.799180000000 0.973820000000 0.000151630000 0.026442000000 0.053921000000 0.354610000000 0.130130000000 0.484310000000 0.566690000000 0.867780000000 0.259250000000 0.608260000000 0.616240000000 0.889270000000 0.603360000000 0.863010000000 0.833060000000 0.984300000000 0.346070000000 0.659750000000 0.630880000000 0.898070000000 0.586030000000 0.851770000000 0.817710000000 0.979690000000 0.547360000000 0.833440000000 0.772570000000 0.968120000000 0.754730000000 0.935880000000 0.893970000000 0.998420000000 0.074192000000 0.341390000000 0.403640000000 0.740280000000 0.420470000000 0.727890000000 0.706810000000 0.939370000000 0.408100000000 0.711470000000 0.666830000000 0.916590000000 0.640330000000 0.883540000000 0.848800000000 0.988670000000 0.379760000000 0.677620000000 0.635890000000 0.901090000000 0.585550000000 0.851100000000 0.816180000000 0.978950000000 0.543400000000 0.829820000000 0.768770000000 0.965970000000 0.750180000000 0.934270000000 0.891830000000 0.998130000000 0.358360000000 0.650680000000 0.611930000000 0.885330000000 0.570570000000 0.840900000000 0.808220000000 0.975180000000 0.509020000000 0.801200000000 0.744660000000 0.952240000000 0.730130000000 0.926860000000 0.885460000000 0.997210000000 0.459400000000 0.773220000000 0.729340000000 0.944520000000 0.670920000000 0.898580000000 0.880010000000 0.996660000000 0.613340000000 0.874450000000 0.792000000000 0.992030000000 0.794760000000 0.943530000000 0.907270000000 0.999670000000 

0.000000000000 0.000000000000 0.000000000000 0.000003419100 0.000000000000 0.000003958300 0.000015702000 0.016857000000 0.000000000000 0.000032071000 0.000060306000 0.034939000000 0.000296730000 0.069453000000 0.134860000000 0.732070000000 0.000000000001 0.001030100000 0.001898300000 0.145170000000 0.008885000000 0.260310000000 0.412890000000 0.912760000000 0.071552000000 0.555740000000 0.722760000000 0.978850000000 0.873830000000 0.992290000000 0.994420000000 0.996090000000 0.000377530000 0.065462000000 0.121400000000 0.663320000000 0.288870000000 0.830920000000 0.916930000000 0.994260000000 0.602050000000 0.956980000000 0.979880000000 0.995990000000 0.989500000000 0.996060000000 0.996120000000 0.996100000000 0.859430000000 0.991240000000 0.994130000000 0.996100000000 0.994960000000 0.996100000000 0.996100000000 0.996100000000 0.995470000000 0.996090000000 0.996090000000 0.996090000000 0.996100000000 0.996080000000 0.996110000000 0.996090000000 0.232750000000 0.785100000000 0.891900000000 0.992840000000 0.957550000000 0.995500000000 0.995760000000 0.996090000000 0.984230000000 0.996020000000 0.996120000000 0.996100000000 0.996050000000 0.996080000000 0.996100000000 0.996100000000 0.991950000000 0.996070000000 0.996030000000 0.996110000000 0.996080000000 0.996070000000 0.996100000000 0.996100000000 0.996070000000 0.996110000000 0.996110000000 0.996090000000 0.996110000000 0.996090000000 0.996100000000 0.996090000000 0.994040000000 0.996090000000 0.996150000000 0.996110000000 0.996040000000 0.996070000000 0.996080000000 0.996080000000 0.996050000000 0.996070000000 0.996130000000 0.996120000000 0.996010000000 0.996090000000 0.996100000000 0.996090000000 0.996210000000 0.996090000000 0.996100000000 0.996090000000 0.996010000000 0.996100000000 0.996130000000 0.996100000000 0.996050000000 0.996080000000 0.996060000000 0.996090000000 0.996100000000 0.996090000000 0.996090000000 0.996090000000 

N_obs: 160000

File Format:
1- most to least reliable channels (taken entropies)
2- most to least reliable channels (taken error probabilities)
3- channels entropies (flipped)
4- channels error probabilities (flipped)
5- number of MontCarlo simulations
