127 126 125 124 123 122 121 120 119 118 117 116 115 114 113 111 110 109 108 107 106 105 103 102 101 99 95 94 93 92 91 90 89 87 86 85 83 79 78 77 75 71 63 62 61 60 59 58 57 55 54 53 51 47 46 45 43 31 39 30 29 112 27 104 97 100 98 84 76 81 82 73 70 88 69 56 50 52 67 42 23 44 74 49 41 38 37 15 28 35 26 96 25 80 72 22 21 68 66 48 19 40 65 36 14 13 34 24 33 11 20 18 64 7 17 12 10 32 9 6 5 3 16 8 1 2 4 0 

127 126 125 124 123 122 121 120 119 118 117 116 115 114 113 111 110 109 108 107 106 105 103 102 101 99 95 94 93 92 91 90 89 87 86 85 83 79 78 77 75 71 63 62 61 60 59 58 57 55 54 53 51 47 46 45 43 31 39 30 29 112 27 104 97 100 98 84 76 81 82 73 70 69 88 56 50 52 67 42 23 44 74 49 41 38 37 15 28 35 26 96 25 80 72 22 21 68 66 48 19 40 65 36 14 13 34 24 33 11 20 18 64 17 7 12 10 32 9 6 16 5 3 8 4 2 1 0 

0.000000000000 0.000000000000 0.000000000000 0.000000000000 0.000000000000 0.000000000000 0.000000000000 0.000000000000 0.000000000000 0.000000000000 0.000000000000 0.000000000000 0.000000000000 0.000000000000 0.000000000000 0.000000000000 0.000000000000 0.000000000000 0.000000000000 0.000000000000 0.000000000000 0.000000000000 0.000000000000 0.000000000000 0.000000000000 0.000000000000 0.000000000000 0.000000000000 0.000000000000 0.000000000001 0.000000000000 0.000068702000 0.000000000000 0.000000000000 0.000000000000 0.000000000000 0.000000000000 0.000000000000 0.000000000000 0.000000000526 0.000000000000 0.000000000000 0.000000000000 0.000000000002 0.000000000000 0.000000000018 0.000000000004 0.000144020000 0.000000000000 0.000000000000 0.000000000000 0.000000000002 0.000000000000 0.000000547960 0.000000000018 0.000287280000 0.000000000000 0.000000000235 0.000000000560 0.000661070000 0.000000009205 0.001561000000 0.003731100000 0.185260000000 0.000000000000 0.000000000000 0.000000000000 0.000000000000 0.000000000000 0.000000000000 0.000000000000 0.000000000938 0.000000000000 0.000000000000 0.000000000000 0.000000004532 0.000000000000 0.000000001407 0.000000627420 0.001737800000 0.000000000000 0.000000000000 0.000000000000 0.000000191900 0.000000000000 0.000000030092 0.000000743590 0.003501500000 0.000000000000 0.000002302000 0.000003714600 0.007669200000 0.000041109000 0.017542000000 0.041185000000 0.399280000000 0.000000000000 0.000000000000 0.000000000000 0.000024843000 0.000000000000 0.000048043000 0.000087525000 0.029182000000 0.000000036381 0.000290340000 0.000540600000 0.061854000000 0.003288800000 0.121950000000 0.227490000000 0.665090000000 0.000004862100 0.008145800000 0.017452000000 0.240630000000 0.058984000000 0.374000000000 0.499410000000 0.837310000000 0.195240000000 0.571420000000 0.615290000000 0.890590000000 0.626540000000 0.877990000000 0.849890000000 0.989320000000 

0.000000000000 0.000000000000 0.000000000000 0.000000000000 0.000000000000 0.000000000000 0.000000000000 0.000000000000 0.000000000000 0.000000000000 0.000000000000 0.000000000000 0.000000000000 0.000000000000 0.000000000000 0.000000000000 0.000000000000 0.000000000000 0.000000000000 0.000000000000 0.000000000000 0.000000000000 0.000000000000 0.000000000000 0.000000000000 0.000000000000 0.000000000000 0.000000000000 0.000000000000 0.000000000000 0.000000000000 0.000137400000 0.000000000000 0.000000000000 0.000000000000 0.000000000000 0.000000000000 0.000000000000 0.000000000000 0.000000000263 0.000000000000 0.000000000000 0.000000000000 0.000000000000 0.000000000000 0.000000000006 0.000000000001 0.000338240000 0.000000000000 0.000000000000 0.000000000000 0.000000000001 0.000000000000 0.000001183900 0.000000000006 0.000689150000 0.000000000000 0.000000000090 0.000000000230 0.001639300000 0.000000004678 0.003567300000 0.008302300000 0.375160000000 0.000000000000 0.000000000000 0.000000000000 0.000000000000 0.000000000000 0.000000000000 0.000000000000 0.000000000406 0.000000000000 0.000000000000 0.000000000000 0.000000002608 0.000000000000 0.000000000583 0.000001365400 0.004181700000 0.000000000000 0.000000000000 0.000000000000 0.000000184130 0.000000000000 0.000000018732 0.000004881800 0.008055100000 0.000000000000 0.000005254100 0.000007085100 0.017416000000 0.000084814000 0.039003000000 0.083671000000 0.684860000000 0.000000000000 0.000000000000 0.000000000000 0.000051864000 0.000000000000 0.000109010000 0.000218990000 0.064982000000 0.000000025139 0.000705620000 0.001275100000 0.133420000000 0.007276700000 0.251070000000 0.416090000000 0.923330000000 0.000028800000 0.019006000000 0.037781000000 0.467600000000 0.125870000000 0.673780000000 0.821550000000 0.989160000000 0.422840000000 0.908410000000 0.960960000000 0.995660000000 0.983610000000 0.996040000000 0.996060000000 0.996090000000 

N_obs: 160000

File Format:
1- most to least reliable channels (taken entropies)
2- most to least reliable channels (taken error probabilities)
3- channels entropies (flipped)
4- channels error probabilities (flipped)
5- number of MontCarlo simulations
