127 126 125 123 119 124 122 111 121 118 95 63 31 117 47 79 55 115 15 87 103 110 59 91 107 109 61 23 93 62 39 94 71 27 43 120 7 75 29 45 30 11 51 83 77 53 46 99 85 101 78 13 116 21 54 57 19 86 113 35 89 114 105 67 37 14 58 5 102 69 3 90 106 22 25 41 108 60 92 73 38 26 70 49 42 81 6 97 74 9 17 28 33 65 50 10 82 1 44 98 76 52 18 84 34 66 2 12 100 56 20 112 88 104 36 24 68 40 72 48 80 4 96 8 16 32 64 0 

127 126 125 123 119 124 122 111 121 118 117 95 115 110 120 109 63 116 107 103 94 114 93 113 91 87 108 79 62 61 59 27 106 105 3 89 101 102 77 67 47 71 55 5 70 81 75 19 14 60 99 58 37 66 26 78 46 98 28 57 2 10 38 65 30 97 83 35 69 90 112 4 84 49 36 92 100 34 104 72 64 96 8 82 0 32 6 16 45 48 52 20 50 68 40 11 17 9 24 18 74 44 80 53 88 1 76 56 25 54 73 41 33 12 43 22 29 23 13 42 21 85 86 39 51 15 31 7 

0.000000000110 0.000395300000 0.000928100000 0.065270000000 0.004158300000 0.122140000000 0.215250000000 0.619060000000 0.033424000000 0.277800000000 0.389210000000 0.749240000000 0.461510000000 0.775530000000 0.766270000000 0.962530000000 0.160740000000 0.491590000000 0.527900000000 0.835320000000 0.515950000000 0.804790000000 0.776680000000 0.965820000000 0.490750000000 0.789530000000 0.737550000000 0.950010000000 0.714740000000 0.920790000000 0.879640000000 0.996000000000 0.284350000000 0.579820000000 0.549360000000 0.849820000000 0.513070000000 0.801190000000 0.774100000000 0.964680000000 0.466280000000 0.765930000000 0.715650000000 0.939040000000 0.686610000000 0.907400000000 0.867710000000 0.993430000000 0.435800000000 0.739620000000 0.696720000000 0.930980000000 0.639180000000 0.882620000000 0.850370000000 0.990020000000 0.590250000000 0.862200000000 0.790290000000 0.983510000000 0.780460000000 0.942030000000 0.902370000000 0.999370000000 0.291600000000 0.573540000000 0.528470000000 0.838510000000 0.492830000000 0.786950000000 0.757450000000 0.959160000000 0.454190000000 0.755370000000 0.706100000000 0.935300000000 0.678600000000 0.903410000000 0.862880000000 0.992030000000 0.408840000000 0.712580000000 0.668300000000 0.918270000000 0.611960000000 0.867230000000 0.830330000000 0.983920000000 0.575270000000 0.851990000000 0.783410000000 0.977430000000 0.772050000000 0.940310000000 0.899350000000 0.999110000000 0.380010000000 0.669470000000 0.640380000000 0.898950000000 0.597540000000 0.858410000000 0.823340000000 0.978800000000 0.531550000000 0.817860000000 0.750850000000 0.959820000000 0.762680000000 0.937820000000 0.897000000000 0.998910000000 0.465520000000 0.786270000000 0.741180000000 0.948220000000 0.673910000000 0.903640000000 0.894440000000 0.998760000000 0.622610000000 0.877870000000 0.788020000000 0.994260000000 0.800450000000 0.943620000000 0.909210000000 0.999750000000 

0.000000000042 0.001028400000 0.002204000000 0.151430000000 0.009890800000 0.269570000000 0.426310000000 0.912220000000 0.080832000000 0.572580000000 0.735530000000 0.979600000000 0.879190000000 0.992410000000 0.994330000000 0.996090000000 0.421540000000 0.901640000000 0.955560000000 0.995520000000 0.980980000000 0.996000000000 0.996010000000 0.996090000000 0.989880000000 0.996040000000 0.996030000000 0.996090000000 0.996070000000 0.996070000000 0.996080000000 0.996090000000 0.853810000000 0.990770000000 0.994000000000 0.996090000000 0.995160000000 0.996090000000 0.996020000000 0.996100000000 0.995440000000 0.996140000000 0.996140000000 0.996090000000 0.996090000000 0.996090000000 0.996050000000 0.996100000000 0.995680000000 0.996070000000 0.996040000000 0.996100000000 0.996050000000 0.996100000000 0.996110000000 0.996090000000 0.996050000000 0.996050000000 0.996090000000 0.996100000000 0.996040000000 0.996070000000 0.996080000000 0.996090000000 0.978080000000 0.995900000000 0.995910000000 0.996070000000 0.995980000000 0.996070000000 0.996080000000 0.996100000000 0.996050000000 0.996100000000 0.996100000000 0.996100000000 0.996150000000 0.996100000000 0.996090000000 0.996100000000 0.996040000000 0.996070000000 0.996090000000 0.996100000000 0.996110000000 0.996130000000 0.996110000000 0.996100000000 0.996150000000 0.996080000000 0.996070000000 0.996090000000 0.996090000000 0.996090000000 0.996110000000 0.996090000000 0.996190000000 0.996080000000 0.996110000000 0.996080000000 0.995990000000 0.996070000000 0.996100000000 0.996100000000 0.996120000000 0.996110000000 0.996130000000 0.996100000000 0.996050000000 0.996100000000 0.996100000000 0.996090000000 0.996180000000 0.996070000000 0.996120000000 0.996110000000 0.996100000000 0.996080000000 0.996100000000 0.996090000000 0.996220000000 0.996090000000 0.996050000000 0.996090000000 0.996020000000 0.996080000000 0.996100000000 0.996090000000 

N_obs: 160000

File Format:
1- most to least reliable channels (taken entropies)
2- most to least reliable channels (taken error probabilities)
3- channels entropies (flipped)
4- channels error probabilities (flipped)
5- number of MontCarlo simulations
