127 126 125 124 123 122 121 120 119 118 117 116 115 114 113 111 110 109 108 107 106 105 103 102 101 99 95 94 93 92 91 90 89 87 86 85 83 79 78 77 75 71 63 62 61 60 59 58 55 53 47 31 54 51 57 45 46 39 43 100 112 104 88 30 98 97 29 82 74 76 81 27 73 84 70 56 52 69 50 67 49 23 44 42 41 38 37 96 28 80 26 15 35 72 25 68 22 48 66 21 40 65 36 19 14 34 24 13 33 20 11 64 18 7 17 12 10 32 9 3 5 6 16 1 2 8 4 0 

127 126 125 124 123 122 121 120 119 118 117 116 115 114 113 111 110 109 108 107 106 105 103 102 101 99 95 94 93 92 91 90 89 87 86 85 83 79 78 77 75 71 63 62 61 60 59 58 55 53 47 31 54 51 57 45 46 39 43 100 112 104 88 30 98 97 29 82 74 76 81 27 73 84 70 52 69 67 56 23 50 49 44 42 41 38 37 96 28 80 26 35 15 72 25 68 22 48 66 21 40 65 36 19 14 34 24 13 33 20 11 64 18 7 17 12 32 10 9 6 16 5 3 8 1 4 0 2 

0.000000000000 0.000000000000 0.000000000000 0.000000000000 0.000000000000 0.000000000000 0.000000000000 0.000000000000 0.000000000000 0.000000000000 0.000000000000 0.000000000000 0.000000000000 0.000000000000 0.000000000000 0.000000000002 0.000000000000 0.000000000000 0.000000000000 0.000000000000 0.000000000000 0.000000000000 0.000000000000 0.000000000005 0.000000000000 0.000000000000 0.000000000000 0.000000000002 0.000000000000 0.000000000393 0.000000000398 0.000445810000 0.000000000000 0.000000000000 0.000000000000 0.000000000000 0.000000000000 0.000000000000 0.000000000000 0.000000000013 0.000000000000 0.000000000000 0.000000000000 0.000000099691 0.000000000000 0.000000003513 0.000000032956 0.000875500000 0.000000000000 0.000000000000 0.000000000000 0.000000010365 0.000000000000 0.000000004110 0.000000067917 0.001942700000 0.000000000000 0.000000140770 0.000002156900 0.004436300000 0.000004853500 0.010639000000 0.026716000000 0.362920000000 0.000000000000 0.000000000000 0.000000000000 0.000000000000 0.000000000000 0.000000000000 0.000000000000 0.000001106300 0.000000000000 0.000000000000 0.000000000000 0.000001220100 0.000000000000 0.000004817300 0.000005633700 0.010259000000 0.000000000000 0.000000000000 0.000000000000 0.000009776500 0.000000000001 0.000016208000 0.000038749000 0.021877000000 0.000000000000 0.000138130000 0.000270990000 0.047512000000 0.001798200000 0.099152000000 0.196320000000 0.647160000000 0.000000000000 0.000000000112 0.000000001794 0.000805630000 0.000000050666 0.001647700000 0.003516200000 0.135680000000 0.000006973900 0.008411800000 0.017696000000 0.248150000000 0.061420000000 0.386410000000 0.516120000000 0.851530000000 0.001749300000 0.081676000000 0.150420000000 0.539410000000 0.273490000000 0.645220000000 0.679480000000 0.926060000000 0.392360000000 0.723700000000 0.696370000000 0.931210000000 0.685110000000 0.907430000000 0.871530000000 0.994380000000 

0.000000000000 0.000000000000 0.000000000000 0.000000000000 0.000000000000 0.000000000000 0.000000000000 0.000000000000 0.000000000000 0.000000000000 0.000000000000 0.000000000000 0.000000000000 0.000000000000 0.000000000000 0.000000000000 0.000000000000 0.000000000000 0.000000000000 0.000000000000 0.000000000000 0.000000000000 0.000000000000 0.000000000002 0.000000000000 0.000000000000 0.000000000000 0.000000000000 0.000000000000 0.000000000182 0.000000000188 0.001041300000 0.000000000000 0.000000000000 0.000000000000 0.000000000000 0.000000000000 0.000000000000 0.000000000000 0.000000000004 0.000000000000 0.000000000000 0.000000000000 0.000000096194 0.000000000000 0.000000001728 0.000000025081 0.001993700000 0.000000000000 0.000000000000 0.000000000000 0.000000007244 0.000000000000 0.000000002030 0.000000052724 0.004593000000 0.000000000000 0.000000114660 0.000003397500 0.010135000000 0.000004838700 0.023667000000 0.054932000000 0.637980000000 0.000000000000 0.000000000000 0.000000000000 0.000000000000 0.000000000000 0.000000000000 0.000000000000 0.000007598200 0.000000000000 0.000000000000 0.000000000000 0.000002178800 0.000000000000 0.000012798000 0.000020282000 0.023107000000 0.000000000000 0.000000000000 0.000000000000 0.000037108000 0.000000000000 0.000040384000 0.000091425000 0.048388000000 0.000000000000 0.000328370000 0.000640800000 0.102390000000 0.003952800000 0.204360000000 0.360580000000 0.909800000000 0.000000000000 0.000000000039 0.000000000805 0.001900200000 0.000000033898 0.003828500000 0.007642100000 0.278490000000 0.000009997300 0.019410000000 0.037790000000 0.474090000000 0.127890000000 0.681790000000 0.827540000000 0.989960000000 0.004153300000 0.185960000000 0.308410000000 0.854850000000 0.559160000000 0.948770000000 0.977010000000 0.995940000000 0.823050000000 0.989140000000 0.993300000000 0.996080000000 0.994810000000 0.996100000000 0.996070000000 0.996100000000 

N_obs: 160000

File Format:
1- most to least reliable channels (taken entropies)
2- most to least reliable channels (taken error probabilities)
3- channels entropies (flipped)
4- channels error probabilities (flipped)
5- number of MontCarlo simulations
