127 126 125 123 119 111 124 122 117 121 95 118 115 110 109 107 103 120 94 116 93 114 113 63 108 91 106 105 87 102 92 101 62 90 79 112 61 99 89 59 86 104 31 55 47 85 15 100 83 23 71 78 39 75 27 77 60 43 29 7 51 45 98 58 53 30 57 46 11 88 54 97 19 13 67 21 35 69 37 14 84 81 5 3 22 73 82 25 41 70 38 74 26 49 42 76 50 6 9 28 17 65 33 44 10 52 1 56 18 66 34 96 12 2 20 68 36 80 72 24 40 48 4 8 16 64 32 0 

127 126 125 123 119 111 124 122 117 121 95 118 115 110 109 107 103 120 94 116 93 114 113 108 91 63 106 105 87 102 92 101 90 62 112 99 79 61 89 104 86 59 85 100 55 83 78 98 60 88 77 97 47 58 75 84 57 31 71 82 54 53 81 51 76 96 46 73 74 45 43 11 7 39 37 35 41 56 14 49 50 10 70 12 29 52 18 80 44 67 26 34 25 6 72 36 24 64 4 48 0 40 16 66 42 32 22 9 2 8 20 68 38 17 30 5 28 65 1 21 27 3 13 33 23 69 15 19 

0.000000000000 0.000000000000 0.000000000000 0.000000000024 0.000000000000 0.000000000034 0.000000001697 0.000530520000 0.000000000000 0.000000003083 0.000000000506 0.001090200000 0.000000054723 0.002292700000 0.005197800000 0.178150000000 0.000000000000 0.000001379600 0.000004691100 0.006159400000 0.000024187000 0.012778000000 0.028221000000 0.320570000000 0.000450260000 0.050941000000 0.102820000000 0.492830000000 0.220950000000 0.623510000000 0.690100000000 0.932450000000 0.000000002310 0.000760360000 0.001670800000 0.084662000000 0.006798900000 0.152540000000 0.259360000000 0.668640000000 0.043953000000 0.317330000000 0.431230000000 0.781600000000 0.496720000000 0.801350000000 0.788040000000 0.969920000000 0.173900000000 0.519470000000 0.558600000000 0.855570000000 0.543430000000 0.824660000000 0.794880000000 0.972070000000 0.518390000000 0.811780000000 0.756500000000 0.959240000000 0.736880000000 0.929810000000 0.888190000000 0.997550000000 0.005727700000 0.120630000000 0.199590000000 0.561430000000 0.298210000000 0.635170000000 0.642380000000 0.908970000000 0.358460000000 0.668920000000 0.635700000000 0.900690000000 0.611740000000 0.867840000000 0.836810000000 0.985450000000 0.360310000000 0.658230000000 0.617290000000 0.891390000000 0.570380000000 0.841190000000 0.808140000000 0.976370000000 0.530230000000 0.819740000000 0.761570000000 0.961740000000 0.741050000000 0.931240000000 0.888820000000 0.997680000000 0.347180000000 0.638920000000 0.599070000000 0.878710000000 0.558350000000 0.832440000000 0.801380000000 0.973280000000 0.500330000000 0.794210000000 0.739040000000 0.949470000000 0.718990000000 0.922300000000 0.881180000000 0.996400000000 0.455780000000 0.767280000000 0.723060000000 0.942060000000 0.664540000000 0.895720000000 0.873630000000 0.995500000000 0.609200000000 0.872620000000 0.792550000000 0.990690000000 0.792620000000 0.943410000000 0.906380000000 0.999630000000 

0.000000000000 0.000000000000 0.000000000000 0.000000000008 0.000000000000 0.000000000011 0.000000000895 0.001162000000 0.000000000000 0.000000001785 0.000000000193 0.002438400000 0.000000034137 0.004825100000 0.010545000000 0.334030000000 0.000000000000 0.000001905400 0.000008459800 0.013118000000 0.000050640000 0.027168000000 0.054874000000 0.557490000000 0.000954530000 0.106340000000 0.192960000000 0.775090000000 0.413090000000 0.907790000000 0.960080000000 0.995630000000 0.000000001102 0.001818500000 0.003919000000 0.183410000000 0.015323000000 0.316380000000 0.478250000000 0.930540000000 0.100480000000 0.615400000000 0.769180000000 0.983560000000 0.896230000000 0.993300000000 0.994820000000 0.996080000000 0.425820000000 0.904610000000 0.957640000000 0.995590000000 0.982120000000 0.996010000000 0.996000000000 0.996090000000 0.989980000000 0.996070000000 0.996150000000 0.996100000000 0.996080000000 0.996090000000 0.996110000000 0.996090000000 0.016921000000 0.317010000000 0.477900000000 0.923040000000 0.712420000000 0.975650000000 0.987560000000 0.996060000000 0.895150000000 0.993350000000 0.994640000000 0.996080000000 0.995300000000 0.996070000000 0.996070000000 0.996090000000 0.969400000000 0.995840000000 0.996010000000 0.996080000000 0.996020000000 0.996090000000 0.996060000000 0.996090000000 0.996040000000 0.996100000000 0.996050000000 0.996090000000 0.996060000000 0.996090000000 0.996140000000 0.996090000000 0.987580000000 0.996100000000 0.996080000000 0.996110000000 0.996120000000 0.996080000000 0.996090000000 0.996090000000 0.996140000000 0.996100000000 0.996120000000 0.996100000000 0.996160000000 0.996080000000 0.996100000000 0.996090000000 0.996160000000 0.996070000000 0.996130000000 0.996070000000 0.996030000000 0.996070000000 0.996100000000 0.996100000000 0.996040000000 0.996090000000 0.996100000000 0.996090000000 0.996120000000 0.996100000000 0.996120000000 0.996090000000 

N_obs: 160000

File Format:
1- most to least reliable channels (taken entropies)
2- most to least reliable channels (taken error probabilities)
3- channels entropies (flipped)
4- channels error probabilities (flipped)
5- number of MontCarlo simulations
