127 125 126 123 119 124 122 111 121 118 117 95 115 110 120 109 63 107 116 31 94 103 47 79 55 87 93 114 91 15 59 61 23 62 39 113 71 108 27 43 7 75 29 45 30 106 51 83 99 11 77 105 101 53 85 46 102 78 13 54 89 86 57 19 21 35 90 58 67 37 92 14 69 5 3 22 25 60 41 73 38 26 70 49 81 42 97 74 112 6 9 17 28 33 50 82 98 65 10 1 44 76 100 104 52 84 18 34 66 2 12 88 56 20 36 24 68 40 72 48 80 96 4 8 16 32 64 0 

127 125 126 123 119 124 122 111 121 118 117 115 110 95 120 109 116 107 114 94 103 63 113 108 93 91 106 105 87 102 79 62 112 92 101 61 99 59 55 90 31 47 89 29 104 45 13 83 11 53 78 15 41 60 77 25 19 98 70 56 88 84 100 9 24 26 20 68 10 85 96 86 33 22 1 28 34 42 48 66 80 76 40 16 0 64 32 8 49 12 81 4 82 52 72 7 36 44 6 5 18 97 38 50 2 58 73 17 67 3 30 65 46 74 69 51 37 23 14 21 35 75 71 57 39 54 43 27 

0.000000000000 0.000000015611 0.000000008575 0.001799600000 0.000000334760 0.003651700000 0.008213200000 0.185790000000 0.000046373000 0.016121000000 0.034860000000 0.318010000000 0.098047000000 0.456110000000 0.566800000000 0.873260000000 0.003666400000 0.108830000000 0.191030000000 0.579120000000 0.306210000000 0.665680000000 0.686490000000 0.928190000000 0.393080000000 0.718860000000 0.688350000000 0.927000000000 0.669290000000 0.899540000000 0.863570000000 0.992490000000 0.090695000000 0.384970000000 0.449120000000 0.778430000000 0.462290000000 0.763880000000 0.740490000000 0.952440000000 0.440150000000 0.742410000000 0.694900000000 0.929850000000 0.667180000000 0.897690000000 0.859930000000 0.991580000000 0.417760000000 0.719000000000 0.676470000000 0.921530000000 0.622010000000 0.873040000000 0.838490000000 0.986400000000 0.576550000000 0.853350000000 0.785700000000 0.978040000000 0.772160000000 0.940420000000 0.899620000000 0.999100000000 0.259210000000 0.541730000000 0.507830000000 0.823730000000 0.473990000000 0.772010000000 0.743990000000 0.954350000000 0.438290000000 0.740220000000 0.692610000000 0.928840000000 0.665820000000 0.896910000000 0.858390000000 0.991080000000 0.398180000000 0.698670000000 0.656140000000 0.911680000000 0.602720000000 0.861590000000 0.824980000000 0.981920000000 0.561520000000 0.842640000000 0.777880000000 0.972050000000 0.762180000000 0.937930000000 0.895970000000 0.998720000000 0.371760000000 0.663160000000 0.629790000000 0.894170000000 0.586930000000 0.851270000000 0.817480000000 0.977470000000 0.523680000000 0.811530000000 0.749340000000 0.956330000000 0.748370000000 0.933470000000 0.892310000000 0.998280000000 0.463530000000 0.781210000000 0.737020000000 0.947090000000 0.675060000000 0.901860000000 0.888700000000 0.998020000000 0.619420000000 0.877030000000 0.790000000000 0.993500000000 0.798500000000 0.943620000000 0.908410000000 0.999720000000 

0.000000000000 0.000000009408 0.000000004409 0.004128500000 0.000000279890 0.008308400000 0.017905000000 0.366110000000 0.000120040000 0.036341000000 0.072313000000 0.578750000000 0.200400000000 0.768000000000 0.881970000000 0.992660000000 0.009109100000 0.247580000000 0.391850000000 0.891410000000 0.630370000000 0.962790000000 0.982260000000 0.996010000000 0.845840000000 0.990150000000 0.993650000000 0.996080000000 0.994770000000 0.996080000000 0.996100000000 0.996090000000 0.255210000000 0.805090000000 0.903870000000 0.993470000000 0.962000000000 0.995720000000 0.995810000000 0.996080000000 0.984440000000 0.996090000000 0.996090000000 0.996080000000 0.996040000000 0.996100000000 0.996100000000 0.996090000000 0.991340000000 0.996060000000 0.996070000000 0.996090000000 0.996140000000 0.996120000000 0.996110000000 0.996100000000 0.996150000000 0.996080000000 0.996120000000 0.996090000000 0.996110000000 0.996090000000 0.996120000000 0.996090000000 0.867800000000 0.991670000000 0.994280000000 0.996060000000 0.995270000000 0.996110000000 0.996150000000 0.996080000000 0.995630000000 0.996160000000 0.996060000000 0.996100000000 0.996120000000 0.996110000000 0.996100000000 0.996090000000 0.995790000000 0.996120000000 0.996030000000 0.996100000000 0.996170000000 0.996090000000 0.996060000000 0.996090000000 0.996160000000 0.996100000000 0.996120000000 0.996100000000 0.996130000000 0.996090000000 0.996090000000 0.996090000000 0.995740000000 0.996120000000 0.995940000000 0.996090000000 0.996170000000 0.996090000000 0.996080000000 0.996080000000 0.996130000000 0.996090000000 0.996130000000 0.996090000000 0.996080000000 0.996100000000 0.996110000000 0.996090000000 0.996060000000 0.996130000000 0.996030000000 0.996100000000 0.996050000000 0.996090000000 0.996080000000 0.996090000000 0.996100000000 0.996100000000 0.996100000000 0.996100000000 0.996110000000 0.996110000000 0.996090000000 0.996090000000 

N_obs: 160000

File Format:
1- most to least reliable channels (taken entropies)
2- most to least reliable channels (taken error probabilities)
3- channels entropies (flipped)
4- channels error probabilities (flipped)
5- number of MontCarlo simulations
