127 126 125 123 119 111 124 122 121 118 117 115 95 110 109 120 107 116 94 114 63 103 93 108 113 91 31 47 79 87 106 55 59 15 61 62 23 105 39 71 27 102 43 75 7 99 101 29 92 83 45 51 30 77 85 11 53 46 89 90 78 86 112 54 57 13 19 21 35 58 67 37 14 69 5 3 60 22 25 41 73 38 97 70 26 81 104 49 42 74 98 6 9 82 17 28 100 50 33 65 10 44 1 76 84 52 18 88 34 66 2 12 56 20 36 68 24 40 72 96 80 48 4 8 16 32 64 0 

127 126 125 123 119 111 124 122 121 118 117 115 95 110 109 120 107 116 114 94 103 113 108 93 63 106 91 105 102 87 112 92 62 101 79 61 99 90 89 59 104 55 86 47 85 31 83 100 78 98 77 75 15 46 29 97 60 3 54 6 69 50 7 21 5 49 13 39 41 57 35 56 10 33 36 22 14 34 58 71 24 20 51 26 82 48 96 16 68 12 8 4 66 72 2 80 32 0 64 40 81 42 65 1 44 76 88 37 70 17 43 52 9 18 84 27 28 53 30 74 25 38 19 45 67 11 73 23 

0.000000000000 0.000000000000 0.000000000001 0.000079571000 0.000000000001 0.000177390000 0.000338190000 0.051918000000 0.000000036353 0.000945240000 0.002036100000 0.102590000000 0.009050400000 0.183550000000 0.308860000000 0.725230000000 0.000050331000 0.013822000000 0.029466000000 0.291690000000 0.084077000000 0.423590000000 0.535270000000 0.853380000000 0.212830000000 0.583150000000 0.618840000000 0.891050000000 0.618610000000 0.872680000000 0.843430000000 0.987290000000 0.011465000000 0.170240000000 0.266300000000 0.639380000000 0.360610000000 0.693970000000 0.692870000000 0.931750000000 0.401110000000 0.711140000000 0.672590000000 0.918950000000 0.645570000000 0.886500000000 0.851300000000 0.989350000000 0.398790000000 0.700200000000 0.660050000000 0.913290000000 0.608770000000 0.865340000000 0.830090000000 0.983760000000 0.565030000000 0.845470000000 0.781110000000 0.973980000000 0.765380000000 0.938760000000 0.897330000000 0.998840000000 0.192900000000 0.486190000000 0.481310000000 0.802110000000 0.456780000000 0.757950000000 0.731340000000 0.949600000000 0.425600000000 0.728720000000 0.682730000000 0.924030000000 0.655410000000 0.891850000000 0.854860000000 0.990240000000 0.390990000000 0.690120000000 0.646550000000 0.907020000000 0.595280000000 0.857310000000 0.821270000000 0.980640000000 0.553290000000 0.836760000000 0.773730000000 0.969240000000 0.756420000000 0.936320000000 0.894050000000 0.998460000000 0.365680000000 0.657230000000 0.622190000000 0.890260000000 0.579960000000 0.846820000000 0.813450000000 0.976550000000 0.517290000000 0.806990000000 0.747530000000 0.954450000000 0.740080000000 0.930470000000 0.889210000000 0.997820000000 0.461320000000 0.777950000000 0.733740000000 0.946050000000 0.674100000000 0.900490000000 0.884820000000 0.997450000000 0.616110000000 0.875700000000 0.790780000000 0.992910000000 0.796900000000 0.943600000000 0.907940000000 0.999700000000 

0.000000000000 0.000000000000 0.000000000000 0.000168090000 0.000000000000 0.000396990000 0.000707180000 0.109550000000 0.000000024958 0.002078000000 0.004489800000 0.208770000000 0.018942000000 0.356640000000 0.534600000000 0.950300000000 0.000102480000 0.031560000000 0.063043000000 0.545110000000 0.175960000000 0.736480000000 0.859930000000 0.991470000000 0.462690000000 0.920140000000 0.964340000000 0.995720000000 0.983320000000 0.995990000000 0.996040000000 0.996090000000 0.030907000000 0.401960000000 0.572990000000 0.950370000000 0.784810000000 0.984760000000 0.991150000000 0.996100000000 0.923930000000 0.994560000000 0.995300000000 0.996120000000 0.995630000000 0.996090000000 0.996100000000 0.996090000000 0.972700000000 0.995840000000 0.996000000000 0.996100000000 0.996010000000 0.996130000000 0.996160000000 0.996090000000 0.996090000000 0.996100000000 0.996060000000 0.996090000000 0.996150000000 0.996090000000 0.996100000000 0.996090000000 0.630300000000 0.962570000000 0.982900000000 0.996050000000 0.991360000000 0.996090000000 0.996070000000 0.996080000000 0.994060000000 0.996050000000 0.996120000000 0.996110000000 0.996090000000 0.996060000000 0.996070000000 0.996090000000 0.995140000000 0.996020000000 0.996150000000 0.996100000000 0.996110000000 0.996100000000 0.996070000000 0.996100000000 0.996070000000 0.996140000000 0.996100000000 0.996080000000 0.996080000000 0.996090000000 0.996080000000 0.996090000000 0.995510000000 0.996120000000 0.996040000000 0.996120000000 0.996120000000 0.996090000000 0.996140000000 0.996090000000 0.996170000000 0.996090000000 0.996060000000 0.996090000000 0.996140000000 0.996120000000 0.996110000000 0.996090000000 0.996010000000 0.996090000000 0.996070000000 0.996090000000 0.996160000000 0.996080000000 0.996110000000 0.996090000000 0.996060000000 0.996060000000 0.996070000000 0.996090000000 0.996050000000 0.996090000000 0.996100000000 0.996090000000 

N_obs: 160000

File Format:
1- most to least reliable channels (taken entropies)
2- most to least reliable channels (taken error probabilities)
3- channels entropies (flipped)
4- channels error probabilities (flipped)
5- number of MontCarlo simulations
