63 62 61 59 31 47 55 15 60 23 39 29 30 7 27 58 57 51 43 46 53 45 54 11 19 35 3 14 13 25 49 21 37 41 28 5 9 17 33 1 22 56 38 26 52 50 44 42 6 12 10 24 18 20 34 48 36 40 8 2 4 16 32 0 

63 62 61 59 60 55 47 58 57 31 54 53 51 46 45 43 39 15 56 27 7 23 25 19 37 41 5 33 11 52 26 17 35 3 29 2 44 4 14 13 36 16 30 0 8 24 12 10 34 40 50 32 18 48 6 28 38 20 42 22 49 9 1 21 

0.000738930000 0.049407000000 0.097152000000 0.454340000000 0.193910000000 0.592290000000 0.599640000000 0.924730000000 0.271740000000 0.691150000000 0.683060000000 0.950660000000 0.611880000000 0.950720000000 0.873190000000 0.994790000000 0.258840000000 0.656150000000 0.683840000000 0.954300000000 0.632710000000 0.959110000000 0.878180000000 0.995180000000 0.477560000000 0.927680000000 0.876280000000 0.994990000000 0.740710000000 0.994730000000 0.909520000000 0.999510000000 0.200610000000 0.528750000000 0.527820000000 0.895000000000 0.572250000000 0.937910000000 0.866380000000 0.993670000000 0.470930000000 0.923000000000 0.873330000000 0.994440000000 0.738010000000 0.993880000000 0.908270000000 0.999360000000 0.330970000000 0.766730000000 0.839400000000 0.991830000000 0.735780000000 0.993600000000 0.907800000000 0.999280000000 0.536000000000 0.970750000000 0.907590000000 0.999300000000 0.762130000000 0.999290000000 0.916520000000 0.999940000000 

0.002812500000 0.159820000000 0.297050000000 0.831850000000 0.581590000000 0.940170000000 0.963850000000 0.984230000000 0.835120000000 0.978050000000 0.980970000000 0.984360000000 0.982250000000 0.984380000000 0.984390000000 0.984380000000 0.936410000000 0.983550000000 0.983950000000 0.984370000000 0.983990000000 0.984380000000 0.984360000000 0.984380000000 0.984030000000 0.984380000000 0.984350000000 0.984380000000 0.984370000000 0.984380000000 0.984360000000 0.984380000000 0.966260000000 0.984380000000 0.984370000000 0.984380000000 0.984260000000 0.984370000000 0.984330000000 0.984380000000 0.984320000000 0.984390000000 0.984410000000 0.984380000000 0.984340000000 0.984380000000 0.984370000000 0.984380000000 0.984200000000 0.984370000000 0.984370000000 0.984380000000 0.984360000000 0.984380000000 0.984400000000 0.984380000000 0.984310000000 0.984380000000 0.984360000000 0.984370000000 0.984370000000 0.984370000000 0.984400000000 0.984380000000 

N_obs: 800000

File Format:
1- most to least reliable channels (taken entropies)
2- most to least reliable channels (taken error probabilities)
3- channels entropies (flipped)
4- channels error probabilities (flipped)
5- number of MontCarlo simulations
