63 62 31 61 47 59 55 15 23 39 7 30 29 27 60 51 43 57 46 58 45 11 19 35 53 3 54 14 13 25 21 49 37 41 28 5 9 17 33 1 22 38 56 26 52 50 44 6 42 12 10 24 18 20 34 48 36 40 8 2 4 16 32 0 

63 62 61 59 55 60 47 31 58 57 54 53 51 46 45 15 39 43 7 23 19 3 27 14 50 21 56 38 41 52 25 33 44 12 20 13 40 6 10 1 34 8 28 24 32 0 4 2 16 36 18 48 29 9 17 42 11 5 22 26 49 37 35 30 

0.010417000000 0.149740000000 0.224410000000 0.630470000000 0.293820000000 0.702610000000 0.679600000000 0.951850000000 0.328230000000 0.765460000000 0.749770000000 0.969050000000 0.659170000000 0.969500000000 0.887330000000 0.996900000000 0.283940000000 0.698260000000 0.739870000000 0.970100000000 0.674660000000 0.974720000000 0.890430000000 0.997070000000 0.499530000000 0.945840000000 0.889060000000 0.996960000000 0.749300000000 0.996790000000 0.912100000000 0.999700000000 0.211110000000 0.550740000000 0.552110000000 0.907090000000 0.615480000000 0.957790000000 0.881210000000 0.996030000000 0.493690000000 0.941850000000 0.886640000000 0.996560000000 0.747140000000 0.996200000000 0.911090000000 0.999600000000 0.340660000000 0.778010000000 0.859190000000 0.994920000000 0.745550000000 0.996020000000 0.910750000000 0.999550000000 0.542410000000 0.973920000000 0.910580000000 0.999560000000 0.764100000000 0.999560000000 0.917250000000 0.999960000000 

0.044076000000 0.473450000000 0.673360000000 0.958470000000 0.860000000000 0.979840000000 0.981880000000 0.984350000000 0.942350000000 0.983790000000 0.983940000000 0.984360000000 0.984080000000 0.984350000000 0.984390000000 0.984380000000 0.967180000000 0.984220000000 0.984250000000 0.984370000000 0.984280000000 0.984380000000 0.984360000000 0.984370000000 0.984270000000 0.984360000000 0.984390000000 0.984380000000 0.984420000000 0.984370000000 0.984360000000 0.984370000000 0.976430000000 0.984470000000 0.984380000000 0.984370000000 0.984340000000 0.984390000000 0.984360000000 0.984370000000 0.984300000000 0.984380000000 0.984350000000 0.984370000000 0.984310000000 0.984380000000 0.984380000000 0.984380000000 0.984260000000 0.984340000000 0.984370000000 0.984370000000 0.984380000000 0.984370000000 0.984380000000 0.984370000000 0.984290000000 0.984370000000 0.984380000000 0.984380000000 0.984330000000 0.984380000000 0.984370000000 0.984370000000 

N_obs: 800000

File Format:
1- most to least reliable channels (taken entropies)
2- most to least reliable channels (taken error probabilities)
3- channels entropies (flipped)
4- channels error probabilities (flipped)
5- number of MontCarlo simulations
