63 61 59 62 55 47 60 58 57 54 53 51 31 46 45 56 43 52 30 50 39 29 49 44 27 15 23 42 41 7 38 35 28 37 11 19 14 25 13 26 48 21 22 3 40 33 5 9 17 36 1 34 6 24 12 18 10 20 32 8 4 2 16 0 

63 61 59 62 55 47 60 58 57 54 53 51 46 31 45 56 43 52 50 30 39 49 44 29 42 27 41 38 23 48 28 37 15 35 26 40 25 22 21 36 19 14 13 34 11 33 7 24 5 1 4 16 8 2 3 0 32 6 12 10 18 9 20 17 

0.000000000000 0.000000000000 0.000000000000 0.000008688100 0.000000000000 0.000014173000 0.000035129000 0.019091000000 0.000000000047 0.000108850000 0.000240240000 0.043052000000 0.001450700000 0.092516000000 0.169330000000 0.656230000000 0.000002668200 0.004061100000 0.008725300000 0.190260000000 0.032842000000 0.321110000000 0.417510000000 0.840450000000 0.112200000000 0.500010000000 0.551750000000 0.902440000000 0.528670000000 0.909820000000 0.844140000000 0.990140000000 0.003103500000 0.089550000000 0.150320000000 0.540950000000 0.233670000000 0.643170000000 0.636200000000 0.937090000000 0.271980000000 0.685370000000 0.671330000000 0.946510000000 0.596840000000 0.943060000000 0.867230000000 0.993760000000 0.243330000000 0.624960000000 0.641350000000 0.940370000000 0.596730000000 0.944140000000 0.867100000000 0.993390000000 0.460490000000 0.912780000000 0.866260000000 0.993480000000 0.735280000000 0.993490000000 0.908380000000 0.999440000000 

0.000000000000 0.000000000000 0.000000000000 0.000020435000 0.000000000000 0.000033242000 0.000083365000 0.041024000000 0.000000000015 0.000268030000 0.000589500000 0.089044000000 0.003414800000 0.180890000000 0.319490000000 0.866250000000 0.000006688500 0.010159000000 0.021633000000 0.368050000000 0.080852000000 0.568510000000 0.724860000000 0.967440000000 0.311900000000 0.832720000000 0.907790000000 0.982480000000 0.949650000000 0.983950000000 0.984040000000 0.984370000000 0.012134000000 0.277700000000 0.439610000000 0.894160000000 0.673440000000 0.956870000000 0.970370000000 0.984290000000 0.851950000000 0.979050000000 0.981300000000 0.984390000000 0.982530000000 0.984380000000 0.984390000000 0.984370000000 0.933780000000 0.983390000000 0.983770000000 0.984380000000 0.984000000000 0.984380000000 0.984390000000 0.984370000000 0.984110000000 0.984380000000 0.984360000000 0.984370000000 0.984370000000 0.984370000000 0.984360000000 0.984370000000 

N_obs: 800000

File Format:
1- most to least reliable channels (taken entropies)
2- most to least reliable channels (taken error probabilities)
3- channels entropies (flipped)
4- channels error probabilities (flipped)
5- number of MontCarlo simulations
