63 61 62 59 55 47 60 58 57 54 53 51 31 46 45 56 43 52 50 30 39 29 49 44 27 42 15 23 41 38 28 7 37 35 48 26 19 25 11 14 13 21 22 3 40 33 36 17 5 9 34 6 1 24 18 12 20 10 32 8 2 4 16 0 

63 61 62 59 55 47 60 58 57 54 53 51 31 46 45 56 43 52 50 30 39 49 44 29 42 27 41 38 23 48 28 37 15 26 35 40 25 22 21 36 19 14 34 13 33 11 7 24 20 3 5 32 16 18 4 17 0 1 2 12 8 10 6 9 

0.000000000000 0.000000000000 0.000000000000 0.000001579200 0.000000000000 0.000002392700 0.000005901400 0.008025900000 0.000000000000 0.000015161000 0.000034182000 0.018261000000 0.000223610000 0.040841000000 0.084151000000 0.526220000000 0.000000006068 0.000872350000 0.001819500000 0.098139000000 0.008668600000 0.185720000000 0.283390000000 0.752590000000 0.051810000000 0.370520000000 0.456060000000 0.856860000000 0.474690000000 0.878660000000 0.821320000000 0.985930000000 0.000545790000 0.041855000000 0.079726000000 0.419770000000 0.159610000000 0.552120000000 0.572730000000 0.912910000000 0.230390000000 0.633710000000 0.629690000000 0.932570000000 0.568060000000 0.929580000000 0.857300000000 0.992110000000 0.228830000000 0.600720000000 0.613530000000 0.930270000000 0.573940000000 0.933580000000 0.859080000000 0.992000000000 0.448530000000 0.901650000000 0.858050000000 0.992080000000 0.729950000000 0.992060000000 0.906960000000 0.999320000000 

0.000000000000 0.000000000000 0.000000000000 0.000003294700 0.000000000000 0.000006463700 0.000015979000 0.017192000000 0.000000000000 0.000032841000 0.000085067000 0.038560000000 0.000504180000 0.083124000000 0.165320000000 0.756140000000 0.000000002663 0.002202200000 0.004488100000 0.201160000000 0.021197000000 0.354930000000 0.523280000000 0.930700000000 0.141300000000 0.674020000000 0.805930000000 0.975680000000 0.903920000000 0.982370000000 0.983040000000 0.984360000000 0.001990900000 0.130670000000 0.236030000000 0.776520000000 0.465510000000 0.902330000000 0.943650000000 0.983760000000 0.731180000000 0.966000000000 0.975060000000 0.984350000000 0.979200000000 0.984370000000 0.984370000000 0.984370000000 0.890330000000 0.981680000000 0.982720000000 0.984380000000 0.983280000000 0.984390000000 0.984440000000 0.984380000000 0.983590000000 0.984400000000 0.984360000000 0.984370000000 0.984350000000 0.984380000000 0.984380000000 0.984380000000 

N_obs: 800000

File Format:
1- most to least reliable channels (taken entropies)
2- most to least reliable channels (taken error probabilities)
3- channels entropies (flipped)
4- channels error probabilities (flipped)
5- number of MontCarlo simulations
