63 62 61 59 31 47 55 15 60 23 39 29 30 7 58 27 57 51 43 46 53 54 45 11 19 35 3 14 13 25 49 21 37 41 28 5 9 17 33 56 1 22 38 26 52 50 44 42 6 12 10 24 18 20 48 34 36 40 8 2 4 16 32 0 

63 62 61 59 60 55 58 47 57 31 54 53 51 46 45 43 56 39 27 7 23 29 30 15 11 26 14 5 6 1 28 13 52 38 21 34 10 3 24 42 40 16 18 20 12 36 32 2 44 0 8 4 48 37 33 19 41 50 9 22 17 35 25 49 

0.000269580000 0.032468000000 0.067584000000 0.394980000000 0.157750000000 0.546960000000 0.568860000000 0.912560000000 0.250760000000 0.664720000000 0.661100000000 0.943750000000 0.596490000000 0.943950000000 0.868220000000 0.994000000000 0.250680000000 0.642920000000 0.667480000000 0.949210000000 0.619850000000 0.953960000000 0.874150000000 0.994530000000 0.470770000000 0.921850000000 0.872070000000 0.994300000000 0.737840000000 0.994000000000 0.908710000000 0.999440000000 0.197990000000 0.522220000000 0.520370000000 0.891220000000 0.560340000000 0.931920000000 0.861830000000 0.992900000000 0.464030000000 0.917070000000 0.869060000000 0.993720000000 0.735080000000 0.993100000000 0.907410000000 0.999280000000 0.327860000000 0.762950000000 0.833370000000 0.990790000000 0.732660000000 0.992780000000 0.906890000000 0.999190000000 0.533680000000 0.969650000000 0.906670000000 0.999210000000 0.761510000000 0.999210000000 0.916300000000 0.999930000000 

0.000973750000 0.104710000000 0.206590000000 0.764040000000 0.471780000000 0.909170000000 0.949670000000 0.983910000000 0.777080000000 0.972760000000 0.978460000000 0.984360000000 0.980850000000 0.984380000000 0.984400000000 0.984380000000 0.919220000000 0.982930000000 0.983610000000 0.984370000000 0.983890000000 0.984370000000 0.984380000000 0.984370000000 0.984020000000 0.984370000000 0.984380000000 0.984370000000 0.984400000000 0.984370000000 0.984380000000 0.984370000000 0.961670000000 0.984310000000 0.984280000000 0.984360000000 0.984230000000 0.984340000000 0.984400000000 0.984370000000 0.984280000000 0.984390000000 0.984370000000 0.984370000000 0.984380000000 0.984370000000 0.984390000000 0.984370000000 0.984310000000 0.984350000000 0.984360000000 0.984370000000 0.984340000000 0.984370000000 0.984390000000 0.984380000000 0.984240000000 0.984360000000 0.984350000000 0.984380000000 0.984370000000 0.984370000000 0.984360000000 0.984370000000 

N_obs: 800000

File Format:
1- most to least reliable channels (taken entropies)
2- most to least reliable channels (taken error probabilities)
3- channels entropies (flipped)
4- channels error probabilities (flipped)
5- number of MontCarlo simulations
