63 62 61 59 55 60 47 58 57 54 53 51 31 46 45 56 43 52 30 39 15 29 50 23 27 49 44 7 42 35 41 11 19 14 37 38 13 28 25 21 3 26 22 48 33 5 9 17 1 40 6 34 36 12 10 18 24 20 32 8 2 4 16 0 

63 62 61 59 55 60 58 47 57 54 53 51 46 31 56 45 52 43 50 30 49 39 44 29 42 27 41 23 38 48 15 37 28 35 26 25 40 22 21 19 14 13 36 7 20 33 2 32 34 4 12 16 0 10 24 9 17 18 8 11 1 6 3 5 

0.000000000000 0.000000000001 0.000000000026 0.000167340000 0.000000000950 0.000342600000 0.000769280000 0.076307000000 0.000000718720 0.002390100000 0.005248000000 0.164460000000 0.023688000000 0.294610000000 0.403390000000 0.838090000000 0.000336780000 0.038692000000 0.075682000000 0.449870000000 0.162530000000 0.592500000000 0.618290000000 0.929660000000 0.245760000000 0.676010000000 0.673590000000 0.947440000000 0.603700000000 0.946620000000 0.871090000000 0.994630000000 0.028121000000 0.222780000000 0.287160000000 0.704100000000 0.332480000000 0.750060000000 0.717100000000 0.961520000000 0.321350000000 0.751980000000 0.730030000000 0.963470000000 0.638490000000 0.960600000000 0.880250000000 0.995800000000 0.262900000000 0.660820000000 0.687030000000 0.955210000000 0.633460000000 0.959640000000 0.878890000000 0.995340000000 0.479830000000 0.929690000000 0.878340000000 0.995430000000 0.743000000000 0.995430000000 0.910540000000 0.999610000000 

0.000000000000 0.000000000000 0.000000000008 0.000398930000 0.000000000423 0.000794230000 0.001824000000 0.156440000000 0.000000799380 0.005616200000 0.012368000000 0.310430000000 0.055241000000 0.513140000000 0.687600000000 0.964210000000 0.001023100000 0.099302000000 0.183910000000 0.736020000000 0.396110000000 0.878840000000 0.931930000000 0.983420000000 0.690870000000 0.961090000000 0.972970000000 0.984310000000 0.978050000000 0.984370000000 0.984360000000 0.984370000000 0.120690000000 0.640620000000 0.791920000000 0.973430000000 0.899950000000 0.981960000000 0.982800000000 0.984380000000 0.949070000000 0.983890000000 0.984070000000 0.984360000000 0.984130000000 0.984380000000 0.984380000000 0.984370000000 0.968010000000 0.984260000000 0.984270000000 0.984370000000 0.984380000000 0.984380000000 0.984380000000 0.984380000000 0.984320000000 0.984390000000 0.984420000000 0.984370000000 0.984400000000 0.984370000000 0.984390000000 0.984380000000 

N_obs: 800000

File Format:
1- most to least reliable channels (taken entropies)
2- most to least reliable channels (taken error probabilities)
3- channels entropies (flipped)
4- channels error probabilities (flipped)
5- number of MontCarlo simulations
