63 62 61 59 31 55 47 60 15 58 23 39 57 29 30 7 27 51 43 54 53 46 45 11 19 35 14 3 13 25 49 21 37 41 56 28 22 5 9 17 33 38 1 26 52 50 44 42 6 12 10 24 18 48 20 34 36 40 8 2 4 16 32 0 

63 62 61 59 60 55 58 47 57 54 31 53 51 46 56 45 43 39 30 29 23 52 27 15 11 19 22 49 13 44 12 50 21 38 33 17 6 40 2 18 34 16 1 0 10 8 32 4 24 36 48 20 41 9 37 26 25 28 42 35 7 5 3 14 

0.000025837000 0.011132000000 0.024830000000 0.267750000000 0.082757000000 0.427370000000 0.488340000000 0.874740000000 0.192340000000 0.593310000000 0.606400000000 0.924520000000 0.559640000000 0.926380000000 0.855260000000 0.991840000000 0.230390000000 0.610920000000 0.630180000000 0.936580000000 0.590270000000 0.941050000000 0.864340000000 0.992870000000 0.455340000000 0.908020000000 0.861930000000 0.992570000000 0.731090000000 0.992200000000 0.906810000000 0.999270000000 0.191090000000 0.507400000000 0.503840000000 0.882380000000 0.535170000000 0.918220000000 0.851490000000 0.991070000000 0.449070000000 0.903550000000 0.859150000000 0.991980000000 0.728270000000 0.991210000000 0.905430000000 0.999090000000 0.321890000000 0.754750000000 0.819940000000 0.988330000000 0.725430000000 0.990790000000 0.904810000000 0.998960000000 0.529370000000 0.967060000000 0.904570000000 0.999000000000 0.760120000000 0.998990000000 0.915820000000 0.999910000000 

0.000094417000 0.034875000000 0.075364000000 0.574660000000 0.245030000000 0.788320000000 0.886450000000 0.981530000000 0.600370000000 0.944510000000 0.965550000000 0.984230000000 0.974890000000 0.984360000000 0.984360000000 0.984380000000 0.860980000000 0.980090000000 0.982200000000 0.984360000000 0.982960000000 0.984390000000 0.984380000000 0.984370000000 0.983320000000 0.984370000000 0.984380000000 0.984380000000 0.984410000000 0.984370000000 0.984370000000 0.984380000000 0.947210000000 0.983950000000 0.984020000000 0.984390000000 0.984240000000 0.984380000000 0.984390000000 0.984380000000 0.984190000000 0.984350000000 0.984360000000 0.984380000000 0.984340000000 0.984370000000 0.984370000000 0.984370000000 0.984280000000 0.984460000000 0.984360000000 0.984360000000 0.984320000000 0.984380000000 0.984380000000 0.984380000000 0.984420000000 0.984370000000 0.984420000000 0.984380000000 0.984450000000 0.984370000000 0.984380000000 0.984380000000 

N_obs: 800000

File Format:
1- most to least reliable channels (taken entropies)
2- most to least reliable channels (taken error probabilities)
3- channels entropies (flipped)
4- channels error probabilities (flipped)
5- number of MontCarlo simulations
