63 62 61 59 55 47 60 58 31 54 57 51 45 46 53 43 39 30 29 56 52 27 50 49 44 42 41 23 38 37 28 26 15 35 25 48 22 40 21 36 19 14 13 34 7 24 11 33 20 18 3 17 12 9 5 6 10 32 1 16 8 2 4 0 

63 62 61 59 55 47 60 58 31 54 57 51 45 46 53 43 39 30 56 29 52 50 27 49 44 42 41 23 38 37 28 26 35 15 48 25 22 40 21 36 19 34 14 24 13 33 20 11 18 7 17 12 32 10 9 6 5 3 16 4 2 0 8 1 

0.000000000000 0.000000000000 0.000000000000 0.000000000000 0.000000000000 0.000000000000 0.000000000000 0.000012659000 0.000000000000 0.000000000000 0.000000000135 0.000026022000 0.000000000000 0.000057553000 0.000118400000 0.037727000000 0.000000000000 0.000000000033 0.000000000020 0.000191860000 0.000000000243 0.000410340000 0.000889110000 0.085088000000 0.000000409860 0.002712600000 0.005855900000 0.179130000000 0.025961000000 0.314860000000 0.424550000000 0.852140000000 0.000000000000 0.000004444900 0.000009387100 0.008124400000 0.000052770000 0.017451000000 0.036195000000 0.352000000000 0.001069500000 0.066074000000 0.118890000000 0.541450000000 0.213190000000 0.660950000000 0.668200000000 0.947420000000 0.020612000000 0.220490000000 0.304610000000 0.741110000000 0.362660000000 0.790330000000 0.750480000000 0.969270000000 0.342520000000 0.784080000000 0.760570000000 0.971750000000 0.664860000000 0.971440000000 0.890060000000 0.997440000000 

0.000000000000 0.000000000000 0.000000000000 0.000000000000 0.000000000000 0.000000000000 0.000000000000 0.000022678000 0.000000000000 0.000000000000 0.000000000050 0.000055202000 0.000000000000 0.000125300000 0.000253830000 0.075262000000 0.000000000000 0.000000000010 0.000000000005 0.000418120000 0.000000000086 0.000896140000 0.001960000000 0.162440000000 0.000002444700 0.006003400000 0.012737000000 0.320100000000 0.057399000000 0.526030000000 0.699460000000 0.966270000000 0.000000000000 0.000008675600 0.000024259000 0.019926000000 0.000148810000 0.041661000000 0.083282000000 0.595410000000 0.002959200000 0.153930000000 0.263950000000 0.805610000000 0.488910000000 0.914180000000 0.949710000000 0.983910000000 0.070279000000 0.527970000000 0.691660000000 0.960430000000 0.838660000000 0.978120000000 0.980750000000 0.984380000000 0.923180000000 0.983090000000 0.983520000000 0.984360000000 0.983790000000 0.984360000000 0.984390000000 0.984370000000 

N_obs: 800000

File Format:
1- most to least reliable channels (taken entropies)
2- most to least reliable channels (taken error probabilities)
3- channels entropies (flipped)
4- channels error probabilities (flipped)
5- number of MontCarlo simulations
