63 62 61 60 59 58 57 56 55 54 53 52 51 47 46 45 43 42 39 31 30 29 27 23 15 49 38 50 28 44 37 41 25 26 35 21 22 14 19 11 13 48 7 40 36 34 24 33 20 18 17 12 10 9 6 5 32 3 16 8 4 2 1 0 

63 62 61 60 59 58 57 56 55 54 53 52 51 47 46 45 43 42 39 31 30 29 27 23 15 38 50 49 44 28 37 41 25 26 35 21 22 14 19 11 13 48 7 40 34 36 24 33 20 18 17 12 10 9 6 5 32 3 16 8 4 2 1 0 

0.000000000000 0.000000000000 0.000000000000 0.000000000000 0.000000000000 0.000000000000 0.000000000000 0.000000000000 0.000000000000 0.000000000000 0.000000000000 0.000000000000 0.000000000000 0.000000000000 0.000000000000 0.000000348160 0.000000000000 0.000000000000 0.000000000000 0.000000000000 0.000000000000 0.000000000000 0.000000000000 0.000001238400 0.000000000000 0.000000000000 0.000000000000 0.000003081700 0.000000000000 0.000003328200 0.000008826400 0.012074000000 0.000000000000 0.000000000000 0.000000000000 0.000000000000 0.000000000000 0.000000000000 0.000000000000 0.000005665700 0.000000000000 0.000000000000 0.000000000000 0.000013615000 0.000000000000 0.000026229000 0.000056688000 0.026825000000 0.000000000000 0.000000000000 0.000000000011 0.000094258000 0.000000000007 0.000190490000 0.000391820000 0.060903000000 0.000000491860 0.001305500000 0.002807800000 0.133270000000 0.014562000000 0.250660000000 0.364860000000 0.820440000000 

0.000000000000 0.000000000000 0.000000000000 0.000000000000 0.000000000000 0.000000000000 0.000000000000 0.000000000000 0.000000000000 0.000000000000 0.000000000000 0.000000000000 0.000000000000 0.000000000000 0.000000000000 0.000000345280 0.000000000000 0.000000000000 0.000000000000 0.000000000000 0.000000000000 0.000000000000 0.000000000000 0.000002922700 0.000000000000 0.000000000000 0.000000000000 0.000004886200 0.000000000000 0.000004684700 0.000021974000 0.024878000000 0.000000000000 0.000000000000 0.000000000000 0.000000000000 0.000000000000 0.000000000000 0.000000000000 0.000012920000 0.000000000000 0.000000000000 0.000000000000 0.000024059000 0.000000000000 0.000060182000 0.000127230000 0.054355000000 0.000000000000 0.000000000000 0.000000000003 0.000205310000 0.000000000002 0.000404150000 0.000850120000 0.118780000000 0.000000757410 0.002857800000 0.006151000000 0.246270000000 0.032355000000 0.434720000000 0.620350000000 0.955870000000 

N_obs: 800000

File Format:
1- most to least reliable channels (taken entropies)
2- most to least reliable channels (taken error probabilities)
3- channels entropies (flipped)
4- channels error probabilities (flipped)
5- number of MontCarlo simulations
