63 62 61 60 59 58 57 56 55 54 53 52 51 50 49 47 46 45 44 43 42 41 39 38 37 35 31 30 29 28 27 26 25 23 22 21 19 15 14 13 11 7 48 40 36 34 24 33 18 20 17 12 10 9 6 5 3 32 16 8 4 2 1 0 

63 62 61 60 59 58 57 56 55 54 53 52 51 50 49 47 46 45 44 43 42 41 39 38 37 35 31 30 29 28 27 26 25 23 22 21 19 15 14 13 11 7 48 40 36 34 18 24 33 17 20 9 12 10 6 5 3 32 16 8 4 2 1 0 

0.000000000000 0.000000000000 0.000000000000 0.000000000000 0.000000000000 0.000000000000 0.000000000000 0.000000000000 0.000000000000 0.000000000000 0.000000000000 0.000000000000 0.000000000000 0.000000000000 0.000000000000 0.000000000013 0.000000000000 0.000000000000 0.000000000000 0.000000000000 0.000000000000 0.000000000000 0.000000000000 0.000000000162 0.000000000000 0.000000000000 0.000000000000 0.000000001845 0.000000000000 0.000000003939 0.000000100340 0.001113000000 0.000000000000 0.000000000000 0.000000000000 0.000000000000 0.000000000000 0.000000000000 0.000000000000 0.000000080590 0.000000000000 0.000000000000 0.000000000000 0.000000122470 0.000000000000 0.000000105490 0.000000167330 0.002346400000 0.000000000000 0.000000000000 0.000000000000 0.000000491060 0.000000000000 0.000000795480 0.000001313000 0.005213100000 0.000000000000 0.000006729300 0.000011172000 0.011926000000 0.000089722000 0.027768000000 0.060996000000 0.485440000000 

0.000000000000 0.000000000000 0.000000000000 0.000000000000 0.000000000000 0.000000000000 0.000000000000 0.000000000000 0.000000000000 0.000000000000 0.000000000000 0.000000000000 0.000000000000 0.000000000000 0.000000000000 0.000000000003 0.000000000000 0.000000000000 0.000000000000 0.000000000000 0.000000000000 0.000000000000 0.000000000000 0.000000000052 0.000000000000 0.000000000000 0.000000000000 0.000000000835 0.000000000000 0.000000001716 0.000000115760 0.002330700000 0.000000000000 0.000000000000 0.000000000000 0.000000000000 0.000000000000 0.000000000000 0.000000000000 0.000000075946 0.000000000000 0.000000000000 0.000000000000 0.000000153440 0.000000000000 0.000000071952 0.000000126290 0.004897000000 0.000000000000 0.000000000000 0.000000000000 0.000001633500 0.000000000000 0.000001802300 0.000001220600 0.010755000000 0.000000000000 0.000015124000 0.000020823000 0.024467000000 0.000194140000 0.055978000000 0.118900000000 0.714520000000 

N_obs: 800000

File Format:
1- most to least reliable channels (taken entropies)
2- most to least reliable channels (taken error probabilities)
3- channels entropies (flipped)
4- channels error probabilities (flipped)
5- number of MontCarlo simulations
