63 62 61 59 55 31 60 47 15 58 57 23 39 29 30 27 7 51 54 53 43 46 45 11 19 35 14 3 13 25 56 49 21 37 41 28 22 38 5 9 17 33 26 52 50 1 44 42 6 12 10 24 18 48 20 34 36 40 8 2 4 16 32 0 

63 62 61 59 60 55 58 47 57 54 31 53 51 46 56 45 43 39 30 29 52 23 15 27 49 50 13 41 44 26 35 33 12 8 1 11 36 10 4 16 0 34 17 32 48 38 6 18 24 2 3 21 40 37 5 42 20 7 22 28 19 25 14 9 

0.000004947400 0.005640500000 0.012879000000 0.206280000000 0.051590000000 0.355150000000 0.435460000000 0.845800000000 0.155230000000 0.545090000000 0.572010000000 0.910720000000 0.537440000000 0.914750000000 0.846690000000 0.990350000000 0.216420000000 0.590920000000 0.608950000000 0.928660000000 0.573240000000 0.933060000000 0.858310000000 0.991800000000 0.446760000000 0.899740000000 0.855670000000 0.991460000000 0.726960000000 0.991040000000 0.905650000000 0.999170000000 0.186930000000 0.499020000000 0.494780000000 0.877170000000 0.521770000000 0.910430000000 0.845540000000 0.989990000000 0.441240000000 0.895750000000 0.853300000000 0.990930000000 0.724310000000 0.990040000000 0.904280000000 0.998970000000 0.318380000000 0.750030000000 0.812460000000 0.986860000000 0.721130000000 0.989590000000 0.903610000000 0.998830000000 0.526750000000 0.965450000000 0.903340000000 0.998860000000 0.759340000000 0.998850000000 0.915550000000 0.999900000000 

0.000017251000 0.017481000000 0.038454000000 0.462940000000 0.151170000000 0.692060000000 0.826330000000 0.977730000000 0.482180000000 0.912380000000 0.950980000000 0.983930000000 0.968540000000 0.984280000000 0.984280000000 0.984380000000 0.813020000000 0.976350000000 0.980470000000 0.984360000000 0.981880000000 0.984380000000 0.984350000000 0.984380000000 0.982800000000 0.984380000000 0.984380000000 0.984370000000 0.984360000000 0.984370000000 0.984370000000 0.984380000000 0.935090000000 0.983600000000 0.983710000000 0.984390000000 0.984190000000 0.984360000000 0.984390000000 0.984380000000 0.983980000000 0.984390000000 0.984380000000 0.984380000000 0.984390000000 0.984380000000 0.984380000000 0.984370000000 0.984090000000 0.984400000000 0.984340000000 0.984370000000 0.984370000000 0.984370000000 0.984400000000 0.984370000000 0.984380000000 0.984380000000 0.984380000000 0.984370000000 0.984380000000 0.984380000000 0.984370000000 0.984370000000 

N_obs: 800000

File Format:
1- most to least reliable channels (taken entropies)
2- most to least reliable channels (taken error probabilities)
3- channels entropies (flipped)
4- channels error probabilities (flipped)
5- number of MontCarlo simulations
