63 62 31 61 47 59 55 15 23 39 7 30 29 27 60 51 43 57 46 58 11 19 35 45 53 3 54 14 13 25 21 49 37 41 28 5 9 17 33 1 22 38 56 26 52 50 44 6 42 12 24 10 18 20 34 48 36 40 8 2 4 16 32 0 

63 62 61 59 55 60 47 31 58 57 54 53 51 23 15 43 46 45 41 56 14 37 49 39 26 21 9 28 13 38 25 5 12 33 40 0 8 16 4 32 18 22 34 2 7 10 19 36 29 20 52 48 6 42 24 1 44 17 50 11 27 35 3 30 

0.016275000000 0.178510000000 0.250700000000 0.659810000000 0.308410000000 0.719030000000 0.692750000000 0.955610000000 0.338580000000 0.779840000000 0.763030000000 0.972260000000 0.668660000000 0.972830000000 0.889960000000 0.997260000000 0.289480000000 0.706960000000 0.751790000000 0.973130000000 0.683030000000 0.977550000000 0.892760000000 0.997400000000 0.504070000000 0.949300000000 0.891500000000 0.997300000000 0.750910000000 0.997150000000 0.912600000000 0.999730000000 0.213580000000 0.555250000000 0.557190000000 0.909540000000 0.625090000000 0.961840000000 0.884210000000 0.996460000000 0.498430000000 0.945630000000 0.889220000000 0.996940000000 0.748950000000 0.996620000000 0.911670000000 0.999650000000 0.342890000000 0.780300000000 0.863240000000 0.995480000000 0.747460000000 0.996460000000 0.911360000000 0.999600000000 0.543850000000 0.974490000000 0.911190000000 0.999610000000 0.764520000000 0.999610000000 0.917400000000 0.999970000000 

0.070827000000 0.555610000000 0.743790000000 0.968730000000 0.893890000000 0.981870000000 0.982880000000 0.984360000000 0.953430000000 0.984000000000 0.984090000000 0.984380000000 0.984180000000 0.984390000000 0.984370000000 0.984380000000 0.970630000000 0.984310000000 0.984330000000 0.984380000000 0.984290000000 0.984380000000 0.984350000000 0.984370000000 0.984370000000 0.984370000000 0.984360000000 0.984380000000 0.984420000000 0.984380000000 0.984370000000 0.984380000000 0.977740000000 0.984470000000 0.984380000000 0.984370000000 0.984420000000 0.984370000000 0.984370000000 0.984380000000 0.984240000000 0.984380000000 0.984370000000 0.984380000000 0.984380000000 0.984380000000 0.984390000000 0.984370000000 0.984260000000 0.984360000000 0.984370000000 0.984370000000 0.984400000000 0.984380000000 0.984370000000 0.984370000000 0.984380000000 0.984380000000 0.984370000000 0.984370000000 0.984420000000 0.984380000000 0.984380000000 0.984370000000 

N_obs: 800000

File Format:
1- most to least reliable channels (taken entropies)
2- most to least reliable channels (taken error probabilities)
3- channels entropies (flipped)
4- channels error probabilities (flipped)
5- number of MontCarlo simulations
