63 62 31 61 47 59 15 55 23 39 7 30 29 27 51 60 43 57 46 58 11 19 35 45 3 53 14 54 13 25 21 49 37 41 28 5 9 17 33 1 22 38 56 26 6 52 50 44 42 12 24 10 18 20 34 48 36 40 8 2 4 16 32 0 

63 62 61 59 55 47 60 31 58 57 51 54 53 46 45 39 29 14 30 13 5 37 43 9 49 19 41 3 23 11 50 6 22 15 33 40 42 24 18 16 10 36 34 0 2 4 8 20 32 12 26 48 28 1 44 38 17 52 56 21 25 35 27 7 

0.023714000000 0.206700000000 0.272740000000 0.683860000000 0.320450000000 0.732670000000 0.704150000000 0.958740000000 0.348240000000 0.792990000000 0.774990000000 0.975090000000 0.676930000000 0.975770000000 0.892290000000 0.997570000000 0.294300000000 0.714810000000 0.762840000000 0.975870000000 0.690490000000 0.980070000000 0.894860000000 0.997700000000 0.508440000000 0.952450000000 0.893690000000 0.997610000000 0.752400000000 0.997470000000 0.913080000000 0.999760000000 0.215360000000 0.559450000000 0.561840000000 0.911620000000 0.634570000000 0.965620000000 0.886940000000 0.996850000000 0.502910000000 0.949070000000 0.891610000000 0.997280000000 0.750600000000 0.997000000000 0.912210000000 0.999690000000 0.344780000000 0.782280000000 0.866930000000 0.995990000000 0.749190000000 0.996860000000 0.911920000000 0.999640000000 0.545010000000 0.974980000000 0.911750000000 0.999660000000 0.764910000000 0.999650000000 0.917540000000 0.999970000000 

0.105770000000 0.630870000000 0.800530000000 0.974860000000 0.917710000000 0.982880000000 0.983480000000 0.984390000000 0.960700000000 0.984220000000 0.984270000000 0.984390000000 0.984180000000 0.984370000000 0.984360000000 0.984380000000 0.973430000000 0.984290000000 0.984310000000 0.984380000000 0.984360000000 0.984370000000 0.984360000000 0.984370000000 0.984320000000 0.984380000000 0.984360000000 0.984380000000 0.984400000000 0.984380000000 0.984370000000 0.984380000000 0.978980000000 0.984340000000 0.984330000000 0.984380000000 0.984420000000 0.984380000000 0.984390000000 0.984370000000 0.984370000000 0.984370000000 0.984390000000 0.984380000000 0.984360000000 0.984370000000 0.984390000000 0.984370000000 0.984370000000 0.984340000000 0.984340000000 0.984380000000 0.984370000000 0.984370000000 0.984360000000 0.984380000000 0.984470000000 0.984370000000 0.984360000000 0.984380000000 0.984360000000 0.984380000000 0.984380000000 0.984380000000 

N_obs: 800000

File Format:
1- most to least reliable channels (taken entropies)
2- most to least reliable channels (taken error probabilities)
3- channels entropies (flipped)
4- channels error probabilities (flipped)
5- number of MontCarlo simulations
