63 62 61 60 59 58 57 56 55 54 53 52 51 50 49 47 46 45 44 43 42 41 39 38 37 35 31 30 29 28 27 26 25 23 22 21 19 15 14 13 11 7 48 36 34 24 40 20 18 33 10 17 9 12 6 5 3 32 16 8 4 2 1 0 

63 62 61 60 59 58 57 56 55 54 53 52 51 50 49 47 46 45 44 43 42 41 39 38 37 35 31 30 29 28 27 26 25 23 22 21 19 15 14 13 11 7 48 36 34 24 40 20 18 33 10 17 12 5 6 9 3 32 16 8 4 2 1 0 

0.000000000000 0.000000000000 0.000000000000 0.000000000000 0.000000000000 0.000000000000 0.000000000000 0.000000000000 0.000000000000 0.000000000000 0.000000000000 0.000000000000 0.000000000000 0.000000000000 0.000000000000 0.000000000000 0.000000000000 0.000000000000 0.000000000000 0.000000000000 0.000000000000 0.000000000000 0.000000000000 0.000000000008 0.000000000000 0.000000000000 0.000000000000 0.000000000002 0.000000000000 0.000000000007 0.000000001181 0.000266220000 0.000000000000 0.000000000000 0.000000000000 0.000000000000 0.000000000000 0.000000000000 0.000000000000 0.000000000008 0.000000000000 0.000000000000 0.000000000000 0.000000000301 0.000000000000 0.000000000636 0.000000004693 0.000559040000 0.000000000000 0.000000000000 0.000000000000 0.000000103380 0.000000000000 0.000000001709 0.000000089807 0.001168400000 0.000000000000 0.000000266350 0.000000418970 0.002616800000 0.000002212000 0.006069500000 0.014416000000 0.293690000000 

0.000000000000 0.000000000000 0.000000000000 0.000000000000 0.000000000000 0.000000000000 0.000000000000 0.000000000000 0.000000000000 0.000000000000 0.000000000000 0.000000000000 0.000000000000 0.000000000000 0.000000000000 0.000000000000 0.000000000000 0.000000000000 0.000000000000 0.000000000000 0.000000000000 0.000000000000 0.000000000000 0.000000000002 0.000000000000 0.000000000000 0.000000000000 0.000000000001 0.000000000000 0.000000000002 0.000000000553 0.000580030000 0.000000000000 0.000000000000 0.000000000000 0.000000000000 0.000000000000 0.000000000000 0.000000000000 0.000000000002 0.000000000000 0.000000000000 0.000000000000 0.000000000119 0.000000000000 0.000000000251 0.000000002270 0.001160700000 0.000000000000 0.000000000000 0.000000000000 0.000000134700 0.000000000000 0.000000000700 0.000001193600 0.002453700000 0.000000000000 0.000000777540 0.000000456850 0.005564600000 0.000005002000 0.012519000000 0.029374000000 0.488590000000 

N_obs: 800000

File Format:
1- most to least reliable channels (taken entropies)
2- most to least reliable channels (taken error probabilities)
3- channels entropies (flipped)
4- channels error probabilities (flipped)
5- number of MontCarlo simulations
