63 62 61 59 55 60 58 47 57 54 31 53 51 15 46 39 23 45 56 30 29 43 27 7 52 35 11 19 14 49 50 13 3 41 37 25 21 44 38 28 22 42 26 5 9 33 17 1 6 48 12 34 10 40 36 18 24 20 8 2 4 16 32 0 

63 62 61 59 55 60 58 57 47 54 53 51 31 56 46 45 52 43 50 30 39 49 29 44 27 23 15 42 41 38 37 35 48 22 28 21 3 26 13 14 12 17 19 24 0 16 32 4 8 20 33 40 18 10 2 9 36 1 34 7 5 6 25 11 

0.000000000000 0.000004965500 0.000011715000 0.010032000000 0.000083676000 0.022849000000 0.048813000000 0.405990000000 0.002417900000 0.098377000000 0.170820000000 0.622810000000 0.276200000000 0.728660000000 0.715530000000 0.961290000000 0.044521000000 0.310170000000 0.389490000000 0.809430000000 0.422410000000 0.838980000000 0.786700000000 0.977560000000 0.370920000000 0.818290000000 0.789160000000 0.978010000000 0.682080000000 0.976980000000 0.893700000000 0.997820000000 0.131240000000 0.412190000000 0.416580000000 0.824390000000 0.428370000000 0.844080000000 0.793480000000 0.979600000000 0.380050000000 0.829620000000 0.799650000000 0.980120000000 0.687420000000 0.978430000000 0.894080000000 0.997750000000 0.290220000000 0.708890000000 0.751880000000 0.973110000000 0.682180000000 0.977400000000 0.892850000000 0.997440000000 0.505250000000 0.950100000000 0.892490000000 0.997510000000 0.752240000000 0.997500000000 0.913260000000 0.999790000000 

0.000000000000 0.000017138000 0.000029096000 0.024899000000 0.000232610000 0.054587000000 0.111570000000 0.667500000000 0.006854300000 0.224160000000 0.369110000000 0.872770000000 0.615420000000 0.949000000000 0.967250000000 0.984240000000 0.153110000000 0.690650000000 0.823540000000 0.976960000000 0.912980000000 0.982730000000 0.983310000000 0.984380000000 0.954680000000 0.984070000000 0.984150000000 0.984380000000 0.984200000000 0.984390000000 0.984380000000 0.984380000000 0.645020000000 0.953560000000 0.970870000000 0.984320000000 0.977790000000 0.984340000000 0.984420000000 0.984370000000 0.980500000000 0.984310000000 0.984330000000 0.984380000000 0.984370000000 0.984380000000 0.984370000000 0.984370000000 0.982040000000 0.984360000000 0.984360000000 0.984370000000 0.984470000000 0.984380000000 0.984380000000 0.984380000000 0.984390000000 0.984410000000 0.984400000000 0.984380000000 0.984340000000 0.984380000000 0.984390000000 0.984370000000 

N_obs: 800000

File Format:
1- most to least reliable channels (taken entropies)
2- most to least reliable channels (taken error probabilities)
3- channels entropies (flipped)
4- channels error probabilities (flipped)
5- number of MontCarlo simulations
