63 62 61 31 59 47 55 15 23 39 7 30 29 60 27 51 57 43 58 46 45 53 54 11 19 35 3 14 13 25 21 49 37 41 28 5 9 17 33 1 22 38 56 26 52 50 44 42 6 12 10 24 18 20 34 48 36 40 8 2 4 16 32 0 

63 62 61 59 55 60 47 58 31 57 54 53 51 46 39 43 45 30 15 27 29 25 22 1 23 28 33 42 44 17 56 49 24 38 12 48 4 16 8 20 0 32 6 10 13 21 2 18 26 36 34 5 40 19 50 3 41 52 11 14 9 7 37 35 

0.003366000000 0.094832000000 0.163170000000 0.555740000000 0.253330000000 0.659130000000 0.646520000000 0.941500000000 0.304190000000 0.732920000000 0.720020000000 0.961250000000 0.637960000000 0.961350000000 0.881160000000 0.996010000000 0.272190000000 0.679070000000 0.713690000000 0.963020000000 0.655580000000 0.967900000000 0.884990000000 0.996250000000 0.489670000000 0.937710000000 0.883390000000 0.996110000000 0.745480000000 0.995890000000 0.910930000000 0.999620000000 0.206010000000 0.540350000000 0.540970000000 0.901640000000 0.594780000000 0.948610000000 0.874450000000 0.994980000000 0.483020000000 0.933290000000 0.880640000000 0.995630000000 0.743040000000 0.995180000000 0.909800000000 0.999500000000 0.336340000000 0.772780000000 0.850020000000 0.993550000000 0.741150000000 0.994960000000 0.909400000000 0.999430000000 0.539510000000 0.972530000000 0.909200000000 0.999450000000 0.763220000000 0.999440000000 0.916910000000 0.999950000000 

0.013474000000 0.306520000000 0.496940000000 0.918910000000 0.754540000000 0.970230000000 0.977400000000 0.984370000000 0.906630000000 0.982510000000 0.983270000000 0.984390000000 0.983600000000 0.984390000000 0.984370000000 0.984370000000 0.956610000000 0.984020000000 0.984190000000 0.984370000000 0.984180000000 0.984370000000 0.984390000000 0.984380000000 0.984150000000 0.984370000000 0.984410000000 0.984380000000 0.984420000000 0.984380000000 0.984360000000 0.984380000000 0.972720000000 0.984260000000 0.984320000000 0.984360000000 0.984290000000 0.984380000000 0.984330000000 0.984370000000 0.984360000000 0.984350000000 0.984380000000 0.984370000000 0.984380000000 0.984380000000 0.984370000000 0.984370000000 0.984280000000 0.984400000000 0.984380000000 0.984370000000 0.984390000000 0.984380000000 0.984400000000 0.984370000000 0.984400000000 0.984380000000 0.984380000000 0.984370000000 0.984390000000 0.984380000000 0.984350000000 0.984370000000 

N_obs: 800000

File Format:
1- most to least reliable channels (taken entropies)
2- most to least reliable channels (taken error probabilities)
3- channels entropies (flipped)
4- channels error probabilities (flipped)
5- number of MontCarlo simulations
