63 62 61 59 55 60 58 47 57 31 54 15 53 51 39 23 46 29 30 27 43 45 7 56 11 35 19 14 3 13 52 49 25 37 41 21 50 28 38 22 26 44 42 5 9 17 33 1 6 48 12 10 18 34 24 36 40 20 8 2 4 16 32 0 

63 62 61 59 55 60 58 57 47 54 53 31 51 56 46 45 52 43 39 30 50 29 49 27 23 15 44 42 41 35 14 7 38 17 19 28 48 12 1 10 34 8 16 40 2 0 32 36 18 4 6 20 5 24 37 3 21 25 26 9 22 33 13 11 

0.000000000002 0.000108730000 0.000232130000 0.038337000000 0.001572800000 0.084114000000 0.154020000000 0.606800000000 0.020898000000 0.245960000000 0.341660000000 0.781640000000 0.401540000000 0.828190000000 0.783150000000 0.977780000000 0.112050000000 0.447590000000 0.491990000000 0.873940000000 0.486480000000 0.884030000000 0.821100000000 0.984780000000 0.401890000000 0.853900000000 0.819180000000 0.984440000000 0.702460000000 0.983710000000 0.899100000000 0.998470000000 0.160140000000 0.453010000000 0.449020000000 0.848390000000 0.462950000000 0.871290000000 0.815180000000 0.984100000000 0.403070000000 0.856230000000 0.821980000000 0.984850000000 0.702850000000 0.983490000000 0.898310000000 0.998280000000 0.301420000000 0.725740000000 0.775710000000 0.978850000000 0.698350000000 0.982700000000 0.897300000000 0.998050000000 0.513800000000 0.956640000000 0.897000000000 0.998110000000 0.755130000000 0.998090000000 0.914180000000 0.999840000000 

0.000000000001 0.000296960000 0.000665640000 0.095068000000 0.004346700000 0.193890000000 0.337410000000 0.864850000000 0.061295000000 0.516350000000 0.686150000000 0.961430000000 0.843430000000 0.978840000000 0.981310000000 0.984370000000 0.406240000000 0.883940000000 0.937830000000 0.983640000000 0.963510000000 0.984190000000 0.984250000000 0.984370000000 0.973950000000 0.984350000000 0.984390000000 0.984380000000 0.984270000000 0.984370000000 0.984410000000 0.984380000000 0.810020000000 0.975900000000 0.980400000000 0.984360000000 0.982030000000 0.984390000000 0.984390000000 0.984380000000 0.983030000000 0.984400000000 0.984390000000 0.984380000000 0.984360000000 0.984380000000 0.984360000000 0.984370000000 0.983260000000 0.984320000000 0.984410000000 0.984370000000 0.984430000000 0.984370000000 0.984400000000 0.984370000000 0.984340000000 0.984380000000 0.984380000000 0.984380000000 0.984390000000 0.984380000000 0.984370000000 0.984380000000 

N_obs: 800000

File Format:
1- most to least reliable channels (taken entropies)
2- most to least reliable channels (taken error probabilities)
3- channels entropies (flipped)
4- channels error probabilities (flipped)
5- number of MontCarlo simulations
