63 62 61 60 59 58 57 55 54 53 51 47 46 45 43 39 31 30 29 27 23 15 52 56 44 42 50 49 41 37 38 28 26 35 25 21 22 19 14 13 11 48 40 7 36 34 24 33 20 18 17 12 10 9 6 5 32 16 3 8 4 2 1 0 

63 62 61 60 59 58 57 55 54 53 51 47 46 45 43 39 31 30 29 27 23 15 56 52 44 42 50 49 41 37 38 28 26 35 25 21 22 19 14 13 11 48 40 7 36 34 24 33 20 18 17 12 10 9 6 5 32 16 3 8 4 2 1 0 

0.000000000000 0.000000000000 0.000000000000 0.000000000000 0.000000000000 0.000000000000 0.000000000000 0.000000000000 0.000000000000 0.000000000000 0.000000000000 0.000000000000 0.000000000000 0.000000000000 0.000000000000 0.000003831400 0.000000000000 0.000000000000 0.000000000000 0.000000000000 0.000000000000 0.000000000000 0.000000000000 0.000007369000 0.000000000000 0.000000000000 0.000000000000 0.000017359000 0.000000000000 0.000035064000 0.000076568000 0.032104000000 0.000000000000 0.000000000000 0.000000000000 0.000000000000 0.000000000000 0.000000000000 0.000000000000 0.000059148000 0.000000000000 0.000000000006 0.000000000004 0.000109900000 0.000000000068 0.000240430000 0.000522840000 0.072116000000 0.000000000000 0.000000052460 0.000000066713 0.000831080000 0.000000240220 0.001789000000 0.003920700000 0.158340000000 0.000015531000 0.010677000000 0.022509000000 0.305150000000 0.073523000000 0.466560000000 0.546190000000 0.906420000000 

0.000000000000 0.000000000000 0.000000000000 0.000000000000 0.000000000000 0.000000000000 0.000000000000 0.000000000000 0.000000000000 0.000000000000 0.000000000000 0.000000000000 0.000000000000 0.000000000000 0.000000000000 0.000006422800 0.000000000000 0.000000000000 0.000000000000 0.000000000000 0.000000000000 0.000000000000 0.000000000000 0.000012673000 0.000000000000 0.000000000000 0.000000000000 0.000038569000 0.000000000000 0.000086511000 0.000156880000 0.064611000000 0.000000000000 0.000000000000 0.000000000000 0.000000000000 0.000000000000 0.000000000000 0.000000000000 0.000123080000 0.000000000000 0.000000000002 0.000000000001 0.000244870000 0.000000000022 0.000516840000 0.001119500000 0.139540000000 0.000000000000 0.000000051523 0.000000068735 0.001792200000 0.000000711060 0.003854100000 0.008390800000 0.287190000000 0.000029516000 0.023603000000 0.048425000000 0.507030000000 0.161950000000 0.719240000000 0.843550000000 0.979220000000 

N_obs: 800000

File Format:
1- most to least reliable channels (taken entropies)
2- most to least reliable channels (taken error probabilities)
3- channels entropies (flipped)
4- channels error probabilities (flipped)
5- number of MontCarlo simulations
