63 62 61 59 55 60 47 31 58 57 15 54 23 39 29 30 53 51 27 7 43 46 45 11 19 35 14 56 3 13 49 25 21 37 41 28 52 22 38 50 26 5 9 17 33 44 42 1 6 12 48 10 18 24 34 20 36 40 8 2 4 16 32 0 

63 62 61 59 55 60 58 57 47 54 53 31 51 56 46 45 43 39 52 30 29 27 50 15 23 49 44 3 33 19 35 41 38 25 6 7 42 5 26 40 24 10 36 9 34 20 22 48 18 16 0 13 32 8 2 1 37 4 17 12 21 14 28 11 

0.000000193530 0.001062500000 0.002334000000 0.102680000000 0.012927000000 0.203960000000 0.301920000000 0.755820000000 0.076355000000 0.412830000000 0.479900000000 0.866820000000 0.482230000000 0.882290000000 0.822710000000 0.985900000000 0.175080000000 0.536050000000 0.558850000000 0.907750000000 0.534440000000 0.912960000000 0.843100000000 0.989050000000 0.426310000000 0.880000000000 0.840320000000 0.988620000000 0.716640000000 0.988070000000 0.902890000000 0.998890000000 0.176470000000 0.479720000000 0.474130000000 0.864700000000 0.493510000000 0.892750000000 0.831970000000 0.987430000000 0.423260000000 0.877890000000 0.839400000000 0.988310000000 0.714830000000 0.987240000000 0.901610000000 0.998670000000 0.310460000000 0.738940000000 0.795730000000 0.983350000000 0.711010000000 0.986610000000 0.900790000000 0.998490000000 0.520640000000 0.961620000000 0.900520000000 0.998540000000 0.757450000000 0.998530000000 0.914910000000 0.999870000000 

0.000000291160 0.003135200000 0.006794100000 0.246580000000 0.037188000000 0.438860000000 0.621670000000 0.951970000000 0.232320000000 0.775660000000 0.876890000000 0.980910000000 0.937460000000 0.983620000000 0.983840000000 0.984370000000 0.654000000000 0.955690000000 0.971300000000 0.984260000000 0.977500000000 0.984360000000 0.984340000000 0.984370000000 0.980550000000 0.984340000000 0.984380000000 0.984370000000 0.984340000000 0.984370000000 0.984330000000 0.984380000000 0.894400000000 0.981980000000 0.983290000000 0.984410000000 0.983590000000 0.984360000000 0.984340000000 0.984370000000 0.983820000000 0.984370000000 0.984390000000 0.984370000000 0.984340000000 0.984370000000 0.984380000000 0.984370000000 0.983760000000 0.984410000000 0.984370000000 0.984390000000 0.984420000000 0.984370000000 0.984370000000 0.984380000000 0.984350000000 0.984350000000 0.984360000000 0.984380000000 0.984330000000 0.984380000000 0.984380000000 0.984370000000 

N_obs: 800000

File Format:
1- most to least reliable channels (taken entropies)
2- most to least reliable channels (taken error probabilities)
3- channels entropies (flipped)
4- channels error probabilities (flipped)
5- number of MontCarlo simulations
