63 62 61 59 55 47 60 58 57 54 53 51 31 46 45 56 43 52 30 50 39 29 15 49 27 23 44 42 7 41 35 38 11 19 37 28 14 13 25 21 26 22 3 48 33 5 9 17 40 1 6 36 34 12 24 10 18 20 32 8 2 4 16 0 

63 62 61 59 55 60 47 58 57 54 53 51 46 31 45 56 52 43 50 30 49 39 44 29 42 27 41 23 38 48 28 37 15 35 26 25 40 22 21 19 36 14 13 11 7 34 33 3 9 24 1 20 17 12 4 2 10 0 16 32 8 5 18 6 

0.000000000000 0.000000000000 0.000000000000 0.000041150000 0.000000000000 0.000079732000 0.000176680000 0.040140000000 0.000000005280 0.000583840000 0.001226500000 0.089780000000 0.006913500000 0.178620000000 0.282530000000 0.761270000000 0.000035522000 0.014267000000 0.029757000000 0.313350000000 0.084933000000 0.465820000000 0.531940000000 0.895880000000 0.182950000000 0.602240000000 0.621760000000 0.929940000000 0.570540000000 0.931390000000 0.859950000000 0.992840000000 0.011275000000 0.153120000000 0.224300000000 0.636010000000 0.291030000000 0.706340000000 0.682650000000 0.951880000000 0.300040000000 0.722620000000 0.703680000000 0.956250000000 0.619780000000 0.953020000000 0.874610000000 0.994930000000 0.254160000000 0.644510000000 0.665670000000 0.948490000000 0.616370000000 0.952660000000 0.873570000000 0.994470000000 0.470820000000 0.922020000000 0.872900000000 0.994570000000 0.739490000000 0.994560000000 0.909560000000 0.999530000000 

0.000000000000 0.000000000000 0.000000000000 0.000096759000 0.000000000000 0.000197870000 0.000419890000 0.084679000000 0.000000002656 0.001372800000 0.002840800000 0.178150000000 0.016184000000 0.331850000000 0.508930000000 0.931760000000 0.000106620000 0.036316000000 0.073226000000 0.561400000000 0.208700000000 0.755480000000 0.860890000000 0.980000000000 0.514150000000 0.921120000000 0.954070000000 0.984030000000 0.969540000000 0.984280000000 0.984330000000 0.984370000000 0.046314000000 0.461450000000 0.641610000000 0.951070000000 0.817790000000 0.975970000000 0.979730000000 0.984360000000 0.916580000000 0.982730000000 0.983380000000 0.984360000000 0.983710000000 0.984380000000 0.984370000000 0.984370000000 0.956400000000 0.984070000000 0.984130000000 0.984370000000 0.984210000000 0.984370000000 0.984350000000 0.984380000000 0.984210000000 0.984390000000 0.984380000000 0.984370000000 0.984340000000 0.984370000000 0.984360000000 0.984370000000 

N_obs: 800000

File Format:
1- most to least reliable channels (taken entropies)
2- most to least reliable channels (taken error probabilities)
3- channels entropies (flipped)
4- channels error probabilities (flipped)
5- number of MontCarlo simulations
