63 62 61 31 59 47 55 15 23 39 60 29 30 7 27 57 51 58 43 46 45 53 54 11 19 35 3 14 13 25 21 49 37 41 28 5 9 17 33 1 22 38 56 26 52 50 44 42 6 12 10 24 18 20 34 48 36 40 8 2 4 16 32 0 

63 62 61 59 55 60 47 58 31 57 54 53 51 46 45 43 39 30 56 27 37 13 3 35 21 28 41 20 22 25 26 12 10 38 52 36 2 40 32 16 0 4 1 23 8 24 34 18 15 48 6 42 17 5 49 44 50 33 9 11 19 7 29 14 

0.001632600000 0.070233000000 0.129880000000 0.508550000000 0.226250000000 0.629510000000 0.625030000000 0.934220000000 0.289420000000 0.713670000000 0.702480000000 0.956360000000 0.625620000000 0.956430000000 0.877500000000 0.995460000000 0.265770000000 0.668000000000 0.699450000000 0.958940000000 0.644700000000 0.963820000000 0.881770000000 0.995760000000 0.483710000000 0.932910000000 0.880000000000 0.995580000000 0.743220000000 0.995360000000 0.910260000000 0.999570000000 0.204000000000 0.534890000000 0.534380000000 0.898570000000 0.583790000000 0.943490000000 0.870630000000 0.994360000000 0.476910000000 0.928390000000 0.877190000000 0.995080000000 0.740700000000 0.994580000000 0.909070000000 0.999430000000 0.333840000000 0.769810000000 0.844960000000 0.992750000000 0.738560000000 0.994320000000 0.908640000000 0.999360000000 0.537840000000 0.971710000000 0.908430000000 0.999380000000 0.762670000000 0.999370000000 0.916720000000 0.999950000000 

0.006421300000 0.228040000000 0.396290000000 0.882960000000 0.676950000000 0.959060000000 0.972210000000 0.984310000000 0.877040000000 0.980980000000 0.982440000000 0.984370000000 0.983030000000 0.984380000000 0.984380000000 0.984380000000 0.948150000000 0.983970000000 0.984020000000 0.984380000000 0.984150000000 0.984380000000 0.984360000000 0.984370000000 0.984220000000 0.984370000000 0.984340000000 0.984370000000 0.984350000000 0.984380000000 0.984380000000 0.984370000000 0.969910000000 0.984270000000 0.984410000000 0.984360000000 0.984340000000 0.984370000000 0.984370000000 0.984380000000 0.984380000000 0.984370000000 0.984350000000 0.984370000000 0.984410000000 0.984380000000 0.984380000000 0.984370000000 0.984380000000 0.984420000000 0.984350000000 0.984370000000 0.984390000000 0.984370000000 0.984390000000 0.984380000000 0.984410000000 0.984380000000 0.984380000000 0.984370000000 0.984350000000 0.984370000000 0.984370000000 0.984370000000 

N_obs: 800000

File Format:
1- most to least reliable channels (taken entropies)
2- most to least reliable channels (taken error probabilities)
3- channels entropies (flipped)
4- channels error probabilities (flipped)
5- number of MontCarlo simulations
