63 62 61 60 59 58 57 55 54 53 51 47 46 45 43 31 39 30 27 29 23 56 52 50 49 44 42 41 38 37 15 28 35 26 25 22 21 48 19 40 14 36 13 34 24 11 33 20 7 18 17 12 10 32 9 6 3 5 16 1 8 4 2 0 

63 62 61 60 59 58 57 55 54 53 51 47 46 45 43 31 39 30 27 29 23 56 52 49 50 44 42 41 38 37 15 28 35 26 25 22 21 48 19 40 14 36 13 34 24 33 11 20 18 7 17 12 10 32 9 6 16 5 3 8 4 2 1 0 

0.000000000000 0.000000000000 0.000000000000 0.000000000000 0.000000000000 0.000000000000 0.000000000000 0.000000008188 0.000000000000 0.000000000000 0.000000000000 0.000000011777 0.000000000000 0.000000081488 0.000000084247 0.001940100000 0.000000000000 0.000000000000 0.000000000000 0.000000104540 0.000000000000 0.000000778630 0.000001466300 0.004141500000 0.000000000000 0.000004359500 0.000006398100 0.009377200000 0.000049482000 0.021747000000 0.048107000000 0.445870000000 0.000000000000 0.000000000000 0.000000000000 0.000027172000 0.000000000000 0.000059507000 0.000117050000 0.030899000000 0.000000000204 0.000319820000 0.000660120000 0.065963000000 0.003530200000 0.131000000000 0.218610000000 0.701960000000 0.000007508800 0.006717500000 0.014107000000 0.227690000000 0.046315000000 0.363800000000 0.451110000000 0.857030000000 0.129790000000 0.525470000000 0.567600000000 0.909340000000 0.538480000000 0.915650000000 0.849430000000 0.991270000000 

0.000000000000 0.000000000000 0.000000000000 0.000000000000 0.000000000000 0.000000000000 0.000000000000 0.000000004923 0.000000000000 0.000000000000 0.000000000000 0.000000005638 0.000000000000 0.000000069327 0.000000053609 0.004057600000 0.000000000000 0.000000000000 0.000000000000 0.000000098515 0.000000000000 0.000001324700 0.000003826100 0.008601900000 0.000000000000 0.000011750000 0.000015622000 0.019382000000 0.000108950000 0.043773000000 0.094235000000 0.669880000000 0.000000000000 0.000000000000 0.000000000000 0.000068306000 0.000000000000 0.000146710000 0.000267470000 0.064930000000 0.000000000074 0.000773420000 0.001557700000 0.133250000000 0.008309200000 0.251100000000 0.406000000000 0.897790000000 0.000022716000 0.017160000000 0.035192000000 0.432000000000 0.114880000000 0.631550000000 0.773100000000 0.972750000000 0.365160000000 0.861240000000 0.922960000000 0.983100000000 0.956160000000 0.984090000000 0.984130000000 0.984380000000 

N_obs: 800000

File Format:
1- most to least reliable channels (taken entropies)
2- most to least reliable channels (taken error probabilities)
3- channels entropies (flipped)
4- channels error probabilities (flipped)
5- number of MontCarlo simulations
