63 31 62 61 47 59 15 55 23 39 7 30 29 27 51 43 60 57 46 58 11 19 35 3 45 14 53 54 13 25 21 49 37 41 5 9 17 28 33 1 22 38 56 26 6 52 44 50 42 12 24 10 18 20 34 48 36 40 8 2 4 16 32 0 

63 62 61 59 55 47 60 31 58 57 54 53 46 39 3 45 29 21 49 43 11 28 44 14 17 26 13 35 5 50 25 12 51 42 56 18 16 24 8 32 2 48 40 36 0 33 34 10 4 20 6 9 41 52 37 1 30 22 38 19 7 27 23 15 

0.032273000000 0.232740000000 0.292000000000 0.704020000000 0.330370000000 0.744050000000 0.713600000000 0.961280000000 0.356920000000 0.805290000000 0.786200000000 0.977670000000 0.684720000000 0.978420000000 0.894420000000 0.997850000000 0.298700000000 0.722010000000 0.773110000000 0.978340000000 0.697420000000 0.982320000000 0.896780000000 0.997960000000 0.512260000000 0.955290000000 0.895680000000 0.997880000000 0.753790000000 0.997760000000 0.913520000000 0.999790000000 0.217200000000 0.563490000000 0.566060000000 0.913510000000 0.643270000000 0.969040000000 0.889450000000 0.997200000000 0.507120000000 0.952160000000 0.893760000000 0.997590000000 0.752060000000 0.997330000000 0.912690000000 0.999720000000 0.346690000000 0.784150000000 0.870340000000 0.996430000000 0.750780000000 0.997210000000 0.912430000000 0.999680000000 0.546190000000 0.975410000000 0.912280000000 0.999690000000 0.765270000000 0.999690000000 0.917680000000 0.999970000000 

0.147370000000 0.696310000000 0.844620000000 0.978720000000 0.935090000000 0.983530000000 0.983800000000 0.984370000000 0.966160000000 0.984210000000 0.984260000000 0.984380000000 0.984370000000 0.984370000000 0.984350000000 0.984370000000 0.975340000000 0.984260000000 0.984330000000 0.984360000000 0.984350000000 0.984370000000 0.984380000000 0.984370000000 0.984290000000 0.984400000000 0.984380000000 0.984370000000 0.984370000000 0.984380000000 0.984380000000 0.984370000000 0.979990000000 0.984390000000 0.984340000000 0.984360000000 0.984400000000 0.984360000000 0.984370000000 0.984370000000 0.984420000000 0.984390000000 0.984340000000 0.984380000000 0.984400000000 0.984370000000 0.984360000000 0.984370000000 0.984450000000 0.984360000000 0.984370000000 0.984370000000 0.984350000000 0.984380000000 0.984380000000 0.984370000000 0.984400000000 0.984380000000 0.984370000000 0.984380000000 0.984310000000 0.984370000000 0.984380000000 0.984380000000 

N_obs: 800000

File Format:
1- most to least reliable channels (taken entropies)
2- most to least reliable channels (taken error probabilities)
3- channels entropies (flipped)
4- channels error probabilities (flipped)
5- number of MontCarlo simulations
