63 62 61 59 55 47 60 57 58 54 53 51 31 46 45 43 56 52 30 50 39 29 49 44 27 42 41 23 15 38 28 37 48 35 26 7 25 19 11 22 14 21 13 40 3 36 33 34 17 5 9 24 6 1 18 20 12 10 32 16 8 2 4 0 

63 62 61 59 55 47 57 60 58 54 53 51 31 46 45 43 56 52 50 39 30 49 44 29 42 27 41 38 23 28 48 37 26 35 15 40 25 22 36 21 19 14 34 13 33 24 11 7 20 18 17 6 12 9 2 32 4 1 5 16 0 8 10 3 

0.000000000000 0.000000000000 0.000000000000 0.000000376780 0.000000000000 0.000000492030 0.000000379770 0.003074900000 0.000000000000 0.000001799100 0.000005392500 0.006784200000 0.000024695000 0.015359000000 0.034098000000 0.385260000000 0.000000000000 0.000126840000 0.000257070000 0.042670000000 0.001489500000 0.087548000000 0.156460000000 0.626490000000 0.016385000000 0.232730000000 0.331950000000 0.781780000000 0.400850000000 0.831660000000 0.787950000000 0.979110000000 0.000058673000 0.015069000000 0.031121000000 0.286710000000 0.084178000000 0.427920000000 0.486140000000 0.872420000000 0.170770000000 0.558490000000 0.574500000000 0.911190000000 0.531950000000 0.910610000000 0.843360000000 0.989660000000 0.206640000000 0.568640000000 0.579860000000 0.916810000000 0.546590000000 0.919750000000 0.848720000000 0.990140000000 0.434010000000 0.887940000000 0.847520000000 0.990190000000 0.723110000000 0.990160000000 0.905150000000 0.999150000000 

0.000000000000 0.000000000000 0.000000000000 0.000000507750 0.000000000000 0.000001678200 0.000000337400 0.006701700000 0.000000000000 0.000002443300 0.000012114000 0.014520000000 0.000060667000 0.032273000000 0.069262000000 0.604350000000 0.000000000000 0.000318550000 0.000597740000 0.090581000000 0.003561800000 0.176770000000 0.304550000000 0.847350000000 0.043840000000 0.457330000000 0.626300000000 0.951520000000 0.805780000000 0.975790000000 0.979770000000 0.984370000000 0.000199040000 0.046570000000 0.092473000000 0.591920000000 0.245040000000 0.778930000000 0.874330000000 0.980720000000 0.540460000000 0.926630000000 0.956300000000 0.984060000000 0.970250000000 0.984280000000 0.984300000000 0.984370000000 0.807350000000 0.975230000000 0.979610000000 0.984340000000 0.981460000000 0.984390000000 0.984360000000 0.984380000000 0.982500000000 0.984320000000 0.984370000000 0.984370000000 0.984410000000 0.984370000000 0.984370000000 0.984380000000 

N_obs: 800000

File Format:
1- most to least reliable channels (taken entropies)
2- most to least reliable channels (taken error probabilities)
3- channels entropies (flipped)
4- channels error probabilities (flipped)
5- number of MontCarlo simulations
