63 62 61 59 55 60 58 47 31 57 15 54 23 39 53 51 29 30 27 46 43 7 45 56 11 19 35 14 3 13 49 25 37 21 52 41 28 50 22 38 26 44 5 9 42 17 33 1 6 12 48 10 18 24 34 20 36 40 8 2 4 16 32 0 

63 62 61 59 55 60 58 57 47 54 53 31 51 56 46 45 43 52 39 30 29 50 49 27 23 15 44 42 38 41 7 37 11 12 24 35 28 20 33 2 34 5 0 32 8 48 16 4 14 40 6 10 36 21 18 1 19 3 9 26 25 13 17 22 

0.000000000306 0.000361320000 0.000802830000 0.065500000000 0.005046600000 0.137610000000 0.226780000000 0.689760000000 0.043888000000 0.332010000000 0.417510000000 0.831360000000 0.446520000000 0.859280000000 0.805650000000 0.982520000000 0.146530000000 0.497770000000 0.528390000000 0.893220000000 0.512040000000 0.900020000000 0.833280000000 0.987170000000 0.414720000000 0.867760000000 0.830650000000 0.986740000000 0.710220000000 0.986110000000 0.901150000000 0.998700000000 0.169670000000 0.467420000000 0.462110000000 0.857100000000 0.478690000000 0.882520000000 0.823980000000 0.985870000000 0.413440000000 0.867530000000 0.831220000000 0.986720000000 0.709260000000 0.985510000000 0.900050000000 0.998490000000 0.306060000000 0.732650000000 0.786040000000 0.981230000000 0.705120000000 0.984810000000 0.899150000000 0.998290000000 0.517600000000 0.959290000000 0.898850000000 0.998340000000 0.756350000000 0.998330000000 0.914570000000 0.999860000000 

0.000000000111 0.001034000000 0.002304300000 0.160490000000 0.014246000000 0.307790000000 0.482880000000 0.919990000000 0.131430000000 0.660940000000 0.801180000000 0.975160000000 0.902780000000 0.982320000000 0.983070000000 0.984380000000 0.541140000000 0.929830000000 0.960100000000 0.984150000000 0.972710000000 0.984320000000 0.984340000000 0.984380000000 0.978070000000 0.984330000000 0.984340000000 0.984380000000 0.984360000000 0.984370000000 0.984370000000 0.984380000000 0.860260000000 0.979760000000 0.982040000000 0.984370000000 0.983110000000 0.984400000000 0.984400000000 0.984360000000 0.983450000000 0.984430000000 0.984380000000 0.984370000000 0.984390000000 0.984390000000 0.984400000000 0.984380000000 0.983580000000 0.984380000000 0.984400000000 0.984360000000 0.984360000000 0.984380000000 0.984400000000 0.984380000000 0.984340000000 0.984380000000 0.984370000000 0.984380000000 0.984390000000 0.984370000000 0.984390000000 0.984370000000 

N_obs: 800000

File Format:
1- most to least reliable channels (taken entropies)
2- most to least reliable channels (taken error probabilities)
3- channels entropies (flipped)
4- channels error probabilities (flipped)
5- number of MontCarlo simulations
