127 126 125 123 119 124 122 63 111 95 121 31 118 47 79 59 15 61 117 55 62 115 103 87 93 110 94 107 91 109 23 39 71 7 30 29 120 27 51 99 43 75 83 46 57 78 11 19 35 67 113 58 60 3 45 116 77 14 53 114 105 101 54 89 85 102 92 108 86 106 90 13 25 49 21 37 41 97 69 73 81 17 9 5 33 65 28 1 22 38 70 56 26 112 6 44 52 50 76 104 98 100 42 74 82 88 84 12 24 18 10 20 34 48 36 40 72 66 68 96 80 8 16 4 2 32 64 0 

127 126 125 123 119 124 122 121 111 118 117 95 115 120 110 63 109 107 116 103 94 93 91 114 113 87 79 62 47 31 108 55 61 23 15 78 7 53 106 14 57 69 27 13 3 58 29 59 21 54 11 5 51 43 77 97 105 76 50 17 25 49 34 92 33 52 100 38 81 104 42 86 68 66 16 74 40 8 96 4 0 32 80 48 64 2 20 6 70 22 24 10 102 112 75 98 72 18 101 36 73 37 26 9 84 41 88 67 12 82 1 56 44 65 19 89 90 85 45 46 28 39 60 83 99 71 35 30 

0.000000000431 0.000539150000 0.001184500000 0.064480000000 0.006858300000 0.132540000000 0.207450000000 0.632670000000 0.047623000000 0.298220000000 0.358110000000 0.776090000000 0.380730000000 0.800650000000 0.760820000000 0.973440000000 0.138900000000 0.454240000000 0.469760000000 0.860290000000 0.460650000000 0.866460000000 0.807910000000 0.982260000000 0.389520000000 0.840660000000 0.809750000000 0.982590000000 0.697170000000 0.982260000000 0.897930000000 0.998350000000 0.165810000000 0.456580000000 0.450050000000 0.848880000000 0.464640000000 0.872880000000 0.816860000000 0.984470000000 0.406590000000 0.860450000000 0.825800000000 0.985660000000 0.705770000000 0.984460000000 0.899170000000 0.998390000000 0.303790000000 0.729590000000 0.782100000000 0.980380000000 0.702860000000 0.984140000000 0.898600000000 0.998220000000 0.516340000000 0.958530000000 0.898370000000 0.998280000000 0.756030000000 0.998270000000 0.914470000000 0.999850000000 0.138170000000 0.372840000000 0.349570000000 0.763330000000 0.348400000000 0.763130000000 0.729240000000 0.965300000000 0.362370000000 0.811330000000 0.791190000000 0.978790000000 0.687980000000 0.979470000000 0.895290000000 0.997960000000 0.299790000000 0.722920000000 0.774650000000 0.978700000000 0.698510000000 0.982680000000 0.897170000000 0.998010000000 0.513080000000 0.956040000000 0.896260000000 0.997960000000 0.754200000000 0.997850000000 0.913680000000 0.999800000000 0.218160000000 0.565000000000 0.568330000000 0.914560000000 0.648160000000 0.970910000000 0.890960000000 0.997420000000 0.510080000000 0.954470000000 0.895530000000 0.997850000000 0.753520000000 0.997650000000 0.913230000000 0.999760000000 0.348600000000 0.786150000000 0.874760000000 0.997030000000 0.753320000000 0.997760000000 0.913350000000 0.999750000000 0.548470000000 0.976240000000 0.913440000000 0.999780000000 0.766150000000 0.999780000000 0.918050000000 0.999980000000 

0.000000000151 0.001947300000 0.004360500000 0.198230000000 0.024989000000 0.369710000000 0.551360000000 0.933320000000 0.180270000000 0.717140000000 0.840510000000 0.978210000000 0.921020000000 0.983080000000 0.983420000000 0.984380000000 0.589010000000 0.940230000000 0.964330000000 0.984190000000 0.974400000000 0.984310000000 0.984360000000 0.984370000000 0.978590000000 0.984380000000 0.984380000000 0.984370000000 0.984440000000 0.984380000000 0.984360000000 0.984370000000 0.863300000000 0.979940000000 0.982010000000 0.984370000000 0.982990000000 0.984390000000 0.984390000000 0.984380000000 0.983570000000 0.984370000000 0.984400000000 0.984380000000 0.984420000000 0.984390000000 0.984370000000 0.984380000000 0.983640000000 0.984270000000 0.984360000000 0.984360000000 0.984380000000 0.984370000000 0.984380000000 0.984380000000 0.984440000000 0.984380000000 0.984320000000 0.984370000000 0.984380000000 0.984370000000 0.984390000000 0.984380000000 0.947040000000 0.983820000000 0.984190000000 0.984420000000 0.984350000000 0.984340000000 0.984320000000 0.984390000000 0.984190000000 0.984350000000 0.984270000000 0.984370000000 0.984360000000 0.984370000000 0.984370000000 0.984380000000 0.984060000000 0.984400000000 0.984400000000 0.984390000000 0.984360000000 0.984370000000 0.984380000000 0.984370000000 0.984410000000 0.984370000000 0.984380000000 0.984380000000 0.984450000000 0.984370000000 0.984370000000 0.984370000000 0.984130000000 0.984500000000 0.984340000000 0.984410000000 0.984340000000 0.984380000000 0.984370000000 0.984380000000 0.984230000000 0.984380000000 0.984350000000 0.984380000000 0.984390000000 0.984380000000 0.984370000000 0.984370000000 0.984230000000 0.984310000000 0.984340000000 0.984380000000 0.984350000000 0.984380000000 0.984380000000 0.984370000000 0.984270000000 0.984380000000 0.984350000000 0.984370000000 0.984340000000 0.984380000000 0.984390000000 0.984370000000 

N_obs: 400000

File Format:
1- most to least reliable channels (taken entropies)
2- most to least reliable channels (taken error probabilities)
3- channels entropies (flipped)
4- channels error probabilities (flipped)
5- number of MontCarlo simulations
