127 126 125 124 123 122 121 120 119 118 117 116 115 114 113 111 110 109 108 107 106 105 103 102 101 99 95 94 93 92 91 90 89 87 86 85 83 79 78 77 75 71 63 62 61 60 59 58 57 55 54 53 51 47 46 31 45 39 43 29 112 100 104 98 97 88 30 76 84 81 74 73 82 27 52 70 23 56 69 50 67 49 44 42 41 38 37 15 28 26 96 35 25 80 22 72 21 68 48 66 40 19 65 14 36 13 34 24 11 33 20 7 18 64 17 12 10 9 32 3 6 5 16 1 8 4 2 0 

127 126 125 124 123 122 121 120 119 118 117 116 115 114 113 111 110 109 108 107 106 105 103 102 101 99 95 94 93 92 91 90 89 87 86 85 83 79 78 77 75 71 63 62 61 60 59 58 57 55 54 53 51 47 46 31 45 39 43 29 112 100 104 98 97 88 30 76 84 81 74 73 82 27 52 70 23 56 69 67 44 50 49 42 41 38 37 15 28 26 96 35 25 80 72 22 68 21 48 66 40 19 65 14 36 13 34 24 33 11 20 18 64 7 17 12 10 32 9 6 16 5 3 8 4 2 1 0 

0.000000000000 0.000000000000 0.000000000000 0.000000000000 0.000000000000 0.000000000000 0.000000000000 0.000000000000 0.000000000000 0.000000000000 0.000000000000 0.000000000000 0.000000000000 0.000000000000 0.000000000000 0.000000000000 0.000000000000 0.000000000000 0.000000000000 0.000000000000 0.000000000000 0.000000000000 0.000000000000 0.000000000002 0.000000000000 0.000000000000 0.000000000000 0.000000000000 0.000000000000 0.000000000005 0.000000000010 0.000264420000 0.000000000000 0.000000000000 0.000000000000 0.000000000000 0.000000000000 0.000000000000 0.000000000000 0.000000000021 0.000000000000 0.000000000000 0.000000000000 0.000000000118 0.000000000000 0.000000024060 0.000000000713 0.000524240000 0.000000000000 0.000000000000 0.000000000000 0.000000000105 0.000000000000 0.000000004555 0.000000006690 0.001135100000 0.000000000000 0.000000298120 0.000000703360 0.002520000000 0.000001083300 0.005813100000 0.013750000000 0.287560000000 0.000000000000 0.000000000000 0.000000000000 0.000000000000 0.000000000000 0.000000000000 0.000000000000 0.000000478750 0.000000000000 0.000000000000 0.000000000000 0.000000272680 0.000000000000 0.000000804160 0.000001599100 0.004201000000 0.000000000000 0.000000000000 0.000000000000 0.000001739800 0.000000000000 0.000003457700 0.000005800800 0.009004100000 0.000000000000 0.000017396000 0.000041382000 0.019877000000 0.000265530000 0.043480000000 0.087833000000 0.531060000000 0.000000000000 0.000000000026 0.000000000000 0.000093919000 0.000000062502 0.000190370000 0.000401860000 0.052995000000 0.000000347040 0.001103100000 0.002299700000 0.108820000000 0.010307000000 0.200380000000 0.299390000000 0.766200000000 0.000053984000 0.015302000000 0.031136000000 0.309520000000 0.083197000000 0.452860000000 0.517370000000 0.888830000000 0.173270000000 0.584350000000 0.606830000000 0.924970000000 0.562700000000 0.928710000000 0.859450000000 0.993070000000 

0.000000000000 0.000000000000 0.000000000000 0.000000000000 0.000000000000 0.000000000000 0.000000000000 0.000000000000 0.000000000000 0.000000000000 0.000000000000 0.000000000000 0.000000000000 0.000000000000 0.000000000000 0.000000000000 0.000000000000 0.000000000000 0.000000000000 0.000000000000 0.000000000000 0.000000000000 0.000000000000 0.000000000001 0.000000000000 0.000000000000 0.000000000000 0.000000000000 0.000000000000 0.000000000001 0.000000000002 0.000540070000 0.000000000000 0.000000000000 0.000000000000 0.000000000000 0.000000000000 0.000000000000 0.000000000000 0.000000000006 0.000000000000 0.000000000000 0.000000000000 0.000000000037 0.000000000000 0.000000015757 0.000000000282 0.001077700000 0.000000000000 0.000000000000 0.000000000000 0.000000000029 0.000000000000 0.000000002126 0.000000002743 0.002362900000 0.000000000000 0.000000371000 0.000000994100 0.005367500000 0.000003031000 0.012006000000 0.028216000000 0.480330000000 0.000000000000 0.000000000000 0.000000000000 0.000000000000 0.000000000000 0.000000000000 0.000000000000 0.000000873120 0.000000000000 0.000000000000 0.000000000000 0.000000205370 0.000000000000 0.000003622400 0.000004210500 0.009101700000 0.000000000000 0.000000000000 0.000000000000 0.000003200500 0.000000000000 0.000005290300 0.000008368400 0.019135000000 0.000000000000 0.000044581000 0.000095497000 0.041636000000 0.000622730000 0.088179000000 0.172020000000 0.762420000000 0.000000000000 0.000000000008 0.000000000000 0.000239500000 0.000000053850 0.000437640000 0.000970250000 0.111740000000 0.000000644560 0.002690800000 0.005606500000 0.217200000000 0.024649000000 0.375480000000 0.545890000000 0.936870000000 0.000164940000 0.040213000000 0.078778000000 0.564190000000 0.210370000000 0.750800000000 0.855950000000 0.979670000000 0.496060000000 0.914830000000 0.950480000000 0.983930000000 0.967770000000 0.984240000000 0.984260000000 0.984390000000 

N_obs: 400000

File Format:
1- most to least reliable channels (taken entropies)
2- most to least reliable channels (taken error probabilities)
3- channels entropies (flipped)
4- channels error probabilities (flipped)
5- number of MontCarlo simulations
