127 126 125 124 123 122 121 120 119 118 117 116 115 114 113 111 110 109 108 107 106 105 103 102 101 99 95 94 93 92 91 90 89 87 86 79 63 62 61 59 55 47 78 83 85 31 77 75 60 54 57 58 71 53 51 46 45 112 104 43 100 98 88 84 97 82 39 81 76 74 30 73 29 56 70 52 27 69 50 49 44 42 67 23 41 96 38 80 28 37 72 26 15 68 35 25 48 22 66 40 21 65 19 36 14 13 7 11 34 24 33 20 3 64 17 18 9 12 5 6 10 32 1 16 8 4 2 0 

127 126 125 124 123 122 121 120 119 118 117 116 115 114 113 111 110 109 108 107 106 105 103 102 101 99 95 94 93 92 91 90 89 87 86 79 63 62 61 59 55 47 78 83 85 31 77 75 60 54 57 58 71 53 51 46 45 112 104 98 100 43 88 84 97 82 39 81 76 74 30 73 29 56 70 52 27 69 50 49 44 67 42 41 23 96 38 80 37 28 72 26 68 15 35 48 25 66 22 40 65 21 36 19 14 34 24 13 33 20 11 64 7 18 17 12 32 10 9 6 5 3 16 0 2 4 8 1 

0.000000000000 0.000000000000 0.000000000000 0.000000000000 0.000000000000 0.000000000000 0.000000000000 0.000000000000 0.000000000000 0.000000000000 0.000000000000 0.000000000000 0.000000000000 0.000000000000 0.000000000000 0.000000016376 0.000000000000 0.000000000000 0.000000000000 0.000000000000 0.000000000000 0.000000000000 0.000000000000 0.000000023554 0.000000000000 0.000000000000 0.000000000000 0.000000162970 0.000000000000 0.000000168490 0.000001572000 0.003877700000 0.000000000000 0.000000000000 0.000000000000 0.000000000000 0.000000000000 0.000000000000 0.000000000000 0.000000209080 0.000000000000 0.000000000000 0.000000000000 0.000001557300 0.000000000000 0.000002932700 0.000006233900 0.008272400000 0.000000000000 0.000000000000 0.000000000000 0.000008719000 0.000000000000 0.000012796000 0.000031976000 0.018695000000 0.000000000001 0.000098963000 0.000205570000 0.043125000000 0.001341700000 0.094122000000 0.174780000000 0.670860000000 0.000000000000 0.000000000000 0.000000000000 0.000000000000 0.000000000000 0.000000000000 0.000000000000 0.000054343000 0.000000000000 0.000000000000 0.000000000017 0.000119010000 0.000000000260 0.000234090000 0.000485040000 0.061092000000 0.000000000000 0.000000000408 0.000000006583 0.000639600000 0.000000152200 0.001320000000 0.002864200000 0.128170000000 0.000006002700 0.007052200000 0.014801000000 0.245250000000 0.049687000000 0.388770000000 0.478510000000 0.875330000000 0.000000000000 0.000015018000 0.000032115000 0.013410000000 0.000163310000 0.028089000000 0.055477000000 0.403270000000 0.002361600000 0.091125000000 0.153750000000 0.586780000000 0.244980000000 0.689240000000 0.684160000000 0.952480000000 0.028644000000 0.247980000000 0.326420000000 0.757450000000 0.373440000000 0.798460000000 0.756620000000 0.970910000000 0.347080000000 0.789710000000 0.766470000000 0.973410000000 0.670390000000 0.973640000000 0.892040000000 0.997740000000 

0.000000000000 0.000000000000 0.000000000000 0.000000000000 0.000000000000 0.000000000000 0.000000000000 0.000000000000 0.000000000000 0.000000000000 0.000000000000 0.000000000000 0.000000000000 0.000000000000 0.000000000000 0.000000009847 0.000000000000 0.000000000000 0.000000000000 0.000000000000 0.000000000000 0.000000000000 0.000000000000 0.000000011275 0.000000000000 0.000000000000 0.000000000000 0.000000138650 0.000000000000 0.000000107220 0.000003594100 0.008094700000 0.000000000000 0.000000000000 0.000000000000 0.000000000000 0.000000000000 0.000000000000 0.000000000000 0.000000197030 0.000000000000 0.000000000000 0.000000000000 0.000002649300 0.000000000000 0.000007652300 0.000012879000 0.017109000000 0.000000000000 0.000000000000 0.000000000000 0.000023500000 0.000000000000 0.000031244000 0.000083961000 0.038344000000 0.000000000000 0.000217890000 0.000473170000 0.085489000000 0.003052600000 0.179020000000 0.322020000000 0.874430000000 0.000000000000 0.000000000000 0.000000000000 0.000000000000 0.000000000000 0.000000000000 0.000000000000 0.000136610000 0.000000000000 0.000000000000 0.000000000005 0.000293420000 0.000000000092 0.000534930000 0.001182000000 0.125440000000 0.000000000000 0.000000000148 0.000000003549 0.001546700000 0.000000154350 0.003112000000 0.006570100000 0.248140000000 0.000012664000 0.016546000000 0.033866000000 0.436560000000 0.115000000000 0.641680000000 0.784320000000 0.974430000000 0.000000000000 0.000045432000 0.000090600000 0.034035000000 0.000432360000 0.069149000000 0.130820000000 0.671870000000 0.007092200000 0.216000000000 0.348420000000 0.854740000000 0.573120000000 0.936830000000 0.960780000000 0.984160000000 0.100870000000 0.594120000000 0.744640000000 0.967850000000 0.867370000000 0.980020000000 0.981890000000 0.984380000000 0.934580000000 0.983410000000 0.983820000000 0.984380000000 0.983930000000 0.984380000000 0.984400000000 0.984380000000 

N_obs: 400000

File Format:
1- most to least reliable channels (taken entropies)
2- most to least reliable channels (taken error probabilities)
3- channels entropies (flipped)
4- channels error probabilities (flipped)
5- number of MontCarlo simulations
