127 126 125 123 63 119 95 111 31 124 47 79 15 122 59 61 62 55 121 103 87 115 117 118 93 94 91 23 39 71 107 110 7 109 30 29 27 51 43 99 75 83 46 57 78 11 19 35 67 3 60 58 14 45 113 77 120 53 105 101 89 54 85 116 114 92 102 13 86 25 49 21 37 41 97 69 73 81 108 90 106 17 9 5 33 65 1 28 22 38 70 56 6 26 112 52 44 50 76 104 42 98 100 88 74 82 84 12 24 18 10 20 34 48 36 40 72 66 68 80 96 8 16 4 2 32 64 0 

127 126 125 123 124 119 122 111 121 95 118 63 117 115 110 109 120 107 103 94 61 79 93 87 91 14 116 113 78 39 108 81 58 51 46 77 30 97 27 54 19 62 17 71 13 43 41 65 102 57 114 26 37 52 82 104 1 49 55 50 18 83 28 33 70 36 34 98 68 22 72 112 106 96 10 48 64 32 0 66 8 16 80 101 4 2 53 89 24 40 100 20 88 85 9 12 6 67 23 35 73 69 45 76 29 25 42 74 11 84 21 60 56 44 59 90 3 38 7 15 5 92 86 105 99 75 47 31 

0.000047472000 0.012425000000 0.026946000000 0.234350000000 0.078737000000 0.362130000000 0.402130000000 0.817020000000 0.161390000000 0.489690000000 0.488220000000 0.868630000000 0.463120000000 0.869070000000 0.813560000000 0.984500000000 0.205190000000 0.550540000000 0.555820000000 0.906750000000 0.532290000000 0.912500000000 0.843330000000 0.989210000000 0.429660000000 0.884430000000 0.845410000000 0.989660000000 0.720890000000 0.989500000000 0.904200000000 0.999030000000 0.186810000000 0.497590000000 0.493110000000 0.876240000000 0.522180000000 0.910740000000 0.846070000000 0.990130000000 0.443600000000 0.898080000000 0.855320000000 0.991310000000 0.725860000000 0.990540000000 0.904780000000 0.999020000000 0.319590000000 0.752400000000 0.816910000000 0.987750000000 0.723990000000 0.990390000000 0.904390000000 0.998920000000 0.528540000000 0.966600000000 0.904220000000 0.998960000000 0.759920000000 0.998960000000 0.915750000000 0.999910000000 0.145380000000 0.390580000000 0.368250000000 0.781710000000 0.367420000000 0.785150000000 0.748190000000 0.970000000000 0.393330000000 0.850770000000 0.825510000000 0.986050000000 0.711500000000 0.986940000000 0.901640000000 0.998720000000 0.315720000000 0.746640000000 0.809750000000 0.986370000000 0.720120000000 0.989240000000 0.903190000000 0.998770000000 0.525840000000 0.964690000000 0.902490000000 0.998740000000 0.758470000000 0.998670000000 0.915100000000 0.999880000000 0.224320000000 0.578640000000 0.581720000000 0.920590000000 0.678500000000 0.981410000000 0.898770000000 0.998400000000 0.523350000000 0.963610000000 0.901980000000 0.998670000000 0.757910000000 0.998540000000 0.914770000000 0.999850000000 0.354220000000 0.791630000000 0.884630000000 0.998160000000 0.757740000000 0.998610000000 0.914860000000 0.999850000000 0.551880000000 0.977220000000 0.914910000000 0.999860000000 0.767090000000 0.999870000000 0.918430000000 0.999990000000 

0.000217150000 0.050891000000 0.106520000000 0.624170000000 0.307850000000 0.825530000000 0.907170000000 0.982480000000 0.659800000000 0.954840000000 0.970730000000 0.984240000000 0.977180000000 0.984360000000 0.984260000000 0.984370000000 0.879760000000 0.981250000000 0.982410000000 0.984310000000 0.983320000000 0.984370000000 0.984420000000 0.984370000000 0.983480000000 0.984350000000 0.984380000000 0.984380000000 0.984420000000 0.984370000000 0.984330000000 0.984370000000 0.947650000000 0.983830000000 0.984130000000 0.984420000000 0.984200000000 0.984400000000 0.984380000000 0.984380000000 0.984170000000 0.984420000000 0.984380000000 0.984390000000 0.984370000000 0.984370000000 0.984310000000 0.984380000000 0.984110000000 0.984280000000 0.984330000000 0.984390000000 0.984420000000 0.984390000000 0.984390000000 0.984370000000 0.984340000000 0.984370000000 0.984390000000 0.984370000000 0.984380000000 0.984380000000 0.984350000000 0.984370000000 0.969780000000 0.984340000000 0.984050000000 0.984390000000 0.984400000000 0.984310000000 0.984360000000 0.984400000000 0.984370000000 0.984330000000 0.984380000000 0.984370000000 0.984320000000 0.984370000000 0.984370000000 0.984370000000 0.984460000000 0.984320000000 0.984390000000 0.984400000000 0.984350000000 0.984390000000 0.984350000000 0.984380000000 0.984310000000 0.984410000000 0.984360000000 0.984370000000 0.984380000000 0.984370000000 0.984370000000 0.984370000000 0.984460000000 0.984330000000 0.984390000000 0.984370000000 0.984330000000 0.984360000000 0.984390000000 0.984380000000 0.984380000000 0.984370000000 0.984390000000 0.984380000000 0.984340000000 0.984370000000 0.984340000000 0.984380000000 0.984410000000 0.984240000000 0.984350000000 0.984380000000 0.984390000000 0.984370000000 0.984380000000 0.984380000000 0.984410000000 0.984380000000 0.984410000000 0.984380000000 0.984410000000 0.984380000000 0.984370000000 0.984380000000 

N_obs: 400000

File Format:
1- most to least reliable channels (taken entropies)
2- most to least reliable channels (taken error probabilities)
3- channels entropies (flipped)
4- channels error probabilities (flipped)
5- number of MontCarlo simulations
