127 126 125 123 119 111 124 122 121 95 118 117 115 110 109 107 120 103 94 116 93 114 63 113 108 91 106 105 87 102 62 92 101 61 79 90 112 59 31 99 55 47 89 104 86 15 85 71 60 83 23 39 78 29 75 30 77 27 100 58 57 51 7 43 46 53 45 54 98 97 88 67 11 19 35 14 3 81 13 84 73 69 25 21 82 37 49 41 70 28 76 22 74 38 56 26 65 17 9 50 5 33 52 44 42 1 96 6 80 12 72 66 68 24 18 10 34 20 36 40 48 64 8 16 4 2 32 0 

127 126 125 123 119 111 124 122 121 95 118 117 115 110 109 107 120 103 116 94 114 93 63 113 108 91 106 105 102 87 92 101 62 112 90 61 99 79 89 104 59 86 100 85 55 60 83 98 78 88 47 97 77 58 31 75 57 84 71 54 53 82 51 81 45 46 96 76 43 39 29 27 30 73 56 74 41 7 67 26 22 5 28 65 23 80 70 66 33 20 14 21 34 18 64 50 25 0 4 49 37 12 72 32 8 48 9 6 16 69 2 36 40 44 10 52 68 24 35 1 17 3 13 42 19 38 11 15 

0.000000000000 0.000000000000 0.000000000000 0.000000000001 0.000000000000 0.000000000052 0.000000000142 0.000334670000 0.000000000000 0.000000001900 0.000000003434 0.000685160000 0.000000021440 0.001538400000 0.003429900000 0.147910000000 0.000000000000 0.000001437400 0.000002087100 0.004777600000 0.000014671000 0.010478000000 0.022574000000 0.302350000000 0.000464560000 0.046987000000 0.089525000000 0.497080000000 0.184770000000 0.636250000000 0.656280000000 0.944550000000 0.000000001090 0.000673550000 0.001461400000 0.076451000000 0.006718200000 0.147060000000 0.229200000000 0.682960000000 0.039025000000 0.303760000000 0.383790000000 0.806610000000 0.415930000000 0.835370000000 0.787130000000 0.978610000000 0.118460000000 0.444430000000 0.479050000000 0.866010000000 0.472010000000 0.874310000000 0.814160000000 0.983490000000 0.395310000000 0.846410000000 0.814270000000 0.983720000000 0.701250000000 0.983650000000 0.899560000000 0.998580000000 0.001543500000 0.055964000000 0.098299000000 0.406620000000 0.163920000000 0.503670000000 0.506860000000 0.883900000000 0.211440000000 0.568390000000 0.557290000000 0.904010000000 0.513710000000 0.901500000000 0.837330000000 0.988740000000 0.211640000000 0.556680000000 0.558570000000 0.907440000000 0.527090000000 0.908790000000 0.840220000000 0.988510000000 0.422020000000 0.875200000000 0.836850000000 0.988000000000 0.714680000000 0.987510000000 0.902430000000 0.998840000000 0.178070000000 0.474990000000 0.465750000000 0.859730000000 0.482340000000 0.885550000000 0.826710000000 0.986430000000 0.416890000000 0.871870000000 0.835250000000 0.987590000000 0.712670000000 0.986680000000 0.901220000000 0.998640000000 0.310050000000 0.738480000000 0.795270000000 0.983420000000 0.712180000000 0.987090000000 0.901450000000 0.998590000000 0.522750000000 0.963000000000 0.901860000000 0.998720000000 0.758620000000 0.998760000000 0.915410000000 0.999900000000 

0.000000000000 0.000000000000 0.000000000000 0.000000000000 0.000000000000 0.000000000016 0.000000000045 0.000797770000 0.000000000000 0.000000000846 0.000000001589 0.001587200000 0.000000010408 0.003645300000 0.007913400000 0.287190000000 0.000000000000 0.000001598800 0.000005602600 0.011208000000 0.000036079000 0.024586000000 0.050516000000 0.520420000000 0.001226900000 0.107300000000 0.195880000000 0.754670000000 0.415920000000 0.891650000000 0.940060000000 0.983690000000 0.000000000424 0.002045300000 0.004344100000 0.188520000000 0.019600000000 0.332980000000 0.496690000000 0.918260000000 0.121250000000 0.631870000000 0.772350000000 0.971800000000 0.882640000000 0.981110000000 0.982430000000 0.984360000000 0.448450000000 0.896020000000 0.941860000000 0.983700000000 0.964200000000 0.984280000000 0.984240000000 0.984380000000 0.974020000000 0.984360000000 0.984380000000 0.984390000000 0.984340000000 0.984370000000 0.984350000000 0.984370000000 0.007366600000 0.226610000000 0.379790000000 0.863920000000 0.627440000000 0.946450000000 0.965330000000 0.984270000000 0.830240000000 0.977230000000 0.980230000000 0.984390000000 0.981810000000 0.984370000000 0.984380000000 0.984380000000 0.923910000000 0.983430000000 0.983410000000 0.984390000000 0.983810000000 0.984410000000 0.984310000000 0.984380000000 0.983960000000 0.984430000000 0.984380000000 0.984380000000 0.984390000000 0.984370000000 0.984370000000 0.984380000000 0.958480000000 0.984150000000 0.984010000000 0.984350000000 0.984110000000 0.984350000000 0.984370000000 0.984390000000 0.984350000000 0.984350000000 0.984370000000 0.984370000000 0.984420000000 0.984370000000 0.984400000000 0.984380000000 0.984530000000 0.984370000000 0.984400000000 0.984380000000 0.984470000000 0.984390000000 0.984380000000 0.984380000000 0.984330000000 0.984380000000 0.984350000000 0.984380000000 0.984400000000 0.984380000000 0.984390000000 0.984370000000 

N_obs: 400000

File Format:
1- most to least reliable channels (taken entropies)
2- most to least reliable channels (taken error probabilities)
3- channels entropies (flipped)
4- channels error probabilities (flipped)
5- number of MontCarlo simulations
