127 126 125 123 119 124 122 111 121 63 95 118 31 117 47 79 115 59 61 15 55 110 62 103 87 109 107 93 94 91 120 23 39 71 7 30 29 27 116 51 99 43 75 83 113 46 78 57 114 58 11 19 60 35 45 67 77 3 53 105 101 14 54 89 85 102 108 92 106 86 90 13 25 49 21 37 97 41 69 73 81 28 17 9 5 33 65 1 22 38 70 112 56 26 44 52 50 76 6 104 98 100 42 74 82 88 84 12 24 18 10 20 34 36 48 40 72 68 66 96 80 8 16 4 2 32 64 0 

127 126 125 123 119 124 122 121 111 118 117 95 115 120 110 109 63 116 107 103 94 114 93 113 91 87 108 79 62 61 59 106 47 105 55 31 23 78 30 89 46 102 90 99 25 22 45 27 21 6 5 81 1 75 50 3 82 74 44 96 56 67 20 34 18 64 112 32 68 40 58 66 12 24 16 69 2 0 36 37 76 4 8 48 38 72 35 13 42 10 15 33 80 49 52 73 26 100 57 101 104 88 41 77 65 85 84 17 14 70 97 54 98 86 9 43 19 92 39 53 51 28 83 60 71 11 29 7 

0.000000000000 0.000051673000 0.000096582000 0.022220000000 0.000656750000 0.049366000000 0.095524000000 0.468890000000 0.010739000000 0.161330000000 0.238380000000 0.664790000000 0.306670000000 0.731000000000 0.707310000000 0.960200000000 0.078291000000 0.359050000000 0.402520000000 0.813220000000 0.413450000000 0.828700000000 0.778400000000 0.975960000000 0.363230000000 0.808890000000 0.782400000000 0.976620000000 0.678690000000 0.976110000000 0.893020000000 0.997760000000 0.144490000000 0.424690000000 0.421920000000 0.828300000000 0.432440000000 0.847540000000 0.796880000000 0.980350000000 0.385180000000 0.835590000000 0.805130000000 0.981350000000 0.691450000000 0.979840000000 0.895280000000 0.997900000000 0.293990000000 0.714110000000 0.759960000000 0.975120000000 0.688180000000 0.979430000000 0.894550000000 0.997680000000 0.508730000000 0.952660000000 0.894340000000 0.997760000000 0.753410000000 0.997760000000 0.913640000000 0.999810000000 0.132690000000 0.361280000000 0.337820000000 0.751220000000 0.336060000000 0.748750000000 0.716910000000 0.962170000000 0.345800000000 0.788460000000 0.770300000000 0.973980000000 0.673190000000 0.974470000000 0.891220000000 0.997430000000 0.290180000000 0.707640000000 0.753100000000 0.973530000000 0.684220000000 0.978020000000 0.893190000000 0.997470000000 0.505160000000 0.950140000000 0.892140000000 0.997400000000 0.751470000000 0.997270000000 0.912790000000 0.999750000000 0.214360000000 0.557370000000 0.559660000000 0.910520000000 0.629940000000 0.963820000000 0.885840000000 0.996710000000 0.501530000000 0.948260000000 0.891230000000 0.997250000000 0.750550000000 0.997010000000 0.912260000000 0.999690000000 0.345320000000 0.782830000000 0.868250000000 0.996220000000 0.750360000000 0.997150000000 0.912410000000 0.999690000000 0.546120000000 0.975510000000 0.912500000000 0.999720000000 0.765520000000 0.999730000000 0.917820000000 0.999980000000 

0.000000000000 0.000188830000 0.000354380000 0.068544000000 0.002325400000 0.145080000000 0.264370000000 0.812350000000 0.038156000000 0.429190000000 0.604360000000 0.943850000000 0.793140000000 0.973890000000 0.978810000000 0.984370000000 0.318570000000 0.834540000000 0.911400000000 0.982600000000 0.951570000000 0.984030000000 0.984080000000 0.984390000000 0.968640000000 0.984320000000 0.984390000000 0.984390000000 0.984330000000 0.984400000000 0.984400000000 0.984370000000 0.745610000000 0.968730000000 0.977370000000 0.984420000000 0.980870000000 0.984330000000 0.984320000000 0.984390000000 0.982030000000 0.984410000000 0.984390000000 0.984390000000 0.984450000000 0.984370000000 0.984360000000 0.984380000000 0.982760000000 0.984310000000 0.984390000000 0.984380000000 0.984370000000 0.984370000000 0.984390000000 0.984380000000 0.984460000000 0.984400000000 0.984370000000 0.984370000000 0.984370000000 0.984370000000 0.984390000000 0.984370000000 0.919780000000 0.983280000000 0.983790000000 0.984450000000 0.983930000000 0.984370000000 0.984390000000 0.984370000000 0.984160000000 0.984400000000 0.984430000000 0.984380000000 0.984430000000 0.984370000000 0.984380000000 0.984380000000 0.984050000000 0.984320000000 0.984350000000 0.984370000000 0.984410000000 0.984380000000 0.984390000000 0.984370000000 0.984420000000 0.984380000000 0.984380000000 0.984380000000 0.984380000000 0.984370000000 0.984380000000 0.984370000000 0.984200000000 0.984320000000 0.984490000000 0.984430000000 0.984350000000 0.984390000000 0.984340000000 0.984370000000 0.984220000000 0.984340000000 0.984350000000 0.984370000000 0.984410000000 0.984370000000 0.984390000000 0.984370000000 0.984380000000 0.984390000000 0.984380000000 0.984370000000 0.984460000000 0.984380000000 0.984410000000 0.984380000000 0.984600000000 0.984360000000 0.984360000000 0.984380000000 0.984370000000 0.984380000000 0.984360000000 0.984380000000 

N_obs: 400000

File Format:
1- most to least reliable channels (taken entropies)
2- most to least reliable channels (taken error probabilities)
3- channels entropies (flipped)
4- channels error probabilities (flipped)
5- number of MontCarlo simulations
