127 126 63 125 95 123 119 31 111 47 79 15 59 61 62 55 103 87 124 115 23 121 93 39 94 71 122 7 117 118 30 91 29 107 110 109 27 51 43 99 75 83 11 19 35 67 57 3 46 78 14 60 58 113 45 77 53 105 89 101 85 13 54 120 92 25 49 21 37 41 114 69 97 73 116 81 17 9 5 33 65 1 102 28 86 108 90 106 22 38 70 56 6 112 26 52 44 50 76 104 42 98 100 88 74 82 84 12 24 18 10 34 20 48 36 40 72 66 68 80 96 8 16 4 2 32 64 0 

127 126 125 123 119 124 111 95 122 63 121 118 117 115 110 103 109 15 31 59 79 78 47 91 46 7 75 14 67 92 107 17 5 30 60 51 37 9 93 99 19 39 71 89 21 97 55 70 105 102 77 86 52 25 90 73 33 81 41 49 94 1 120 26 40 84 28 18 20 2 64 12 16 57 0 4 8 88 56 66 32 112 96 36 35 34 10 54 80 24 48 101 50 68 72 27 98 42 6 58 44 82 104 74 38 100 53 106 43 76 13 22 85 108 116 113 114 69 87 3 23 11 65 45 62 83 29 61 

0.006872300000 0.104120000000 0.156390000000 0.494460000000 0.206760000000 0.551560000000 0.538050000000 0.900340000000 0.229060000000 0.587510000000 0.570700000000 0.909950000000 0.525160000000 0.909180000000 0.843140000000 0.989960000000 0.243280000000 0.624010000000 0.646760000000 0.942950000000 0.612480000000 0.951520000000 0.872910000000 0.994420000000 0.473390000000 0.925350000000 0.875830000000 0.994970000000 0.741020000000 0.994920000000 0.909770000000 0.999540000000 0.204850000000 0.538750000000 0.538350000000 0.900540000000 0.594000000000 0.948590000000 0.874610000000 0.995030000000 0.484410000000 0.934560000000 0.881650000000 0.995800000000 0.743870000000 0.995390000000 0.910070000000 0.999520000000 0.337320000000 0.774250000000 0.852800000000 0.993980000000 0.742620000000 0.995320000000 0.909850000000 0.999470000000 0.540420000000 0.973050000000 0.909720000000 0.999490000000 0.763540000000 0.999490000000 0.917030000000 0.999960000000 0.152980000000 0.409610000000 0.388330000000 0.799770000000 0.387430000000 0.806640000000 0.766300000000 0.974620000000 0.435390000000 0.897340000000 0.862060000000 0.992890000000 0.734930000000 0.993490000000 0.908040000000 0.999370000000 0.333830000000 0.770400000000 0.847370000000 0.993200000000 0.740230000000 0.994700000000 0.909030000000 0.999390000000 0.538420000000 0.972020000000 0.908570000000 0.999380000000 0.762600000000 0.999340000000 0.916590000000 0.999940000000 0.231450000000 0.592540000000 0.594870000000 0.926270000000 0.710400000000 0.990670000000 0.906300000000 0.999210000000 0.536930000000 0.971460000000 0.908250000000 0.999340000000 0.762290000000 0.999280000000 0.916370000000 0.999930000000 0.360180000000 0.796230000000 0.893950000000 0.999090000000 0.762150000000 0.999310000000 0.916420000000 0.999920000000 0.555480000000 0.977910000000 0.916460000000 0.999930000000 0.768100000000 0.999930000000 0.918840000000 0.999990000000 

0.037353000000 0.437400000000 0.636540000000 0.950090000000 0.839220000000 0.978020000000 0.980930000000 0.984370000000 0.937180000000 0.983630000000 0.983920000000 0.984390000000 0.983960000000 0.984410000000 0.984390000000 0.984380000000 0.966670000000 0.984120000000 0.984210000000 0.984390000000 0.984330000000 0.984380000000 0.984360000000 0.984380000000 0.984140000000 0.984360000000 0.984380000000 0.984380000000 0.984350000000 0.984380000000 0.984360000000 0.984380000000 0.974920000000 0.984370000000 0.984350000000 0.984330000000 0.984290000000 0.984370000000 0.984360000000 0.984380000000 0.984410000000 0.984360000000 0.984390000000 0.984370000000 0.984460000000 0.984380000000 0.984370000000 0.984380000000 0.984260000000 0.984260000000 0.984360000000 0.984390000000 0.984310000000 0.984380000000 0.984370000000 0.984380000000 0.984360000000 0.984360000000 0.984410000000 0.984380000000 0.984320000000 0.984380000000 0.984410000000 0.984370000000 0.979150000000 0.984440000000 0.984510000000 0.984340000000 0.984250000000 0.984380000000 0.984380000000 0.984380000000 0.984360000000 0.984380000000 0.984380000000 0.984370000000 0.984340000000 0.984380000000 0.984370000000 0.984380000000 0.984270000000 0.984300000000 0.984430000000 0.984380000000 0.984380000000 0.984380000000 0.984370000000 0.984370000000 0.984350000000 0.984380000000 0.984350000000 0.984380000000 0.984380000000 0.984380000000 0.984370000000 0.984380000000 0.984220000000 0.984340000000 0.984480000000 0.984370000000 0.984380000000 0.984370000000 0.984370000000 0.984380000000 0.984410000000 0.984390000000 0.984360000000 0.984370000000 0.984350000000 0.984370000000 0.984330000000 0.984370000000 0.984210000000 0.984320000000 0.984390000000 0.984370000000 0.984410000000 0.984380000000 0.984350000000 0.984380000000 0.984310000000 0.984380000000 0.984330000000 0.984380000000 0.984410000000 0.984370000000 0.984370000000 0.984380000000 

N_obs: 400000

File Format:
1- most to least reliable channels (taken entropies)
2- most to least reliable channels (taken error probabilities)
3- channels entropies (flipped)
4- channels error probabilities (flipped)
5- number of MontCarlo simulations
