127 126 125 123 119 124 122 111 121 118 117 95 115 110 63 120 109 31 107 116 47 79 103 94 61 59 55 62 93 87 15 91 114 113 23 39 71 29 30 7 108 27 99 51 75 43 83 105 106 46 78 57 101 102 45 77 58 60 53 89 54 92 11 19 85 35 67 3 86 90 14 13 25 112 97 21 49 37 69 41 73 81 28 17 9 5 33 65 1 22 38 70 104 26 98 100 56 76 44 50 52 74 42 82 88 84 6 12 24 18 96 10 20 34 36 40 72 48 68 66 80 8 16 4 2 32 64 0 

127 126 125 123 119 124 122 111 121 118 117 115 110 95 120 109 116 107 114 63 94 103 113 108 93 91 106 87 105 62 79 102 61 112 101 59 92 99 55 47 31 90 89 86 75 104 54 83 23 85 60 77 25 41 39 15 49 14 5 13 6 98 50 65 97 11 76 52 82 28 69 24 8 80 18 36 10 22 64 2 74 1 40 16 66 56 0 32 4 48 38 72 26 96 34 68 20 12 100 42 43 17 33 84 7 67 44 19 46 88 3 57 27 51 9 21 73 29 81 37 70 58 35 71 78 53 30 45 

0.000000000000 0.000000000611 0.000000002971 0.000722590000 0.000000149090 0.001605500000 0.003582400000 0.128240000000 0.000022078000 0.010081000000 0.021269000000 0.259150000000 0.067040000000 0.405840000000 0.479080000000 0.872150000000 0.002562400000 0.086738000000 0.148370000000 0.554200000000 0.236250000000 0.658320000000 0.650780000000 0.941420000000 0.277590000000 0.699580000000 0.687200000000 0.951830000000 0.612450000000 0.950910000000 0.874420000000 0.995170000000 0.052879000000 0.280740000000 0.324730000000 0.740290000000 0.351920000000 0.769100000000 0.732800000000 0.965570000000 0.331160000000 0.765810000000 0.743290000000 0.966860000000 0.648250000000 0.964470000000 0.883190000000 0.996240000000 0.269030000000 0.670780000000 0.700330000000 0.959200000000 0.644700000000 0.964050000000 0.882260000000 0.995870000000 0.485950000000 0.934770000000 0.881990000000 0.996000000000 0.745430000000 0.996000000000 0.911230000000 0.999660000000 0.110400000000 0.324160000000 0.307260000000 0.716100000000 0.307860000000 0.710280000000 0.682790000000 0.952910000000 0.309400000000 0.734570000000 0.718480000000 0.960820000000 0.635870000000 0.960480000000 0.880540000000 0.995910000000 0.267750000000 0.669380000000 0.700240000000 0.959220000000 0.645520000000 0.964190000000 0.882180000000 0.995820000000 0.484770000000 0.933790000000 0.880690000000 0.995700000000 0.743770000000 0.995500000000 0.910450000000 0.999580000000 0.204450000000 0.536300000000 0.536200000000 0.899410000000 0.586990000000 0.945070000000 0.872000000000 0.994620000000 0.480040000000 0.931090000000 0.879350000000 0.995460000000 0.742450000000 0.995070000000 0.909720000000 0.999490000000 0.336840000000 0.773030000000 0.850770000000 0.993760000000 0.742190000000 0.995280000000 0.909890000000 0.999480000000 0.540650000000 0.973250000000 0.910070000000 0.999530000000 0.763910000000 0.999550000000 0.917230000000 0.999960000000 

0.000000000000 0.000000000223 0.000000001286 0.002066500000 0.000002637500 0.004601200000 0.009909500000 0.294590000000 0.000069306000 0.028273000000 0.057938000000 0.518350000000 0.181840000000 0.727720000000 0.845660000000 0.979170000000 0.009044400000 0.245430000000 0.395270000000 0.876510000000 0.630610000000 0.949230000000 0.966580000000 0.984230000000 0.829340000000 0.977270000000 0.980380000000 0.984390000000 0.981970000000 0.984360000000 0.984370000000 0.984380000000 0.245940000000 0.784500000000 0.885630000000 0.981190000000 0.942720000000 0.983780000000 0.983880000000 0.984400000000 0.965230000000 0.984170000000 0.984290000000 0.984390000000 0.984240000000 0.984370000000 0.984420000000 0.984370000000 0.974700000000 0.984450000000 0.984320000000 0.984370000000 0.984210000000 0.984370000000 0.984420000000 0.984380000000 0.984440000000 0.984420000000 0.984370000000 0.984380000000 0.984390000000 0.984370000000 0.984370000000 0.984370000000 0.746120000000 0.968410000000 0.977580000000 0.984310000000 0.981020000000 0.984430000000 0.984410000000 0.984370000000 0.982480000000 0.984240000000 0.984450000000 0.984370000000 0.984410000000 0.984360000000 0.984350000000 0.984380000000 0.982980000000 0.984400000000 0.984550000000 0.984390000000 0.984390000000 0.984390000000 0.984340000000 0.984370000000 0.984340000000 0.984380000000 0.984420000000 0.984370000000 0.984440000000 0.984380000000 0.984390000000 0.984380000000 0.983230000000 0.984460000000 0.984420000000 0.984370000000 0.984410000000 0.984380000000 0.984340000000 0.984370000000 0.984250000000 0.984370000000 0.984410000000 0.984380000000 0.984390000000 0.984370000000 0.984390000000 0.984370000000 0.984350000000 0.984350000000 0.984360000000 0.984380000000 0.984370000000 0.984370000000 0.984410000000 0.984370000000 0.984390000000 0.984360000000 0.984350000000 0.984380000000 0.984400000000 0.984370000000 0.984370000000 0.984380000000 

N_obs: 400000

File Format:
1- most to least reliable channels (taken entropies)
2- most to least reliable channels (taken error probabilities)
3- channels entropies (flipped)
4- channels error probabilities (flipped)
5- number of MontCarlo simulations
