127 126 125 124 123 122 121 119 118 117 115 111 110 109 107 95 63 103 93 94 91 87 120 114 108 116 113 106 105 102 79 62 101 61 92 90 59 99 89 86 85 55 112 83 104 78 60 100 77 58 47 98 88 57 75 97 54 84 31 53 71 82 51 46 81 76 45 15 56 39 43 30 23 29 74 27 96 73 52 7 70 67 69 50 49 35 11 19 14 44 80 13 41 37 38 25 42 21 3 28 22 26 65 72 33 17 9 5 68 1 66 48 6 40 34 12 36 18 10 24 20 64 32 8 16 4 2 0 

127 126 125 124 123 122 121 119 118 117 115 111 110 109 107 95 63 103 93 94 91 87 120 114 108 116 113 106 105 102 79 101 62 61 92 90 99 59 89 86 85 55 112 83 104 78 100 60 77 98 58 88 47 57 97 75 84 54 82 53 71 81 31 76 51 46 56 74 96 45 73 52 43 70 30 80 50 39 69 29 49 67 44 27 72 23 42 15 41 38 68 37 28 35 48 66 26 65 19 25 11 22 3 21 13 1 36 40 64 18 10 0 16 24 8 6 2 20 4 32 12 9 34 5 14 33 17 7 

0.000000000000 0.000000000000 0.000000000000 0.000000000000 0.000000000000 0.000000000000 0.000000000000 0.000000007499 0.000000000000 0.000000000000 0.000000000000 0.000000183730 0.000000000000 0.000000010159 0.000000420340 0.002041000000 0.000000000000 0.000000000000 0.000000000000 0.000000052581 0.000000000000 0.000001057000 0.000001603000 0.004309900000 0.000000000000 0.000002828300 0.000009156000 0.009686700000 0.000061787000 0.022061000000 0.048384000000 0.439960000000 0.000000000000 0.000000000000 0.000000000000 0.000027133000 0.000000000000 0.000055982000 0.000110290000 0.030413000000 0.000000000075 0.000320080000 0.000694580000 0.064691000000 0.003478400000 0.128150000000 0.214530000000 0.695480000000 0.000005316800 0.006438900000 0.013615000000 0.222400000000 0.044759000000 0.356390000000 0.443900000000 0.853170000000 0.126700000000 0.519060000000 0.562020000000 0.907040000000 0.535300000000 0.913960000000 0.848150000000 0.991070000000 0.000000000000 0.000006776800 0.000009577600 0.007699200000 0.000061065000 0.016461000000 0.034000000000 0.307330000000 0.001167900000 0.060118000000 0.106730000000 0.486460000000 0.187770000000 0.602840000000 0.615810000000 0.930970000000 0.018334000000 0.192780000000 0.264810000000 0.689000000000 0.319360000000 0.740200000000 0.708990000000 0.958850000000 0.312160000000 0.739930000000 0.719460000000 0.961090000000 0.634440000000 0.959640000000 0.880930000000 0.996100000000 0.081819000000 0.325780000000 0.346550000000 0.761280000000 0.360850000000 0.778560000000 0.739930000000 0.967390000000 0.333470000000 0.768590000000 0.746000000000 0.967680000000 0.650830000000 0.965550000000 0.884170000000 0.996390000000 0.270310000000 0.673960000000 0.704700000000 0.960580000000 0.649220000000 0.966000000000 0.884200000000 0.996220000000 0.489800000000 0.938430000000 0.885010000000 0.996520000000 0.747870000000 0.996630000000 0.912130000000 0.999720000000 

0.000000000000 0.000000000000 0.000000000000 0.000000000000 0.000000000000 0.000000000000 0.000000000000 0.000000004071 0.000000000000 0.000000000000 0.000000000000 0.000000198610 0.000000000000 0.000000004244 0.000000760510 0.004473000000 0.000000000000 0.000000000000 0.000000000000 0.000000026690 0.000000000000 0.000001261200 0.000002322000 0.009243400000 0.000000000000 0.000003869600 0.000019450000 0.020538000000 0.000152110000 0.045633000000 0.097163000000 0.669370000000 0.000000000000 0.000000000000 0.000000000000 0.000061464000 0.000000000000 0.000125100000 0.000266040000 0.064807000000 0.000000000023 0.000755810000 0.001689800000 0.132660000000 0.008284200000 0.249510000000 0.403910000000 0.896340000000 0.000016353000 0.016698000000 0.034561000000 0.426660000000 0.112210000000 0.625790000000 0.767540000000 0.972080000000 0.358330000000 0.857190000000 0.920830000000 0.982960000000 0.955150000000 0.984060000000 0.984180000000 0.984370000000 0.000000000000 0.000025683000 0.000026064000 0.022953000000 0.000200730000 0.047974000000 0.094931000000 0.603340000000 0.003936300000 0.167570000000 0.283090000000 0.810180000000 0.503200000000 0.915000000000 0.949610000000 0.983950000000 0.070133000000 0.521870000000 0.683470000000 0.957970000000 0.830120000000 0.977160000000 0.980160000000 0.984350000000 0.917150000000 0.982770000000 0.983360000000 0.984350000000 0.983790000000 0.984390000000 0.984400000000 0.984380000000 0.408540000000 0.878460000000 0.935070000000 0.983420000000 0.961450000000 0.984130000000 0.984260000000 0.984380000000 0.972700000000 0.984280000000 0.984330000000 0.984380000000 0.984250000000 0.984370000000 0.984400000000 0.984380000000 0.978010000000 0.984390000000 0.984340000000 0.984380000000 0.984270000000 0.984370000000 0.984390000000 0.984380000000 0.984570000000 0.984380000000 0.984390000000 0.984380000000 0.984300000000 0.984380000000 0.984340000000 0.984370000000 

N_obs: 400000

File Format:
1- most to least reliable channels (taken entropies)
2- most to least reliable channels (taken error probabilities)
3- channels entropies (flipped)
4- channels error probabilities (flipped)
5- number of MontCarlo simulations
