127 126 125 123 119 124 63 95 111 31 122 47 79 121 15 59 61 55 62 103 118 87 115 117 93 94 91 107 110 23 109 39 71 7 30 29 27 51 43 99 75 83 46 57 78 120 11 19 35 67 3 60 58 14 45 113 77 53 105 101 54 89 116 85 114 92 102 13 86 108 106 90 25 49 21 37 41 97 69 73 81 17 9 5 33 65 28 1 22 38 70 56 26 6 112 52 44 50 76 104 42 98 100 88 74 82 84 12 24 18 10 20 34 48 36 40 72 66 68 80 96 8 16 4 2 32 64 0 

127 126 125 123 124 119 122 111 121 118 95 117 63 115 110 120 109 107 103 94 93 116 91 87 79 113 58 62 114 55 90 61 59 15 75 7 43 14 27 108 51 60 65 83 3 5 41 33 44 73 21 50 45 105 104 112 53 89 1 97 22 49 106 6 69 12 48 25 96 8 82 20 18 78 100 40 4 64 16 0 2 32 70 10 38 72 24 68 47 80 31 66 52 30 36 34 81 84 98 11 9 56 17 46 88 76 28 13 74 35 42 57 77 67 37 101 26 92 102 23 19 85 86 71 99 54 39 29 

0.000001512700 0.003264700000 0.007386000000 0.137930000000 0.031348000000 0.248580000000 0.318420000000 0.747330000000 0.107870000000 0.413690000000 0.437570000000 0.836060000000 0.428880000000 0.842540000000 0.793250000000 0.980460000000 0.180360000000 0.512340000000 0.517940000000 0.888010000000 0.499220000000 0.892770000000 0.828280000000 0.986320000000 0.411410000000 0.865040000000 0.829970000000 0.986690000000 0.710820000000 0.986500000000 0.901500000000 0.998750000000 0.178230000000 0.479330000000 0.472780000000 0.863990000000 0.493650000000 0.893520000000 0.832830000000 0.987630000000 0.426170000000 0.881050000000 0.842190000000 0.988870000000 0.716930000000 0.987910000000 0.902260000000 0.998750000000 0.312560000000 0.742130000000 0.800880000000 0.984470000000 0.714580000000 0.987680000000 0.901780000000 0.998610000000 0.523050000000 0.963090000000 0.901620000000 0.998670000000 0.758200000000 0.998660000000 0.915160000000 0.999880000000 0.141970000000 0.382830000000 0.359070000000 0.773250000000 0.357850000000 0.775020000000 0.739610000000 0.967940000000 0.378570000000 0.831940000000 0.809450000000 0.982750000000 0.700710000000 0.983620000000 0.898720000000 0.998380000000 0.308410000000 0.735470000000 0.793210000000 0.982940000000 0.710480000000 0.986370000000 0.900480000000 0.998440000000 0.519920000000 0.960880000000 0.899680000000 0.998400000000 0.756550000000 0.998310000000 0.914450000000 0.999840000000 0.221940000000 0.572800000000 0.575580000000 0.917900000000 0.664500000000 0.976680000000 0.895250000000 0.997980000000 0.517160000000 0.959530000000 0.899060000000 0.998310000000 0.755910000000 0.998160000000 0.914070000000 0.999810000000 0.351860000000 0.789490000000 0.880130000000 0.997670000000 0.755720000000 0.998240000000 0.914160000000 0.999810000000 0.550250000000 0.976770000000 0.914230000000 0.999830000000 0.766630000000 0.999830000000 0.918250000000 0.999990000000 

0.000006418600 0.012793000000 0.027979000000 0.403320000000 0.118100000000 0.632530000000 0.784390000000 0.973340000000 0.427040000000 0.888100000000 0.938920000000 0.983670000000 0.963500000000 0.984230000000 0.984150000000 0.984370000000 0.779710000000 0.972470000000 0.978580000000 0.984330000000 0.981140000000 0.984370000000 0.984370000000 0.984370000000 0.982020000000 0.984410000000 0.984400000000 0.984370000000 0.984430000000 0.984380000000 0.984370000000 0.984370000000 0.920630000000 0.982980000000 0.983630000000 0.984410000000 0.983870000000 0.984270000000 0.984370000000 0.984380000000 0.983900000000 0.984420000000 0.984420000000 0.984380000000 0.984350000000 0.984370000000 0.984380000000 0.984380000000 0.984140000000 0.984370000000 0.984390000000 0.984390000000 0.984290000000 0.984390000000 0.984360000000 0.984380000000 0.984420000000 0.984380000000 0.984370000000 0.984380000000 0.984400000000 0.984380000000 0.984340000000 0.984370000000 0.961810000000 0.984220000000 0.984280000000 0.984330000000 0.984290000000 0.984220000000 0.984390000000 0.984380000000 0.984270000000 0.984450000000 0.984370000000 0.984380000000 0.984330000000 0.984360000000 0.984370000000 0.984370000000 0.984380000000 0.984380000000 0.984370000000 0.984360000000 0.984310000000 0.984390000000 0.984350000000 0.984370000000 0.984460000000 0.984380000000 0.984400000000 0.984380000000 0.984390000000 0.984380000000 0.984350000000 0.984380000000 0.984380000000 0.984380000000 0.984520000000 0.984390000000 0.984320000000 0.984410000000 0.984370000000 0.984380000000 0.984410000000 0.984370000000 0.984360000000 0.984370000000 0.984410000000 0.984370000000 0.984380000000 0.984370000000 0.984290000000 0.984320000000 0.984390000000 0.984370000000 0.984380000000 0.984380000000 0.984380000000 0.984370000000 0.984300000000 0.984370000000 0.984350000000 0.984370000000 0.984350000000 0.984380000000 0.984370000000 0.984370000000 

N_obs: 400000

File Format:
1- most to least reliable channels (taken entropies)
2- most to least reliable channels (taken error probabilities)
3- channels entropies (flipped)
4- channels error probabilities (flipped)
5- number of MontCarlo simulations
