127 126 125 123 119 124 122 111 121 118 117 115 95 110 120 109 63 107 116 31 94 103 79 47 93 114 61 59 55 62 87 91 15 113 108 23 71 39 29 30 7 106 27 99 105 51 75 83 43 101 102 78 46 57 77 45 92 58 60 53 89 54 85 90 11 19 86 35 67 3 14 112 13 97 25 21 37 49 69 73 41 81 28 17 9 5 33 65 1 104 22 70 38 98 100 26 56 76 44 50 52 74 82 88 42 84 6 12 96 24 18 10 20 34 36 72 40 68 66 48 80 8 16 4 2 32 64 0 

127 126 125 123 119 124 122 111 121 118 117 115 110 95 120 109 116 107 114 94 63 103 113 108 93 106 91 105 87 62 102 112 79 61 92 101 59 99 55 90 47 31 89 104 85 86 78 15 83 71 60 51 100 25 97 58 77 98 35 70 50 26 24 40 28 52 69 74 17 18 56 48 11 66 21 1 5 81 68 38 36 12 20 4 96 0 49 84 88 2 8 32 64 16 80 72 34 73 10 82 41 37 3 54 6 76 44 13 33 65 14 75 22 67 29 30 39 9 43 23 19 57 42 46 27 7 53 45 

0.000000000000 0.000000000004 0.000000000013 0.000217450000 0.000000006764 0.000464210000 0.001043700000 0.075827000000 0.000001309200 0.003144500000 0.006861000000 0.162770000000 0.028111000000 0.287220000000 0.382630000000 0.817310000000 0.000483480000 0.041580000000 0.079250000000 0.434570000000 0.160870000000 0.567960000000 0.590000000000 0.919380000000 0.235470000000 0.649200000000 0.647190000000 0.939070000000 0.585230000000 0.938880000000 0.865770000000 0.993830000000 0.028215000000 0.217320000000 0.278750000000 0.692270000000 0.322090000000 0.736970000000 0.706010000000 0.958690000000 0.314960000000 0.741210000000 0.720620000000 0.960940000000 0.632260000000 0.958210000000 0.878520000000 0.995540000000 0.260450000000 0.656280000000 0.681480000000 0.953560000000 0.629540000000 0.958160000000 0.877760000000 0.995160000000 0.477770000000 0.928230000000 0.877410000000 0.995290000000 0.742440000000 0.995300000000 0.910390000000 0.999600000000 0.098320000000 0.307180000000 0.296580000000 0.702440000000 0.298250000000 0.697590000000 0.671490000000 0.949620000000 0.300270000000 0.718750000000 0.703020000000 0.956540000000 0.624270000000 0.955960000000 0.877100000000 0.995400000000 0.261530000000 0.657860000000 0.684810000000 0.954600000000 0.633550000000 0.959450000000 0.878440000000 0.995240000000 0.478350000000 0.928390000000 0.876870000000 0.995100000000 0.741300000000 0.994870000000 0.909710000000 0.999520000000 0.201280000000 0.530050000000 0.528950000000 0.895880000000 0.574520000000 0.939190000000 0.867540000000 0.993890000000 0.473690000000 0.925400000000 0.875360000000 0.994820000000 0.739740000000 0.994380000000 0.908920000000 0.999430000000 0.333730000000 0.769830000000 0.845220000000 0.992890000000 0.739530000000 0.994630000000 0.909100000000 0.999410000000 0.539230000000 0.972410000000 0.909280000000 0.999470000000 0.763420000000 0.999480000000 0.917050000000 0.999960000000 

0.000000000000 0.000000000001 0.000000000003 0.000593910000 0.000000003560 0.001330700000 0.003025300000 0.180880000000 0.000008568900 0.008671500000 0.018660000000 0.349030000000 0.076218000000 0.558080000000 0.723090000000 0.967440000000 0.001635100000 0.118780000000 0.215210000000 0.760010000000 0.435800000000 0.892110000000 0.938920000000 0.983660000000 0.711380000000 0.963740000000 0.973830000000 0.984320000000 0.978650000000 0.984340000000 0.984330000000 0.984380000000 0.125080000000 0.644590000000 0.795100000000 0.973760000000 0.900710000000 0.982040000000 0.983020000000 0.984380000000 0.949160000000 0.984060000000 0.984010000000 0.984380000000 0.984180000000 0.984380000000 0.984370000000 0.984380000000 0.967630000000 0.984100000000 0.984340000000 0.984390000000 0.984400000000 0.984370000000 0.984380000000 0.984380000000 0.984210000000 0.984350000000 0.984360000000 0.984370000000 0.984410000000 0.984370000000 0.984400000000 0.984380000000 0.649240000000 0.953790000000 0.971130000000 0.984290000000 0.978430000000 0.984340000000 0.984420000000 0.984370000000 0.980940000000 0.984390000000 0.984480000000 0.984360000000 0.984320000000 0.984350000000 0.984380000000 0.984370000000 0.982210000000 0.984450000000 0.984550000000 0.984400000000 0.984420000000 0.984430000000 0.984380000000 0.984360000000 0.984410000000 0.984370000000 0.984380000000 0.984370000000 0.984340000000 0.984380000000 0.984400000000 0.984380000000 0.982760000000 0.984410000000 0.984410000000 0.984360000000 0.984450000000 0.984360000000 0.984330000000 0.984360000000 0.984420000000 0.984400000000 0.984370000000 0.984370000000 0.984420000000 0.984370000000 0.984370000000 0.984380000000 0.984170000000 0.984400000000 0.984400000000 0.984370000000 0.984370000000 0.984380000000 0.984410000000 0.984380000000 0.984470000000 0.984390000000 0.984370000000 0.984370000000 0.984390000000 0.984380000000 0.984370000000 0.984380000000 

N_obs: 400000

File Format:
1- most to least reliable channels (taken entropies)
2- most to least reliable channels (taken error probabilities)
3- channels entropies (flipped)
4- channels error probabilities (flipped)
5- number of MontCarlo simulations
