127 125 123 126 119 111 124 122 121 118 117 115 95 110 109 120 107 116 63 94 114 103 93 113 108 91 106 31 62 87 79 47 61 59 55 105 15 102 92 101 71 23 39 99 29 30 112 7 27 90 89 83 75 51 43 78 77 46 85 57 86 60 45 58 53 54 11 67 19 35 104 14 3 97 13 100 25 81 69 73 21 37 49 41 98 28 70 22 17 9 5 65 33 38 88 1 26 82 76 84 74 56 44 50 52 42 6 96 12 24 18 80 72 66 68 10 20 34 36 40 48 8 16 4 2 32 64 0 

127 125 123 126 119 111 124 122 121 118 117 115 95 110 109 120 107 116 114 94 103 113 108 63 93 106 91 105 102 87 62 112 92 101 61 79 90 99 104 59 89 55 86 47 85 100 31 83 60 78 98 77 75 97 71 88 58 57 46 54 53 43 15 35 45 76 81 74 82 42 84 51 44 56 96 29 14 13 68 70 48 65 72 21 80 12 5 36 2 9 10 66 32 8 4 64 16 0 50 20 1 18 73 6 17 24 37 40 34 67 28 41 69 23 38 52 22 49 11 25 33 26 39 7 3 30 19 27 

0.000000000000 0.000000000000 0.000000000000 0.000002315200 0.000000000000 0.000004547500 0.000010877000 0.008606800000 0.000000000000 0.000027116000 0.000053178000 0.019554000000 0.000327560000 0.043844000000 0.087987000000 0.508310000000 0.000000430490 0.001077900000 0.002229400000 0.099655000000 0.010077000000 0.186900000000 0.279110000000 0.738690000000 0.054498000000 0.361650000000 0.440680000000 0.845320000000 0.458870000000 0.867900000000 0.813440000000 0.984550000000 0.000568850000 0.041629000000 0.078804000000 0.411290000000 0.156170000000 0.540220000000 0.560620000000 0.908100000000 0.224990000000 0.622480000000 0.619130000000 0.928820000000 0.560630000000 0.926010000000 0.854820000000 0.991700000000 0.225840000000 0.595440000000 0.606590000000 0.927770000000 0.568750000000 0.931250000000 0.857420000000 0.991740000000 0.446150000000 0.899870000000 0.856690000000 0.991850000000 0.729090000000 0.991840000000 0.906750000000 0.999300000000 0.038905000000 0.212080000000 0.242550000000 0.625880000000 0.262280000000 0.641520000000 0.620210000000 0.933230000000 0.267100000000 0.661080000000 0.645920000000 0.938710000000 0.581380000000 0.937150000000 0.863260000000 0.993210000000 0.240310000000 0.615570000000 0.629710000000 0.936340000000 0.588510000000 0.940420000000 0.864000000000 0.992820000000 0.455080000000 0.907710000000 0.861770000000 0.992560000000 0.731260000000 0.992250000000 0.906880000000 0.999280000000 0.191690000000 0.506760000000 0.502540000000 0.881820000000 0.533200000000 0.917270000000 0.850990000000 0.991000000000 0.449600000000 0.903890000000 0.859770000000 0.992160000000 0.729240000000 0.991540000000 0.905830000000 0.999130000000 0.323670000000 0.757350000000 0.824500000000 0.989310000000 0.728890000000 0.991860000000 0.906060000000 0.999110000000 0.532560000000 0.968990000000 0.906320000000 0.999200000000 0.761480000000 0.999220000000 0.916380000000 0.999940000000 

0.000000000000 0.000000000000 0.000000000000 0.000005852400 0.000000000000 0.000010421000 0.000036091000 0.021228000000 0.000000000000 0.000057477000 0.000138730000 0.046293000000 0.000888680000 0.099762000000 0.191300000000 0.770680000000 0.000001145200 0.002945000000 0.006136300000 0.222460000000 0.027243000000 0.383780000000 0.553710000000 0.935670000000 0.160090000000 0.692540000000 0.818320000000 0.976640000000 0.908400000000 0.982540000000 0.983260000000 0.984360000000 0.002232600000 0.134880000000 0.241780000000 0.780330000000 0.472090000000 0.903900000000 0.944700000000 0.983800000000 0.733000000000 0.966060000000 0.975110000000 0.984350000000 0.979310000000 0.984340000000 0.984330000000 0.984370000000 0.889150000000 0.981490000000 0.982800000000 0.984320000000 0.983170000000 0.984340000000 0.984380000000 0.984370000000 0.983720000000 0.984370000000 0.984390000000 0.984360000000 0.984380000000 0.984370000000 0.984370000000 0.984380000000 0.227690000000 0.767950000000 0.879740000000 0.980680000000 0.941660000000 0.983830000000 0.983940000000 0.984360000000 0.965890000000 0.984180000000 0.984220000000 0.984390000000 0.984350000000 0.984380000000 0.984400000000 0.984370000000 0.974470000000 0.984150000000 0.984310000000 0.984350000000 0.984230000000 0.984340000000 0.984390000000 0.984380000000 0.984410000000 0.984390000000 0.984380000000 0.984370000000 0.984290000000 0.984380000000 0.984400000000 0.984370000000 0.978770000000 0.984440000000 0.984360000000 0.984390000000 0.984520000000 0.984410000000 0.984400000000 0.984380000000 0.984390000000 0.984390000000 0.984370000000 0.984380000000 0.984460000000 0.984380000000 0.984380000000 0.984380000000 0.984260000000 0.984360000000 0.984360000000 0.984370000000 0.984400000000 0.984370000000 0.984370000000 0.984370000000 0.984410000000 0.984380000000 0.984370000000 0.984380000000 0.984410000000 0.984370000000 0.984380000000 0.984380000000 

N_obs: 400000

File Format:
1- most to least reliable channels (taken entropies)
2- most to least reliable channels (taken error probabilities)
3- channels entropies (flipped)
4- channels error probabilities (flipped)
5- number of MontCarlo simulations
