63 62 61 59 55 47 60 58 57 54 53 51 31 46 45 43 56 39 52 50 30 49 29 44 42 27 41 38 23 37 28 48 26 35 15 40 25 22 21 36 7 19 11 14 13 34 33 24 3 5 17 9 6 18 20 10 12 1 2 32 4 8 16 0 

63 62 61 59 55 47 60 58 57 54 53 51 31 46 45 43 56 39 52 50 30 49 29 44 42 27 41 38 23 37 28 48 26 35 40 15 25 22 36 21 34 19 14 24 33 13 11 20 7 18 17 32 12 10 6 9 1 4 2 0 5 16 8 3 

0.000000000000 0.000000000000 0.000000000000 0.000000000032 0.000000000000 0.000000000036 0.000000000111 0.000452610000 0.000000000000 0.000000000503 0.000000009667 0.000918020000 0.000000330460 0.001982900000 0.004406300000 0.177760000000 0.000000000000 0.000001766400 0.000002624200 0.006314500000 0.000023382000 0.013156000000 0.029073000000 0.334550000000 0.000633700000 0.058190000000 0.116390000000 0.521150000000 0.249950000000 0.652300000000 0.707390000000 0.940210000000 0.000000604160 0.002014200000 0.004510500000 0.134510000000 0.017883000000 0.230120000000 0.354580000000 0.743190000000 0.089922000000 0.418730000000 0.509220000000 0.828800000000 0.543190000000 0.827830000000 0.806670000000 0.976180000000 0.254740000000 0.594660000000 0.597400000000 0.879250000000 0.565740000000 0.839010000000 0.806760000000 0.976080000000 0.534550000000 0.823980000000 0.765610000000 0.964240000000 0.747600000000 0.933530000000 0.891680000000 0.998080000000 

0.000000000000 0.000000000000 0.000000000000 0.000000000012 0.000000000000 0.000000000013 0.000000000041 0.000966690000 0.000000000000 0.000000000243 0.000000005493 0.001938000000 0.000000505390 0.004287100000 0.008788800000 0.335780000000 0.000000000000 0.000004363400 0.000006300400 0.013399000000 0.000051436000 0.027703000000 0.056412000000 0.577440000000 0.001328900000 0.120660000000 0.217350000000 0.804140000000 0.462930000000 0.927770000000 0.969510000000 0.995810000000 0.000000706450 0.004901400000 0.010352000000 0.283450000000 0.039673000000 0.458880000000 0.633820000000 0.966810000000 0.205820000000 0.764590000000 0.877830000000 0.992370000000 0.950020000000 0.995430000000 0.995690000000 0.996100000000 0.624080000000 0.962650000000 0.983180000000 0.995990000000 0.991160000000 0.996050000000 0.996070000000 0.996100000000 0.993730000000 0.996070000000 0.996090000000 0.996090000000 0.996100000000 0.996090000000 0.996080000000 0.996090000000 

N_obs: 320000

File Format:
1- most to least reliable channels (taken entropies)
2- most to least reliable channels (taken error probabilities)
3- channels entropies (flipped)
4- channels error probabilities (flipped)
5- number of MontCarlo simulations
