63 62 61 60 59 58 57 56 55 54 53 52 51 47 46 45 44 43 42 39 38 31 30 29 27 23 15 50 49 28 37 35 26 41 25 22 21 14 19 13 11 40 48 7 36 34 24 33 20 18 17 12 10 9 6 5 32 16 3 8 4 2 1 0 

63 62 61 60 59 58 57 56 55 54 53 52 51 47 46 45 44 43 42 39 38 31 30 29 27 23 15 50 49 37 28 35 26 41 25 22 21 14 19 13 11 7 48 36 40 34 33 24 20 18 17 12 10 9 6 5 32 16 3 8 4 2 1 0 

0.000000000000 0.000000000000 0.000000000000 0.000000000000 0.000000000000 0.000000000000 0.000000000000 0.000000000000 0.000000000000 0.000000000000 0.000000000000 0.000000000000 0.000000000000 0.000000000000 0.000000000000 0.000000634540 0.000000000000 0.000000000000 0.000000000000 0.000000000000 0.000000000000 0.000000000000 0.000000000000 0.000000600000 0.000000000000 0.000000000000 0.000000000000 0.000001743800 0.000000000000 0.000004137100 0.000008405900 0.013417000000 0.000000000000 0.000000000000 0.000000000000 0.000000000000 0.000000000000 0.000000000000 0.000000000000 0.000008318600 0.000000000000 0.000000000000 0.000000000000 0.000016331000 0.000000000001 0.000035669000 0.000078467000 0.033016000000 0.000000000000 0.000000000001 0.000000000010 0.000160540000 0.000000001132 0.000334620000 0.000744480000 0.083049000000 0.000000679360 0.003122700000 0.007115600000 0.188940000000 0.039276000000 0.345480000000 0.500780000000 0.855040000000 

0.000000000000 0.000000000000 0.000000000000 0.000000000000 0.000000000000 0.000000000000 0.000000000000 0.000000000000 0.000000000000 0.000000000000 0.000000000000 0.000000000000 0.000000000000 0.000000000000 0.000000000000 0.000001005500 0.000000000000 0.000000000000 0.000000000000 0.000000000000 0.000000000000 0.000000000000 0.000000000000 0.000003464200 0.000000000000 0.000000000000 0.000000000000 0.000002404200 0.000000000000 0.000011173000 0.000020160000 0.032433000000 0.000000000000 0.000000000000 0.000000000000 0.000000000000 0.000000000000 0.000000000000 0.000000000000 0.000029730000 0.000000000000 0.000000000000 0.000000000000 0.000048513000 0.000000000000 0.000090251000 0.000195430000 0.076926000000 0.000000000000 0.000000000000 0.000000000003 0.000404620000 0.000000000588 0.000786900000 0.001737700000 0.181640000000 0.000000964020 0.007268200000 0.015693000000 0.375940000000 0.081573000000 0.619900000000 0.806630000000 0.989960000000 

N_obs: 320000

File Format:
1- most to least reliable channels (taken entropies)
2- most to least reliable channels (taken error probabilities)
3- channels entropies (flipped)
4- channels error probabilities (flipped)
5- number of MontCarlo simulations
