63 62 61 59 55 60 47 31 58 15 23 39 57 27 43 54 29 7 51 53 45 30 46 11 13 19 21 35 37 14 3 5 22 25 41 38 49 26 42 56 50 6 9 17 28 33 52 44 10 1 18 34 12 2 20 36 24 40 48 4 8 16 32 0 

63 62 61 59 55 60 58 47 57 54 53 31 51 46 56 45 43 39 52 30 23 27 7 15 29 50 49 26 11 38 28 17 12 42 14 24 10 36 16 4 32 9 20 8 0 1 35 34 44 40 22 48 2 5 33 18 6 25 19 3 37 41 21 13 

0.000045072000 0.017144000000 0.036077000000 0.317110000000 0.103090000000 0.455910000000 0.555170000000 0.862380000000 0.249160000000 0.608050000000 0.621470000000 0.891720000000 0.610320000000 0.866640000000 0.835330000000 0.984750000000 0.350260000000 0.660480000000 0.627870000000 0.896650000000 0.581840000000 0.848770000000 0.813730000000 0.978110000000 0.540190000000 0.827320000000 0.766950000000 0.964840000000 0.747820000000 0.933500000000 0.891000000000 0.998020000000 0.355050000000 0.647850000000 0.609810000000 0.884350000000 0.568070000000 0.839450000000 0.807360000000 0.974940000000 0.508150000000 0.800090000000 0.743300000000 0.951650000000 0.727370000000 0.925570000000 0.884170000000 0.996970000000 0.457340000000 0.769910000000 0.725680000000 0.943150000000 0.667220000000 0.896900000000 0.875710000000 0.995870000000 0.610050000000 0.872750000000 0.792460000000 0.990710000000 0.792150000000 0.943380000000 0.906120000000 0.999640000000 

0.000106120000 0.040370000000 0.078400000000 0.593370000000 0.220370000000 0.784880000000 0.893170000000 0.993280000000 0.560320000000 0.948940000000 0.977250000000 0.995940000000 0.988590000000 0.996070000000 0.996070000000 0.996100000000 0.881940000000 0.992740000000 0.994650000000 0.996100000000 0.995320000000 0.996090000000 0.996120000000 0.996100000000 0.995670000000 0.996080000000 0.996120000000 0.996090000000 0.996100000000 0.996100000000 0.996110000000 0.996090000000 0.979680000000 0.995940000000 0.996050000000 0.996080000000 0.996000000000 0.996080000000 0.996110000000 0.996090000000 0.995990000000 0.996100000000 0.996130000000 0.996090000000 0.996110000000 0.996110000000 0.996080000000 0.996090000000 0.996050000000 0.996090000000 0.996140000000 0.996080000000 0.996080000000 0.996090000000 0.996090000000 0.996090000000 0.996040000000 0.996110000000 0.996100000000 0.996090000000 0.996120000000 0.996100000000 0.996090000000 0.996090000000 

N_obs: 320000

File Format:
1- most to least reliable channels (taken entropies)
2- most to least reliable channels (taken error probabilities)
3- channels entropies (flipped)
4- channels error probabilities (flipped)
5- number of MontCarlo simulations
