63 62 61 59 55 47 31 60 57 58 53 54 51 46 45 43 39 30 56 29 52 50 27 49 44 42 41 23 38 37 28 26 35 48 15 25 40 22 21 36 19 34 14 24 13 33 11 7 20 18 17 3 5 9 12 10 6 32 1 2 16 4 8 0 

63 62 61 59 55 47 31 60 57 58 53 54 51 46 45 43 39 30 56 29 52 50 27 49 44 42 41 23 38 37 28 35 26 48 25 15 40 22 21 36 34 19 14 24 33 13 20 11 18 7 17 32 12 10 9 6 16 5 3 2 8 4 0 1 

0.000000000000 0.000000000000 0.000000000000 0.000000000000 0.000000000000 0.000000000000 0.000000000000 0.000014024000 0.000000000000 0.000000000000 0.000000000000 0.000028516000 0.000000000000 0.000051629000 0.000105030000 0.037923000000 0.000000000000 0.000000000016 0.000000000265 0.000152860000 0.000000001926 0.000349010000 0.000762910000 0.081887000000 0.000001494500 0.002437800000 0.005238000000 0.167920000000 0.025900000000 0.297160000000 0.450870000000 0.827400000000 0.000000000000 0.000010197000 0.000020079000 0.011972000000 0.000084675000 0.024498000000 0.052133000000 0.388200000000 0.001960800000 0.088003000000 0.163530000000 0.564040000000 0.292890000000 0.671590000000 0.708460000000 0.939630000000 0.045323000000 0.316780000000 0.424680000000 0.773510000000 0.479320000000 0.784100000000 0.763760000000 0.960860000000 0.487260000000 0.788360000000 0.738530000000 0.950650000000 0.720320000000 0.923270000000 0.882880000000 0.996630000000 

0.000000000000 0.000000000000 0.000000000000 0.000000000000 0.000000000000 0.000000000000 0.000000000000 0.000040236000 0.000000000000 0.000000000000 0.000000000000 0.000063035000 0.000000000000 0.000118130000 0.000218930000 0.079387000000 0.000000000000 0.000000000006 0.000000000132 0.000308090000 0.000000001122 0.000720120000 0.001676100000 0.165810000000 0.000006060800 0.005295100000 0.010675000000 0.321370000000 0.051217000000 0.532280000000 0.722960000000 0.982970000000 0.000000000000 0.000027889000 0.000053673000 0.026874000000 0.000200790000 0.054467000000 0.104950000000 0.667920000000 0.004503100000 0.190900000000 0.317650000000 0.861390000000 0.565940000000 0.951920000000 0.978490000000 0.995940000000 0.109290000000 0.635110000000 0.789430000000 0.985680000000 0.913850000000 0.994250000000 0.995190000000 0.996100000000 0.969610000000 0.995840000000 0.995950000000 0.996100000000 0.996000000000 0.996090000000 0.996100000000 0.996100000000 

N_obs: 320000

File Format:
1- most to least reliable channels (taken entropies)
2- most to least reliable channels (taken error probabilities)
3- channels entropies (flipped)
4- channels error probabilities (flipped)
5- number of MontCarlo simulations
