63 62 61 59 55 60 58 47 57 54 53 51 46 31 56 45 52 43 39 15 50 30 23 27 29 49 7 44 11 42 35 19 13 37 41 21 38 14 22 25 3 26 5 28 9 6 17 33 48 10 1 34 18 12 36 40 20 2 24 4 8 16 32 0 

63 62 59 61 55 60 58 47 57 54 53 51 46 56 31 45 52 43 50 39 49 30 44 29 42 27 41 23 38 48 15 37 35 28 26 25 40 11 19 22 6 13 9 2 5 1 20 3 14 36 24 33 12 10 16 8 18 0 4 32 34 7 21 17 

0.000000000000 0.000000027706 0.000000090516 0.001154800000 0.000000108960 0.002375600000 0.005390700000 0.171820000000 0.000019521000 0.012124000000 0.026275000000 0.301870000000 0.083215000000 0.445490000000 0.570310000000 0.878470000000 0.002989300000 0.106390000000 0.190720000000 0.589840000000 0.314640000000 0.679970000000 0.700770000000 0.934370000000 0.407900000000 0.733270000000 0.700650000000 0.932660000000 0.680280000000 0.904690000000 0.867340000000 0.993390000000 0.127940000000 0.447300000000 0.495610000000 0.812150000000 0.493620000000 0.787710000000 0.761660000000 0.960110000000 0.459570000000 0.759900000000 0.710450000000 0.936780000000 0.682800000000 0.905600000000 0.866250000000 0.993150000000 0.433350000000 0.735960000000 0.692800000000 0.929360000000 0.636220000000 0.881110000000 0.848390000000 0.989420000000 0.586950000000 0.860020000000 0.789740000000 0.982190000000 0.778180000000 0.941660000000 0.901640000000 0.999310000000 

0.000000000000 0.000000025448 0.000000092230 0.002462300000 0.000000083148 0.005051600000 0.010891000000 0.324360000000 0.000045573000 0.025718000000 0.051502000000 0.532540000000 0.160940000000 0.733670000000 0.863350000000 0.991990000000 0.006983700000 0.231810000000 0.373890000000 0.888080000000 0.621330000000 0.962480000000 0.982510000000 0.996020000000 0.849830000000 0.990930000000 0.993960000000 0.996090000000 0.994910000000 0.996100000000 0.996090000000 0.996100000000 0.348920000000 0.868470000000 0.940280000000 0.995070000000 0.977370000000 0.995970000000 0.996000000000 0.996090000000 0.989660000000 0.996070000000 0.996100000000 0.996090000000 0.996060000000 0.996090000000 0.996110000000 0.996090000000 0.993280000000 0.996090000000 0.996070000000 0.996090000000 0.996060000000 0.996090000000 0.996080000000 0.996090000000 0.996100000000 0.996070000000 0.996080000000 0.996090000000 0.996090000000 0.996080000000 0.996080000000 0.996090000000 

N_obs: 320000

File Format:
1- most to least reliable channels (taken entropies)
2- most to least reliable channels (taken error probabilities)
3- channels entropies (flipped)
4- channels error probabilities (flipped)
5- number of MontCarlo simulations
