63 62 61 60 59 58 57 55 54 53 51 47 46 45 43 39 31 30 29 27 23 15 50 56 52 44 41 42 49 38 37 35 28 26 22 25 21 19 14 13 11 48 40 36 34 33 24 7 20 18 17 12 10 9 6 32 5 16 3 8 4 2 1 0 

63 62 61 60 59 58 57 55 54 53 51 47 46 45 43 39 31 30 29 27 23 15 50 56 52 44 41 42 49 38 37 35 28 26 22 25 21 19 14 13 11 48 40 36 34 33 24 7 20 18 17 12 10 9 6 32 5 16 3 8 4 2 1 0 

0.000000000000 0.000000000000 0.000000000000 0.000000000000 0.000000000000 0.000000000000 0.000000000000 0.000000000000 0.000000000000 0.000000000000 0.000000000000 0.000000000000 0.000000000000 0.000000000000 0.000000000000 0.000004926600 0.000000000000 0.000000000000 0.000000000000 0.000000000000 0.000000000000 0.000000000000 0.000000000000 0.000008661600 0.000000000000 0.000000000000 0.000000000000 0.000020307000 0.000000000000 0.000035731000 0.000083748000 0.039216000000 0.000000000000 0.000000000000 0.000000000000 0.000000000000 0.000000000000 0.000000000001 0.000000000018 0.000091628000 0.000000000000 0.000000000003 0.000000000024 0.000189460000 0.000000000091 0.000407240000 0.000942710000 0.097175000000 0.000000000000 0.000000023570 0.000000052286 0.001975300000 0.000001913600 0.004146900000 0.009634100000 0.223280000000 0.000105310000 0.028122000000 0.060407000000 0.415480000000 0.176840000000 0.582030000000 0.667140000000 0.926740000000 

0.000000000000 0.000000000000 0.000000000000 0.000000000000 0.000000000000 0.000000000000 0.000000000000 0.000000000000 0.000000000000 0.000000000000 0.000000000000 0.000000000000 0.000000000000 0.000000000000 0.000000000000 0.000012785000 0.000000000000 0.000000000000 0.000000000000 0.000000000000 0.000000000000 0.000000000000 0.000000000000 0.000019282000 0.000000000000 0.000000000000 0.000000000000 0.000045953000 0.000000000000 0.000080029000 0.000184820000 0.090648000000 0.000000000000 0.000000000000 0.000000000000 0.000000000000 0.000000000000 0.000000000000 0.000000000007 0.000209940000 0.000000000000 0.000000000001 0.000000000008 0.000428510000 0.000000000035 0.000973490000 0.002192100000 0.210110000000 0.000000000000 0.000000019928 0.000000037518 0.004658000000 0.000005136500 0.009541900000 0.020965000000 0.434030000000 0.000228580000 0.062381000000 0.122300000000 0.705570000000 0.346230000000 0.885490000000 0.954790000000 0.995580000000 

N_obs: 320000

File Format:
1- most to least reliable channels (taken entropies)
2- most to least reliable channels (taken error probabilities)
3- channels entropies (flipped)
4- channels error probabilities (flipped)
5- number of MontCarlo simulations
