63 62 61 59 55 47 60 58 57 54 53 51 31 46 45 43 56 52 39 50 30 49 44 29 42 27 41 38 23 37 28 48 15 35 26 40 25 7 22 11 19 21 13 14 36 3 34 33 5 9 17 6 24 10 18 20 1 12 2 32 4 8 16 0 

63 62 61 59 55 47 60 58 57 54 53 51 46 31 45 43 56 52 39 50 30 49 44 29 42 27 41 38 23 37 48 28 35 26 40 15 25 22 36 21 34 19 14 33 24 13 11 7 20 18 32 17 1 9 4 6 0 5 2 8 12 16 10 3 

0.000000000000 0.000000000000 0.000000000000 0.000000003235 0.000000000000 0.000000078965 0.000000098253 0.001943400000 0.000000000000 0.000000151130 0.000000784470 0.004015000000 0.000007690900 0.008528300000 0.019619000000 0.306560000000 0.000000000000 0.000040555000 0.000065900000 0.024200000000 0.000375540000 0.048728000000 0.101080000000 0.510620000000 0.006791400000 0.159140000000 0.272040000000 0.684520000000 0.408090000000 0.759410000000 0.768350000000 0.963330000000 0.000033836000 0.013072000000 0.027245000000 0.277350000000 0.079983000000 0.408660000000 0.516890000000 0.841690000000 0.210470000000 0.568760000000 0.597890000000 0.879020000000 0.592740000000 0.856980000000 0.828660000000 0.982950000000 0.336380000000 0.655440000000 0.630410000000 0.897950000000 0.586650000000 0.851750000000 0.817990000000 0.979830000000 0.549180000000 0.834570000000 0.773270000000 0.968780000000 0.756170000000 0.936220000000 0.894420000000 0.998480000000 

0.000000000000 0.000000000000 0.000000000000 0.000000001678 0.000000000000 0.000000088625 0.000000095715 0.004169600000 0.000000000000 0.000000112760 0.000001017000 0.008462500000 0.000016467000 0.017807000000 0.038022000000 0.533460000000 0.000000000000 0.000090415000 0.000133130000 0.050445000000 0.000772180000 0.100180000000 0.186470000000 0.787210000000 0.014539000000 0.316590000000 0.484700000000 0.934700000000 0.728340000000 0.980520000000 0.989990000000 0.996060000000 0.000094415000 0.031579000000 0.060979000000 0.540600000000 0.175720000000 0.734850000000 0.859100000000 0.991390000000 0.483620000000 0.925470000000 0.966530000000 0.995740000000 0.984370000000 0.996030000000 0.996070000000 0.996100000000 0.825320000000 0.988930000000 0.993230000000 0.996100000000 0.994810000000 0.996100000000 0.996090000000 0.996100000000 0.995310000000 0.996090000000 0.996090000000 0.996090000000 0.996110000000 0.996090000000 0.996080000000 0.996090000000 

N_obs: 320000

File Format:
1- most to least reliable channels (taken entropies)
2- most to least reliable channels (taken error probabilities)
3- channels entropies (flipped)
4- channels error probabilities (flipped)
5- number of MontCarlo simulations
