63 62 61 59 55 31 47 15 60 23 39 27 43 58 7 29 51 57 45 30 53 11 54 46 13 19 21 35 37 14 5 3 22 25 41 38 26 49 42 6 9 50 17 28 33 10 44 1 56 52 18 34 2 12 20 36 24 40 48 4 8 16 32 0 

63 62 61 59 55 60 58 47 57 54 31 53 51 46 56 45 43 39 23 27 35 42 50 49 5 30 25 37 19 10 4 21 1 32 8 24 0 48 17 26 16 12 20 36 22 14 7 18 52 40 6 34 28 2 13 44 33 9 41 3 38 29 11 15 

0.000807030000 0.058562000000 0.113240000000 0.482350000000 0.229890000000 0.601990000000 0.642260000000 0.907090000000 0.351100000000 0.681930000000 0.658460000000 0.911620000000 0.635400000000 0.881070000000 0.846280000000 0.987840000000 0.379560000000 0.683090000000 0.642940000000 0.904840000000 0.592540000000 0.855450000000 0.819470000000 0.979970000000 0.551350000000 0.834900000000 0.772460000000 0.968250000000 0.754940000000 0.935810000000 0.893440000000 0.998390000000 0.363330000000 0.655470000000 0.618890000000 0.888890000000 0.576850000000 0.845010000000 0.812100000000 0.976130000000 0.514600000000 0.805200000000 0.746550000000 0.953620000000 0.735760000000 0.928940000000 0.887520000000 0.997540000000 0.459980000000 0.774260000000 0.730670000000 0.944880000000 0.671670000000 0.898960000000 0.880500000000 0.996740000000 0.612900000000 0.874220000000 0.791530000000 0.991770000000 0.794260000000 0.943500000000 0.906870000000 0.999680000000 

0.002022000000 0.138420000000 0.242750000000 0.811750000000 0.488860000000 0.929270000000 0.968860000000 0.995780000000 0.794930000000 0.986470000000 0.992120000000 0.996100000000 0.994190000000 0.996070000000 0.996070000000 0.996090000000 0.952330000000 0.995440000000 0.995800000000 0.996100000000 0.995890000000 0.996060000000 0.996110000000 0.996100000000 0.995950000000 0.996120000000 0.996080000000 0.996100000000 0.996030000000 0.996100000000 0.996110000000 0.996090000000 0.988510000000 0.996080000000 0.996120000000 0.996100000000 0.996010000000 0.996090000000 0.996080000000 0.996090000000 0.995980000000 0.996100000000 0.996090000000 0.996100000000 0.996080000000 0.996100000000 0.996090000000 0.996100000000 0.996210000000 0.996100000000 0.996100000000 0.996100000000 0.996160000000 0.996090000000 0.996110000000 0.996090000000 0.996100000000 0.996100000000 0.996080000000 0.996090000000 0.996110000000 0.996100000000 0.996090000000 0.996090000000 

N_obs: 320000

File Format:
1- most to least reliable channels (taken entropies)
2- most to least reliable channels (taken error probabilities)
3- channels entropies (flipped)
4- channels error probabilities (flipped)
5- number of MontCarlo simulations
