63 62 61 60 59 58 57 55 54 53 51 47 46 45 43 39 31 30 29 27 23 52 49 50 56 42 44 41 38 37 15 35 28 26 25 22 21 48 19 40 36 14 34 13 24 33 11 20 18 7 17 12 10 32 9 6 5 3 16 8 1 2 4 0 

63 62 61 60 59 58 57 55 54 53 51 47 46 45 43 39 31 30 29 27 23 52 49 50 56 42 44 41 38 37 15 35 28 26 25 22 21 48 19 40 36 14 34 13 24 33 11 20 18 17 7 12 10 32 9 6 16 5 3 8 4 2 1 0 

0.000000000000 0.000000000000 0.000000000000 0.000000000000 0.000000000000 0.000000000000 0.000000000000 0.000000004058 0.000000000000 0.000000000000 0.000000000000 0.000000000983 0.000000000000 0.000000003548 0.000000003215 0.001055800000 0.000000000000 0.000000000000 0.000000000000 0.000000145210 0.000000000000 0.000000006903 0.000000202590 0.002285100000 0.000000000000 0.000000725280 0.000001809400 0.004977600000 0.000011870000 0.011755000000 0.028781000000 0.365150000000 0.000000000000 0.000000000000 0.000000000000 0.000015120000 0.000000000000 0.000025997000 0.000054149000 0.023624000000 0.000000000019 0.000149980000 0.000319470000 0.049849000000 0.001913100000 0.100490000000 0.195360000000 0.639010000000 0.000004837300 0.005967200000 0.012875000000 0.214990000000 0.046416000000 0.342860000000 0.473950000000 0.823950000000 0.173510000000 0.548590000000 0.603220000000 0.884100000000 0.618160000000 0.873230000000 0.845900000000 0.988220000000 

0.000000000000 0.000000000000 0.000000000000 0.000000000000 0.000000000000 0.000000000000 0.000000000000 0.000000002762 0.000000000000 0.000000000000 0.000000000000 0.000000000462 0.000000000000 0.000000001964 0.000000001659 0.002408100000 0.000000000000 0.000000000000 0.000000000000 0.000000187970 0.000000000000 0.000000003499 0.000000268300 0.005165800000 0.000000000000 0.000001029300 0.000003154000 0.011087000000 0.000027557000 0.025710000000 0.058218000000 0.636270000000 0.000000000000 0.000000000000 0.000000000000 0.000033906000 0.000000000000 0.000068364000 0.000117740000 0.051895000000 0.000000000007 0.000333670000 0.000705700000 0.107030000000 0.004225400000 0.207490000000 0.357760000000 0.903960000000 0.000018631000 0.013771000000 0.027988000000 0.421600000000 0.098318000000 0.626510000000 0.786010000000 0.986520000000 0.374310000000 0.887580000000 0.951140000000 0.995430000000 0.980110000000 0.996000000000 0.996020000000 0.996090000000 

N_obs: 320000

File Format:
1- most to least reliable channels (taken entropies)
2- most to least reliable channels (taken error probabilities)
3- channels entropies (flipped)
4- channels error probabilities (flipped)
5- number of MontCarlo simulations
