63 62 61 59 55 47 60 58 57 54 53 51 46 31 45 56 43 52 50 39 30 49 44 29 42 27 23 15 41 38 37 7 35 28 48 11 19 13 21 26 25 14 22 3 5 40 33 9 6 17 34 36 10 18 1 12 20 24 2 4 32 8 16 0 

63 62 61 59 55 47 60 58 57 54 53 51 46 45 31 56 43 52 50 39 49 30 44 29 42 41 27 38 48 23 37 28 35 15 26 40 25 22 36 21 19 34 14 33 13 11 24 7 3 20 9 12 1 5 16 2 0 8 10 32 4 6 18 17 

0.000000000000 0.000000000000 0.000000000000 0.000005266200 0.000000000000 0.000013019000 0.000030742000 0.018921000000 0.000000000002 0.000077137000 0.000160270000 0.039127000000 0.000980310000 0.078556000000 0.157420000000 0.606560000000 0.000001744700 0.002802000000 0.006100500000 0.162650000000 0.024071000000 0.270760000000 0.407490000000 0.787130000000 0.112080000000 0.473160000000 0.560830000000 0.861490000000 0.589160000000 0.857030000000 0.831640000000 0.983970000000 0.005010400000 0.123520000000 0.211170000000 0.594090000000 0.324270000000 0.672650000000 0.683020000000 0.927210000000 0.391190000000 0.706810000000 0.671550000000 0.918650000000 0.645990000000 0.886520000000 0.851260000000 0.989400000000 0.403440000000 0.706040000000 0.665230000000 0.916250000000 0.612560000000 0.867740000000 0.833020000000 0.984710000000 0.569510000000 0.848210000000 0.782960000000 0.975450000000 0.767820000000 0.939450000000 0.898210000000 0.998950000000 

0.000000000000 0.000000000000 0.000000000000 0.000006457800 0.000000000000 0.000026247000 0.000060759000 0.038848000000 0.000000000000 0.000183760000 0.000358630000 0.079471000000 0.002013400000 0.155060000000 0.277560000000 0.867190000000 0.000002667400 0.006284400000 0.012790000000 0.316830000000 0.049345000000 0.501330000000 0.677680000000 0.974490000000 0.237380000000 0.801190000000 0.903270000000 0.993630000000 0.961160000000 0.995680000000 0.995860000000 0.996100000000 0.012902000000 0.290630000000 0.448570000000 0.915860000000 0.693130000000 0.973550000000 0.986910000000 0.996040000000 0.890590000000 0.993040000000 0.994710000000 0.996080000000 0.995370000000 0.996120000000 0.996120000000 0.996090000000 0.967450000000 0.995820000000 0.995900000000 0.996080000000 0.996010000000 0.996100000000 0.996080000000 0.996090000000 0.996040000000 0.996110000000 0.996090000000 0.996100000000 0.996040000000 0.996090000000 0.996080000000 0.996090000000 

N_obs: 320000

File Format:
1- most to least reliable channels (taken entropies)
2- most to least reliable channels (taken error probabilities)
3- channels entropies (flipped)
4- channels error probabilities (flipped)
5- number of MontCarlo simulations
