63 62 61 60 59 58 57 56 55 54 53 52 51 50 49 47 46 45 44 43 42 41 39 38 37 35 31 30 29 28 27 26 25 23 22 21 19 15 14 13 11 7 48 40 34 24 18 20 36 12 17 33 10 9 6 5 3 32 16 8 4 2 1 0 

63 62 61 60 59 58 57 56 55 54 53 52 51 50 49 47 46 45 44 43 42 41 39 38 37 35 31 30 29 28 27 26 25 23 22 21 19 15 14 13 11 7 48 40 34 24 18 20 36 12 17 10 9 33 6 5 3 32 16 8 4 2 1 0 

0.000000000000 0.000000000000 0.000000000000 0.000000000000 0.000000000000 0.000000000000 0.000000000000 0.000000000000 0.000000000000 0.000000000000 0.000000000000 0.000000000000 0.000000000000 0.000000000000 0.000000000000 0.000000000005 0.000000000000 0.000000000000 0.000000000000 0.000000000000 0.000000000000 0.000000000000 0.000000000000 0.000000000051 0.000000000000 0.000000000000 0.000000000000 0.000000008319 0.000000000000 0.000000000537 0.000000257020 0.000954750000 0.000000000000 0.000000000000 0.000000000000 0.000000000000 0.000000000000 0.000000000000 0.000000000000 0.000000001996 0.000000000000 0.000000000000 0.000000000000 0.000000008148 0.000000000000 0.000000005982 0.000000099541 0.002171400000 0.000000000000 0.000000000000 0.000000000000 0.000000035692 0.000000000000 0.000000521690 0.000001464100 0.005270200000 0.000000000000 0.000005235300 0.000012395000 0.013636000000 0.000127860000 0.035741000000 0.089137000000 0.528960000000 

0.000000000000 0.000000000000 0.000000000000 0.000000000000 0.000000000000 0.000000000000 0.000000000000 0.000000000000 0.000000000000 0.000000000000 0.000000000000 0.000000000000 0.000000000000 0.000000000000 0.000000000000 0.000000000001 0.000000000000 0.000000000000 0.000000000000 0.000000000000 0.000000000000 0.000000000000 0.000000000000 0.000000000020 0.000000000000 0.000000000000 0.000000000000 0.000000006193 0.000000000000 0.000000000237 0.000002804000 0.002400900000 0.000000000000 0.000000000000 0.000000000000 0.000000000000 0.000000000000 0.000000000000 0.000000000000 0.000000001088 0.000000000000 0.000000000000 0.000000000000 0.000000005226 0.000000000000 0.000000003305 0.000000083008 0.005467900000 0.000000000000 0.000000000000 0.000000000000 0.000000023750 0.000000000000 0.000000648190 0.000002241900 0.013008000000 0.000000000000 0.000009276600 0.000026598000 0.032520000000 0.000290750000 0.080887000000 0.181130000000 0.835840000000 

N_obs: 320000

File Format:
1- most to least reliable channels (taken entropies)
2- most to least reliable channels (taken error probabilities)
3- channels entropies (flipped)
4- channels error probabilities (flipped)
5- number of MontCarlo simulations
