63 62 59 61 55 47 60 58 57 54 53 51 46 31 45 43 56 52 50 39 30 49 44 29 42 27 41 38 23 15 37 28 48 35 7 26 11 25 19 21 13 22 40 14 3 5 36 33 34 9 6 17 10 18 1 24 20 12 2 4 32 8 16 0 

63 62 59 61 55 47 60 58 57 54 53 51 46 31 45 43 56 52 50 39 30 49 44 29 42 41 27 38 48 23 37 28 35 26 40 15 25 22 36 21 19 34 14 33 13 24 7 11 3 5 20 17 8 2 18 9 0 1 4 16 12 6 32 10 

0.000000000000 0.000000000000 0.000000000000 0.000000227970 0.000000000000 0.000000495260 0.000003908200 0.006620000000 0.000000000000 0.000007042300 0.000015726000 0.013737000000 0.000088308000 0.028847000000 0.064012000000 0.457750000000 0.000000005442 0.000365950000 0.000858240000 0.070974000000 0.004036400000 0.132130000000 0.238450000000 0.669160000000 0.036556000000 0.311710000000 0.439240000000 0.795430000000 0.521900000000 0.821570000000 0.806930000000 0.976360000000 0.000588320000 0.048504000000 0.094561000000 0.444740000000 0.197770000000 0.567090000000 0.621310000000 0.896980000000 0.322420000000 0.659170000000 0.644580000000 0.904600000000 0.624250000000 0.874730000000 0.842250000000 0.986890000000 0.380570000000 0.687380000000 0.650860000000 0.908770000000 0.601410000000 0.861000000000 0.826190000000 0.982530000000 0.560460000000 0.842140000000 0.778870000000 0.972390000000 0.762550000000 0.938150000000 0.896550000000 0.998750000000 

0.000000000000 0.000000000000 0.000000000000 0.000000169090 0.000000000000 0.000000481930 0.000007137200 0.013798000000 0.000000000000 0.000014928000 0.000038067000 0.028537000000 0.000173740000 0.058751000000 0.117950000000 0.726210000000 0.000000003413 0.000807110000 0.001805900000 0.144340000000 0.008390700000 0.260450000000 0.418460000000 0.917580000000 0.077663000000 0.578160000000 0.744370000000 0.981900000000 0.891830000000 0.993340000000 0.994780000000 0.996100000000 0.001511200000 0.116660000000 0.207710000000 0.775260000000 0.429330000000 0.906980000000 0.957270000000 0.995580000000 0.739700000000 0.980350000000 0.989460000000 0.996080000000 0.993060000000 0.996090000000 0.996090000000 0.996100000000 0.925230000000 0.994610000000 0.995450000000 0.996100000000 0.995780000000 0.996120000000 0.996090000000 0.996090000000 0.995770000000 0.996100000000 0.996080000000 0.996100000000 0.996050000000 0.996090000000 0.996100000000 0.996090000000 

N_obs: 320000

File Format:
1- most to least reliable channels (taken entropies)
2- most to least reliable channels (taken error probabilities)
3- channels entropies (flipped)
4- channels error probabilities (flipped)
5- number of MontCarlo simulations
