63 62 61 31 59 47 55 15 23 39 27 43 7 29 45 51 30 60 11 53 46 57 58 54 13 19 21 35 37 14 5 3 22 25 41 38 26 49 42 6 9 17 50 28 33 10 1 44 52 18 56 34 2 12 20 36 24 40 48 4 8 16 32 0 

63 62 61 59 55 60 47 58 57 31 54 53 51 43 29 45 11 46 33 2 41 19 1 12 28 3 10 14 40 37 26 50 30 24 8 17 0 16 32 48 56 52 6 4 20 34 25 35 18 44 36 22 21 42 9 49 5 38 23 39 27 13 15 7 

0.012098000000 0.182000000000 0.285520000000 0.663410000000 0.385830000000 0.716360000000 0.706810000000 0.937960000000 0.420700000000 0.728850000000 0.685850000000 0.925610000000 0.659370000000 0.893720000000 0.855650000000 0.990260000000 0.398260000000 0.699980000000 0.657040000000 0.912230000000 0.603600000000 0.861980000000 0.825040000000 0.982000000000 0.563340000000 0.843840000000 0.778500000000 0.972770000000 0.763820000000 0.938310000000 0.896510000000 0.998780000000 0.371790000000 0.662830000000 0.629660000000 0.894170000000 0.586900000000 0.851440000000 0.817600000000 0.977470000000 0.523280000000 0.811360000000 0.749530000000 0.956270000000 0.747590000000 0.933230000000 0.891840000000 0.998220000000 0.463110000000 0.780200000000 0.735390000000 0.946650000000 0.674700000000 0.901210000000 0.886450000000 0.997690000000 0.616990000000 0.876140000000 0.790780000000 0.992910000000 0.796230000000 0.943590000000 0.907690000000 0.999730000000 

0.031545000000 0.416000000000 0.595520000000 0.957620000000 0.812380000000 0.987830000000 0.992520000000 0.996100000000 0.943260000000 0.995180000000 0.995590000000 0.996100000000 0.995760000000 0.996090000000 0.996110000000 0.996100000000 0.983940000000 0.996050000000 0.996030000000 0.996100000000 0.996000000000 0.996100000000 0.996080000000 0.996090000000 0.996120000000 0.996110000000 0.996090000000 0.996100000000 0.996100000000 0.996100000000 0.996080000000 0.996090000000 0.993050000000 0.996090000000 0.996020000000 0.996080000000 0.996130000000 0.996090000000 0.996100000000 0.996090000000 0.996120000000 0.996100000000 0.996100000000 0.996100000000 0.996080000000 0.996100000000 0.996090000000 0.996090000000 0.996150000000 0.996090000000 0.996130000000 0.996080000000 0.996040000000 0.996080000000 0.996100000000 0.996090000000 0.996160000000 0.996100000000 0.996110000000 0.996100000000 0.996080000000 0.996080000000 0.996080000000 0.996090000000 

N_obs: 320000

File Format:
1- most to least reliable channels (taken entropies)
2- most to least reliable channels (taken error probabilities)
3- channels entropies (flipped)
4- channels error probabilities (flipped)
5- number of MontCarlo simulations
