63 62 61 60 59 58 57 55 54 53 51 47 46 45 43 39 31 30 29 27 23 50 56 52 44 15 49 41 37 38 42 35 28 26 25 22 21 19 48 14 40 13 36 34 11 24 33 20 18 7 17 12 10 32 9 6 16 5 3 8 4 1 2 0 

63 62 61 60 59 58 57 55 54 53 51 47 46 45 43 39 31 30 29 27 23 50 56 52 44 15 49 41 37 38 42 35 26 28 25 22 21 19 48 14 40 13 36 34 11 24 33 20 18 7 17 12 10 32 9 6 16 5 3 8 4 2 1 0 

0.000000000000 0.000000000000 0.000000000000 0.000000000000 0.000000000000 0.000000000000 0.000000000000 0.000000000001 0.000000000000 0.000000000000 0.000000000000 0.000000000003 0.000000000000 0.000000000001 0.000000000197 0.000222920000 0.000000000000 0.000000000000 0.000000000000 0.000000000006 0.000000000000 0.000000049846 0.000000001764 0.000437850000 0.000000000000 0.000000005183 0.000000002056 0.000971820000 0.000000070405 0.002220500000 0.005495400000 0.205260000000 0.000000000000 0.000000000000 0.000000000000 0.000000553150 0.000000000000 0.000000610030 0.000002422000 0.005143300000 0.000000000000 0.000004888300 0.000008145100 0.011003000000 0.000070708000 0.024088000000 0.054814000000 0.427960000000 0.000000000056 0.000402900000 0.000853560000 0.070731000000 0.004451100000 0.134760000000 0.242580000000 0.670070000000 0.044849000000 0.334420000000 0.457640000000 0.806110000000 0.537530000000 0.830150000000 0.815310000000 0.979630000000 

0.000000000000 0.000000000000 0.000000000000 0.000000000000 0.000000000000 0.000000000000 0.000000000000 0.000000000000 0.000000000000 0.000000000000 0.000000000000 0.000000000001 0.000000000000 0.000000000000 0.000000000091 0.000520740000 0.000000000000 0.000000000000 0.000000000000 0.000000000002 0.000000000000 0.000000048097 0.000000000866 0.000998200000 0.000000000000 0.000000003622 0.000000001015 0.002302000000 0.000000057332 0.005079700000 0.011956000000 0.404220000000 0.000000000000 0.000000000000 0.000000000000 0.000003799100 0.000000000000 0.000001089400 0.000006401100 0.011614000000 0.000000000000 0.000018554000 0.000020206000 0.024521000000 0.000164590000 0.052690000000 0.109330000000 0.715570000000 0.000000000020 0.000950410000 0.001922600000 0.151040000000 0.009793900000 0.276320000000 0.443560000000 0.926910000000 0.098465000000 0.625440000000 0.787230000000 0.986430000000 0.918280000000 0.994570000000 0.995350000000 0.996090000000 

N_obs: 320000

File Format:
1- most to least reliable channels (taken entropies)
2- most to least reliable channels (taken error probabilities)
3- channels entropies (flipped)
4- channels error probabilities (flipped)
5- number of MontCarlo simulations
