63 62 61 59 55 31 47 60 15 23 58 39 27 43 57 7 29 51 45 53 54 30 11 46 13 19 21 35 37 14 5 3 22 25 41 38 49 26 42 6 50 9 17 28 56 33 10 44 52 1 18 34 2 12 20 36 24 40 48 4 8 16 32 0 

63 62 61 59 55 60 58 47 57 54 31 53 51 46 56 45 43 39 30 29 13 52 27 23 41 33 38 49 2 44 42 50 40 1 25 9 22 4 48 0 16 32 8 20 28 36 18 17 24 26 37 34 35 11 12 14 10 5 6 3 15 19 7 21 

0.000202960000 0.033238000000 0.068083000000 0.401540000000 0.163530000000 0.536230000000 0.605020000000 0.888400000000 0.306630000000 0.651370000000 0.642680000000 0.903330000000 0.624300000000 0.874750000000 0.841420000000 0.986500000000 0.368360000000 0.673910000000 0.635790000000 0.901260000000 0.587780000000 0.852200000000 0.816680000000 0.979150000000 0.545640000000 0.831370000000 0.769980000000 0.966650000000 0.751660000000 0.934740000000 0.892340000000 0.998220000000 0.359120000000 0.651770000000 0.614550000000 0.886890000000 0.573120000000 0.842360000000 0.810010000000 0.975590000000 0.511790000000 0.802930000000 0.745180000000 0.952690000000 0.731390000000 0.927320000000 0.885920000000 0.997270000000 0.458820000000 0.772350000000 0.728630000000 0.944040000000 0.670180000000 0.897970000000 0.878240000000 0.996330000000 0.611770000000 0.873590000000 0.792250000000 0.991270000000 0.792680000000 0.943430000000 0.906500000000 0.999670000000 

0.000515690000 0.078945000000 0.146680000000 0.714440000000 0.349340000000 0.873730000000 0.941910000000 0.995130000000 0.693230000000 0.974290000000 0.987620000000 0.996050000000 0.992370000000 0.996080000000 0.996080000000 0.996090000000 0.925220000000 0.994740000000 0.995520000000 0.996080000000 0.995610000000 0.996080000000 0.996070000000 0.996080000000 0.995790000000 0.996070000000 0.996100000000 0.996100000000 0.996100000000 0.996100000000 0.996070000000 0.996090000000 0.984940000000 0.996000000000 0.996010000000 0.996090000000 0.996060000000 0.996100000000 0.996090000000 0.996100000000 0.996060000000 0.996090000000 0.996150000000 0.996090000000 0.996120000000 0.996100000000 0.996100000000 0.996090000000 0.996120000000 0.996110000000 0.996040000000 0.996100000000 0.996100000000 0.996110000000 0.996090000000 0.996090000000 0.996140000000 0.996110000000 0.996110000000 0.996090000000 0.996120000000 0.996080000000 0.996080000000 0.996090000000 

N_obs: 320000

File Format:
1- most to least reliable channels (taken entropies)
2- most to least reliable channels (taken error probabilities)
3- channels entropies (flipped)
4- channels error probabilities (flipped)
5- number of MontCarlo simulations
