63 62 61 60 59 58 57 56 55 54 53 52 51 50 49 47 46 45 44 43 42 41 39 38 37 35 31 30 29 28 27 26 25 23 22 21 19 15 14 13 11 7 48 40 36 34 20 24 33 18 17 12 10 9 6 5 3 32 16 8 4 2 1 0 

63 62 61 60 59 58 57 56 55 54 53 52 51 50 49 47 46 45 44 43 42 41 39 38 37 35 31 30 29 28 27 26 25 23 22 21 19 15 14 13 11 7 48 40 36 20 34 24 33 18 17 12 10 9 6 5 3 32 16 8 4 2 1 0 

0.000000000000 0.000000000000 0.000000000000 0.000000000000 0.000000000000 0.000000000000 0.000000000000 0.000000000000 0.000000000000 0.000000000000 0.000000000000 0.000000000000 0.000000000000 0.000000000000 0.000000000000 0.000000007336 0.000000000000 0.000000000000 0.000000000000 0.000000000000 0.000000000000 0.000000000000 0.000000000000 0.000000028536 0.000000000000 0.000000000000 0.000000000000 0.000000208980 0.000000000000 0.000000289280 0.000000775680 0.003915000000 0.000000000000 0.000000000000 0.000000000000 0.000000000000 0.000000000000 0.000000000000 0.000000000000 0.000000432940 0.000000000000 0.000000000000 0.000000000000 0.000000371960 0.000000000000 0.000002199600 0.000005162200 0.009252000000 0.000000000000 0.000000000000 0.000000000000 0.000007717700 0.000000000000 0.000015703000 0.000035003000 0.023428000000 0.000000000013 0.000178300000 0.000377200000 0.059689000000 0.003421500000 0.138230000000 0.270030000000 0.723730000000 

0.000000000000 0.000000000000 0.000000000000 0.000000000000 0.000000000000 0.000000000000 0.000000000000 0.000000000000 0.000000000000 0.000000000000 0.000000000000 0.000000000000 0.000000000000 0.000000000000 0.000000000000 0.000000004875 0.000000000000 0.000000000000 0.000000000000 0.000000000000 0.000000000000 0.000000000000 0.000000000000 0.000000021269 0.000000000000 0.000000000000 0.000000000000 0.000000315190 0.000000000000 0.000000495580 0.000001166500 0.009891300000 0.000000000000 0.000000000000 0.000000000000 0.000000000000 0.000000000000 0.000000000000 0.000000000000 0.000000662370 0.000000000000 0.000000000000 0.000000000000 0.000000381770 0.000000000000 0.000005977200 0.000012890000 0.022774000000 0.000000000000 0.000000000000 0.000000000000 0.000016162000 0.000000000000 0.000047125000 0.000081459000 0.055467000000 0.000000000004 0.000451180000 0.000915180000 0.132760000000 0.007719400000 0.284360000000 0.490330000000 0.954570000000 

N_obs: 320000

File Format:
1- most to least reliable channels (taken entropies)
2- most to least reliable channels (taken error probabilities)
3- channels entropies (flipped)
4- channels error probabilities (flipped)
5- number of MontCarlo simulations
