63 62 61 59 55 60 58 47 57 31 54 15 53 23 39 51 27 43 46 45 29 7 30 11 56 19 13 35 21 37 14 3 22 5 25 41 49 38 52 50 26 42 9 44 6 28 17 33 10 1 18 34 12 2 20 36 24 40 48 4 8 16 32 0 

63 62 61 59 55 60 58 57 47 54 53 51 31 56 46 45 52 43 39 50 30 49 29 27 15 23 44 41 14 7 3 26 5 9 6 22 20 12 19 42 4 28 40 8 17 16 48 36 38 24 0 32 1 18 37 2 10 11 33 34 25 35 13 21 

0.000000007920 0.000900210000 0.001910600000 0.098760000000 0.008620000000 0.177810000000 0.297060000000 0.707430000000 0.060334000000 0.367700000000 0.478130000000 0.812150000000 0.530760000000 0.821790000000 0.801920000000 0.974360000000 0.227070000000 0.569640000000 0.581870000000 0.869380000000 0.554440000000 0.830700000000 0.798810000000 0.973180000000 0.518800000000 0.810980000000 0.754650000000 0.958150000000 0.733630000000 0.928290000000 0.886110000000 0.997220000000 0.331790000000 0.628440000000 0.591450000000 0.874370000000 0.551560000000 0.828140000000 0.797680000000 0.972150000000 0.494620000000 0.789880000000 0.735760000000 0.948010000000 0.713580000000 0.919800000000 0.878620000000 0.995900000000 0.452190000000 0.761250000000 0.716930000000 0.939700000000 0.659110000000 0.892780000000 0.867080000000 0.994140000000 0.603670000000 0.869670000000 0.792700000000 0.988480000000 0.788310000000 0.943030000000 0.904860000000 0.999570000000 

0.000000004740 0.002065200000 0.004183700000 0.205060000000 0.018468000000 0.353780000000 0.527490000000 0.946690000000 0.133810000000 0.679860000000 0.822450000000 0.988670000000 0.925900000000 0.994680000000 0.995350000000 0.996090000000 0.562870000000 0.949220000000 0.977640000000 0.995940000000 0.989150000000 0.996090000000 0.996060000000 0.996090000000 0.993050000000 0.996090000000 0.996100000000 0.996090000000 0.996130000000 0.996110000000 0.996100000000 0.996100000000 0.931270000000 0.994900000000 0.995570000000 0.996090000000 0.995750000000 0.996080000000 0.996120000000 0.996090000000 0.995890000000 0.996090000000 0.996140000000 0.996090000000 0.996090000000 0.996100000000 0.996090000000 0.996090000000 0.995870000000 0.996060000000 0.996130000000 0.996090000000 0.996100000000 0.996100000000 0.996080000000 0.996090000000 0.996070000000 0.996080000000 0.996080000000 0.996090000000 0.996080000000 0.996100000000 0.996100000000 0.996090000000 

N_obs: 320000

File Format:
1- most to least reliable channels (taken entropies)
2- most to least reliable channels (taken error probabilities)
3- channels entropies (flipped)
4- channels error probabilities (flipped)
5- number of MontCarlo simulations
