63 62 61 59 55 60 58 47 57 54 31 53 15 51 23 46 39 43 27 45 29 7 30 56 11 19 13 35 21 37 52 14 49 22 3 41 50 5 25 38 42 26 44 9 6 28 17 33 10 1 18 34 12 2 20 36 48 40 24 4 8 16 32 0 

63 62 61 59 55 60 58 57 47 54 53 51 31 56 46 45 52 43 39 50 30 49 29 44 27 23 15 42 41 11 37 35 9 28 17 21 48 1 3 6 33 2 25 10 4 34 8 40 24 20 7 0 36 32 22 16 18 14 12 19 38 5 26 13 

0.000000000016 0.000233030000 0.000463280000 0.054640000000 0.002449800000 0.104470000000 0.194270000000 0.618980000000 0.024842000000 0.261080000000 0.384650000000 0.756070000000 0.476200000000 0.792000000000 0.781820000000 0.967480000000 0.159990000000 0.506130000000 0.549890000000 0.850110000000 0.538350000000 0.820510000000 0.790190000000 0.970270000000 0.508690000000 0.803270000000 0.748550000000 0.955080000000 0.726680000000 0.925670000000 0.883860000000 0.996810000000 0.315320000000 0.614840000000 0.582120000000 0.869060000000 0.544640000000 0.823420000000 0.793310000000 0.970870000000 0.490160000000 0.785590000000 0.732280000000 0.946410000000 0.708370000000 0.917540000000 0.876600000000 0.995470000000 0.449170000000 0.757080000000 0.713340000000 0.938060000000 0.655160000000 0.891050000000 0.863760000000 0.993410000000 0.600900000000 0.868230000000 0.792570000000 0.987530000000 0.786580000000 0.942870000000 0.904400000000 0.999530000000 

0.000000000005 0.000571440000 0.001006400000 0.115210000000 0.005278900000 0.213530000000 0.354640000000 0.890600000000 0.054835000000 0.509470000000 0.681650000000 0.973490000000 0.853500000000 0.991010000000 0.993850000000 0.996090000000 0.391590000000 0.891520000000 0.951760000000 0.995410000000 0.980320000000 0.995970000000 0.996040000000 0.996090000000 0.989820000000 0.996100000000 0.996060000000 0.996090000000 0.996060000000 0.996090000000 0.996090000000 0.996090000000 0.887600000000 0.992980000000 0.994730000000 0.996080000000 0.995530000000 0.996110000000 0.996090000000 0.996090000000 0.995770000000 0.996090000000 0.996080000000 0.996090000000 0.996100000000 0.996100000000 0.996080000000 0.996100000000 0.995900000000 0.996100000000 0.996140000000 0.996100000000 0.996050000000 0.996090000000 0.996070000000 0.996090000000 0.996090000000 0.996090000000 0.996100000000 0.996090000000 0.996090000000 0.996090000000 0.996090000000 0.996090000000 

N_obs: 320000

File Format:
1- most to least reliable channels (taken entropies)
2- most to least reliable channels (taken error probabilities)
3- channels entropies (flipped)
4- channels error probabilities (flipped)
5- number of MontCarlo simulations
