63 62 61 59 55 60 47 31 58 15 57 23 39 54 27 43 53 51 29 7 45 46 30 11 19 13 21 35 37 14 3 5 22 25 41 38 56 49 26 42 50 6 9 52 28 17 33 44 10 1 18 34 12 2 20 36 24 40 48 4 8 16 32 0 

63 62 61 59 55 60 58 57 47 54 53 31 51 46 56 45 43 39 52 30 29 15 50 27 49 21 3 35 14 1 33 25 9 41 11 37 36 12 22 24 23 38 20 34 10 2 40 16 4 44 32 19 8 5 0 18 48 6 17 13 28 42 26 7 

0.000008346300 0.007507600000 0.016364000000 0.234160000000 0.055764000000 0.364320000000 0.487120000000 0.826170000000 0.181930000000 0.546550000000 0.591430000000 0.875180000000 0.592170000000 0.856310000000 0.827180000000 0.982390000000 0.323880000000 0.642220000000 0.617910000000 0.890750000000 0.574680000000 0.843840000000 0.809870000000 0.976890000000 0.533690000000 0.822640000000 0.763290000000 0.962840000000 0.743510000000 0.932040000000 0.889600000000 0.997790000000 0.349500000000 0.642930000000 0.604900000000 0.881670000000 0.563310000000 0.836100000000 0.804510000000 0.974160000000 0.504250000000 0.796690000000 0.741080000000 0.950540000000 0.722650000000 0.923790000000 0.882360000000 0.996640000000 0.455760000000 0.767330000000 0.723220000000 0.942110000000 0.665080000000 0.895520000000 0.873030000000 0.995360000000 0.607870000000 0.871920000000 0.792420000000 0.990060000000 0.790770000000 0.943280000000 0.905760000000 0.999620000000 

0.000021942000 0.017648000000 0.035846000000 0.458580000000 0.119760000000 0.663430000000 0.811350000000 0.988070000000 0.408050000000 0.899090000000 0.955500000000 0.995520000000 0.980270000000 0.995980000000 0.996010000000 0.996100000000 0.812860000000 0.987950000000 0.992840000000 0.996090000000 0.994660000000 0.996100000000 0.996080000000 0.996090000000 0.995240000000 0.996090000000 0.996090000000 0.996090000000 0.996070000000 0.996090000000 0.996080000000 0.996090000000 0.970720000000 0.995840000000 0.995920000000 0.996100000000 0.996000000000 0.996110000000 0.996080000000 0.996090000000 0.996090000000 0.996090000000 0.996060000000 0.996090000000 0.996090000000 0.996100000000 0.996100000000 0.996090000000 0.995960000000 0.996080000000 0.996100000000 0.996090000000 0.996080000000 0.996090000000 0.996080000000 0.996090000000 0.996150000000 0.996100000000 0.996090000000 0.996090000000 0.996070000000 0.996090000000 0.996080000000 0.996090000000 

N_obs: 320000

File Format:
1- most to least reliable channels (taken entropies)
2- most to least reliable channels (taken error probabilities)
3- channels entropies (flipped)
4- channels error probabilities (flipped)
5- number of MontCarlo simulations
