63 62 61 59 55 60 58 47 57 54 53 31 51 46 15 23 39 45 56 43 27 29 30 7 11 52 19 13 35 21 37 50 14 49 41 22 3 25 5 38 42 26 44 9 28 6 17 33 10 1 18 34 12 2 20 36 48 40 24 4 8 16 32 0 

63 62 61 59 55 60 58 57 47 54 53 51 46 56 31 45 52 43 50 39 30 49 29 44 27 23 42 15 41 38 37 3 21 17 48 6 14 26 10 19 2 35 25 18 20 16 1 28 32 24 0 8 40 4 34 13 12 36 33 7 5 9 22 11 

0.000000000000 0.000039786000 0.000091145000 0.026374000000 0.000493970000 0.052984000000 0.107180000000 0.511090000000 0.007369400000 0.161250000000 0.271380000000 0.676280000000 0.397580000000 0.747010000000 0.754550000000 0.957330000000 0.094610000000 0.419160000000 0.500200000000 0.820170000000 0.515240000000 0.805910000000 0.778630000000 0.966090000000 0.496090000000 0.793640000000 0.741360000000 0.951580000000 0.718730000000 0.922370000000 0.881080000000 0.996290000000 0.290260000000 0.597040000000 0.571210000000 0.862120000000 0.535710000000 0.817510000000 0.788370000000 0.969310000000 0.484000000000 0.780430000000 0.728290000000 0.944650000000 0.702880000000 0.915150000000 0.874360000000 0.995000000000 0.446160000000 0.752740000000 0.709240000000 0.936430000000 0.651250000000 0.889140000000 0.860280000000 0.992570000000 0.598420000000 0.866870000000 0.792160000000 0.986450000000 0.784910000000 0.942670000000 0.903790000000 0.999480000000 

0.000000000000 0.000084043000 0.000199240000 0.056439000000 0.001045000000 0.110850000000 0.200900000000 0.794880000000 0.016047000000 0.327660000000 0.494290000000 0.934860000000 0.728570000000 0.979930000000 0.989440000000 0.996070000000 0.228090000000 0.787170000000 0.894600000000 0.993200000000 0.959550000000 0.995640000000 0.995820000000 0.996090000000 0.982900000000 0.995980000000 0.996040000000 0.996110000000 0.996090000000 0.996100000000 0.996120000000 0.996090000000 0.814540000000 0.988140000000 0.993030000000 0.996090000000 0.994700000000 0.996080000000 0.996090000000 0.996090000000 0.995420000000 0.996130000000 0.996060000000 0.996090000000 0.996080000000 0.996090000000 0.996070000000 0.996090000000 0.995720000000 0.996070000000 0.996100000000 0.996100000000 0.996180000000 0.996080000000 0.996120000000 0.996090000000 0.996120000000 0.996070000000 0.996120000000 0.996100000000 0.996060000000 0.996080000000 0.996090000000 0.996090000000 

N_obs: 320000

File Format:
1- most to least reliable channels (taken entropies)
2- most to least reliable channels (taken error probabilities)
3- channels entropies (flipped)
4- channels error probabilities (flipped)
5- number of MontCarlo simulations
