63 62 61 60 59 58 57 55 54 53 47 31 45 46 51 43 39 30 29 27 52 56 50 49 23 44 42 41 38 37 28 35 15 26 25 22 48 21 40 36 19 14 34 24 13 33 20 11 18 7 17 12 32 10 9 3 5 6 16 1 2 8 4 0 

63 62 61 60 59 58 57 55 54 53 47 31 45 46 51 43 39 30 29 27 52 50 56 49 44 23 42 41 38 37 28 35 15 26 25 22 48 21 40 36 19 14 34 24 13 33 20 11 18 17 7 12 32 10 9 6 16 5 3 8 4 1 0 2 

0.000000000000 0.000000000000 0.000000000000 0.000000000000 0.000000000000 0.000000000000 0.000000000000 0.000000197650 0.000000000000 0.000000000000 0.000000000000 0.000000035323 0.000000000000 0.000000207280 0.000001051600 0.004236200000 0.000000000000 0.000000000000 0.000000000000 0.000001675700 0.000000000000 0.000002512100 0.000004774800 0.009071300000 0.000000000000 0.000019718000 0.000034425000 0.020493000000 0.000264300000 0.046268000000 0.104490000000 0.549040000000 0.000000000000 0.000000000004 0.000000000652 0.000219690000 0.000000011651 0.000442430000 0.000932810000 0.080047000000 0.000001133600 0.002414700000 0.005393900000 0.156930000000 0.023266000000 0.271310000000 0.413560000000 0.797830000000 0.000344070000 0.039899000000 0.081136000000 0.433600000000 0.183940000000 0.565350000000 0.633460000000 0.904480000000 0.333610000000 0.684480000000 0.675220000000 0.920610000000 0.666200000000 0.898270000000 0.864090000000 0.992700000000 

0.000000000000 0.000000000000 0.000000000000 0.000000000000 0.000000000000 0.000000000000 0.000000000000 0.000000228920 0.000000000000 0.000000000000 0.000000000000 0.000000024837 0.000000000000 0.000000209470 0.000001868100 0.009348600000 0.000000000000 0.000000000000 0.000000000000 0.000002456600 0.000000000000 0.000005457000 0.000009446800 0.019901000000 0.000000000000 0.000044376000 0.000096328000 0.043938000000 0.000573670000 0.096333000000 0.195690000000 0.830980000000 0.000000000000 0.000000000001 0.000000000346 0.000488860000 0.000000008214 0.001029600000 0.002095900000 0.167790000000 0.000003566000 0.005506000000 0.011388000000 0.312580000000 0.048595000000 0.507760000000 0.691240000000 0.978040000000 0.000882290000 0.090871000000 0.167840000000 0.740220000000 0.378250000000 0.888550000000 0.950120000000 0.995400000000 0.706950000000 0.977070000000 0.988850000000 0.996080000000 0.992950000000 0.996100000000 0.996090000000 0.996090000000 

N_obs: 320000

File Format:
1- most to least reliable channels (taken entropies)
2- most to least reliable channels (taken error probabilities)
3- channels entropies (flipped)
4- channels error probabilities (flipped)
5- number of MontCarlo simulations
