63 62 61 59 31 47 55 15 23 39 27 43 60 7 29 45 51 30 11 53 58 57 46 54 13 19 21 35 37 14 5 3 22 25 41 38 26 49 42 6 9 50 17 28 33 10 1 44 52 56 18 34 2 12 20 36 24 40 48 4 8 16 32 0 

63 62 61 59 55 60 47 58 57 31 54 53 51 46 35 45 39 27 14 56 44 11 43 25 1 17 18 22 2 24 34 20 36 10 28 4 40 8 16 5 32 0 42 30 49 48 33 37 26 50 12 3 15 6 13 41 23 52 9 38 21 19 7 29 

0.005650700000 0.134250000000 0.227180000000 0.613380000000 0.343610000000 0.688610000000 0.690450000000 0.930520000000 0.405800000000 0.718560000000 0.679020000000 0.922230000000 0.653500000000 0.890320000000 0.853100000000 0.989630000000 0.393840000000 0.695600000000 0.652360000000 0.910210000000 0.600930000000 0.860360000000 0.823510000000 0.981410000000 0.559670000000 0.841170000000 0.776570000000 0.971340000000 0.760990000000 0.937600000000 0.895540000000 0.998660000000 0.369450000000 0.660900000000 0.626540000000 0.892570000000 0.584520000000 0.849580000000 0.815920000000 0.977080000000 0.520600000000 0.809580000000 0.748770000000 0.955480000000 0.743500000000 0.931880000000 0.890470000000 0.998020000000 0.461720000000 0.778260000000 0.734330000000 0.946210000000 0.674290000000 0.900580000000 0.884650000000 0.997410000000 0.615960000000 0.875490000000 0.791010000000 0.992580000000 0.795620000000 0.943550000000 0.907430000000 0.999710000000 

0.014630000000 0.312360000000 0.479060000000 0.928200000000 0.727530000000 0.978840000000 0.989170000000 0.996070000000 0.912690000000 0.994180000000 0.995210000000 0.996110000000 0.995550000000 0.996100000000 0.996100000000 0.996100000000 0.977920000000 0.995920000000 0.996030000000 0.996070000000 0.996070000000 0.996090000000 0.996110000000 0.996090000000 0.996040000000 0.996120000000 0.996100000000 0.996090000000 0.996030000000 0.996090000000 0.996100000000 0.996090000000 0.991940000000 0.996100000000 0.996160000000 0.996090000000 0.996050000000 0.996100000000 0.996080000000 0.996090000000 0.996110000000 0.996090000000 0.996120000000 0.996090000000 0.996120000000 0.996080000000 0.996080000000 0.996090000000 0.996100000000 0.996060000000 0.996100000000 0.996100000000 0.996070000000 0.996090000000 0.996110000000 0.996090000000 0.996120000000 0.996100000000 0.996090000000 0.996090000000 0.996100000000 0.996090000000 0.996080000000 0.996090000000 

N_obs: 320000

File Format:
1- most to least reliable channels (taken entropies)
2- most to least reliable channels (taken error probabilities)
3- channels entropies (flipped)
4- channels error probabilities (flipped)
5- number of MontCarlo simulations
