63 62 61 59 55 47 60 58 57 54 53 51 46 31 45 56 43 52 50 39 30 44 49 29 27 15 23 42 41 7 38 11 35 37 19 13 21 28 14 25 48 22 26 3 5 9 33 6 17 40 10 34 18 36 1 12 20 2 24 4 8 32 16 0 

63 62 61 59 55 47 60 58 57 54 53 51 46 45 31 56 43 52 50 39 49 30 44 29 42 41 27 38 48 23 37 28 15 35 26 40 25 22 36 21 19 14 33 34 6 11 7 20 3 13 10 32 16 8 0 4 24 18 17 2 1 5 12 9 

0.000000000000 0.000000000000 0.000000000000 0.000044830000 0.000000000002 0.000098663000 0.000219510000 0.045616000000 0.000000026950 0.000602240000 0.001269900000 0.091879000000 0.006628900000 0.170590000000 0.297960000000 0.729270000000 0.000027896000 0.013337000000 0.028684000000 0.297740000000 0.085071000000 0.433360000000 0.548810000000 0.862830000000 0.225410000000 0.601570000000 0.632860000000 0.898690000000 0.630780000000 0.879190000000 0.848020000000 0.988560000000 0.022850000000 0.231840000000 0.337090000000 0.701380000000 0.413570000000 0.733200000000 0.721110000000 0.944070000000 0.426490000000 0.733110000000 0.689110000000 0.927010000000 0.661420000000 0.894760000000 0.857710000000 0.991040000000 0.417090000000 0.718650000000 0.676830000000 0.921620000000 0.622080000000 0.873320000000 0.838630000000 0.986500000000 0.576100000000 0.853240000000 0.786090000000 0.978080000000 0.772270000000 0.940430000000 0.899570000000 0.999100000000 

0.000000000000 0.000000000000 0.000000000000 0.000095185000 0.000000000001 0.000216260000 0.000438940000 0.092035000000 0.000000021042 0.001310000000 0.002564300000 0.180220000000 0.013402000000 0.322420000000 0.499840000000 0.946290000000 0.000064946000 0.029712000000 0.058659000000 0.541410000000 0.172100000000 0.735580000000 0.860900000000 0.991570000000 0.476260000000 0.926260000000 0.968130000000 0.995780000000 0.985170000000 0.996040000000 0.996030000000 0.996090000000 0.060052000000 0.520340000000 0.693860000000 0.973600000000 0.864160000000 0.991370000000 0.994030000000 0.996090000000 0.955660000000 0.995580000000 0.995800000000 0.996080000000 0.995870000000 0.996100000000 0.996100000000 0.996090000000 0.983770000000 0.995990000000 0.996080000000 0.996120000000 0.996060000000 0.996090000000 0.996120000000 0.996090000000 0.996070000000 0.996060000000 0.996100000000 0.996090000000 0.996080000000 0.996100000000 0.996100000000 0.996090000000 

N_obs: 320000

File Format:
1- most to least reliable channels (taken entropies)
2- most to least reliable channels (taken error probabilities)
3- channels entropies (flipped)
4- channels error probabilities (flipped)
5- number of MontCarlo simulations
