63 62 61 59 31 55 47 15 23 60 39 27 43 7 29 51 45 58 30 53 57 11 46 54 13 19 21 35 37 14 5 3 22 25 41 38 26 49 42 6 9 50 17 28 33 10 1 44 52 56 18 34 2 12 20 36 24 40 48 4 8 16 32 0 

63 62 61 59 55 60 58 47 57 31 54 53 51 46 45 43 39 56 29 44 30 28 21 49 17 27 5 10 37 12 35 3 19 48 22 18 50 52 8 2 24 4 32 0 16 20 13 42 34 41 40 36 14 26 1 33 38 23 9 6 25 11 7 15 

0.002268100000 0.092406000000 0.168480000000 0.553390000000 0.291390000000 0.650900000000 0.669610000000 0.920550000000 0.383100000000 0.702990000000 0.669580000000 0.917500000000 0.645270000000 0.886110000000 0.850000000000 0.988850000000 0.388120000000 0.689740000000 0.647600000000 0.907720000000 0.597220000000 0.858030000000 0.821790000000 0.980770000000 0.555290000000 0.838180000000 0.774670000000 0.969840000000 0.758010000000 0.936710000000 0.894530000000 0.998530000000 0.366510000000 0.658300000000 0.622720000000 0.891010000000 0.581080000000 0.847430000000 0.814270000000 0.976640000000 0.517830000000 0.807360000000 0.747810000000 0.954520000000 0.739520000000 0.930470000000 0.889100000000 0.997800000000 0.461370000000 0.776450000000 0.732260000000 0.945550000000 0.673210000000 0.899770000000 0.882670000000 0.997090000000 0.614700000000 0.874690000000 0.791410000000 0.992210000000 0.794880000000 0.943530000000 0.907120000000 0.999700000000 

0.005794800000 0.217440000000 0.358170000000 0.881320000000 0.619060000000 0.960920000000 0.981920000000 0.996020000000 0.864850000000 0.991690000000 0.994190000000 0.996090000000 0.995110000000 0.996090000000 0.996080000000 0.996090000000 0.968310000000 0.995780000000 0.995910000000 0.996070000000 0.995950000000 0.996100000000 0.996100000000 0.996100000000 0.996000000000 0.996110000000 0.996080000000 0.996100000000 0.996090000000 0.996100000000 0.996100000000 0.996090000000 0.990390000000 0.996070000000 0.996060000000 0.996070000000 0.996080000000 0.996100000000 0.996120000000 0.996090000000 0.996110000000 0.996090000000 0.996080000000 0.996100000000 0.996090000000 0.996090000000 0.996080000000 0.996090000000 0.996130000000 0.996100000000 0.996100000000 0.996080000000 0.996130000000 0.996080000000 0.996110000000 0.996090000000 0.996130000000 0.996120000000 0.996080000000 0.996090000000 0.996090000000 0.996090000000 0.996100000000 0.996090000000 

N_obs: 320000

File Format:
1- most to least reliable channels (taken entropies)
2- most to least reliable channels (taken error probabilities)
3- channels entropies (flipped)
4- channels error probabilities (flipped)
5- number of MontCarlo simulations
