63 62 61 59 55 60 58 47 31 57 15 54 23 39 53 27 51 43 29 45 7 46 30 11 19 13 21 35 37 14 56 3 5 22 25 41 49 38 26 42 50 52 9 6 28 17 44 33 10 1 18 34 12 2 20 36 24 40 48 4 8 16 32 0 

63 62 61 59 55 60 58 57 47 54 53 31 51 56 46 45 43 52 39 30 50 29 49 15 23 13 44 35 27 21 37 33 34 14 1 6 18 4 20 8 10 5 40 32 19 12 2 36 0 16 48 17 9 22 28 38 26 24 25 11 41 42 7 3 

0.000000768620 0.002829800000 0.006110500000 0.159250000000 0.024511000000 0.267780000000 0.398680000000 0.775520000000 0.115020000000 0.465690000000 0.545540000000 0.849880000000 0.566130000000 0.841740000000 0.816450000000 0.979110000000 0.282230000000 0.613700000000 0.603060000000 0.882170000000 0.566230000000 0.838390000000 0.805240000000 0.975310000000 0.526830000000 0.817550000000 0.759560000000 0.960630000000 0.738780000000 0.930370000000 0.887960000000 0.997540000000 0.342530000000 0.637220000000 0.598900000000 0.878590000000 0.557880000000 0.832550000000 0.801410000000 0.973230000000 0.499420000000 0.793350000000 0.738490000000 0.949330000000 0.717980000000 0.921870000000 0.880570000000 0.996290000000 0.454110000000 0.764010000000 0.720280000000 0.941010000000 0.662160000000 0.894260000000 0.870150000000 0.994790000000 0.605960000000 0.870800000000 0.792650000000 0.989350000000 0.789570000000 0.943170000000 0.905360000000 0.999590000000 

0.000001242100 0.006699400000 0.013301000000 0.322500000000 0.052453000000 0.511500000000 0.686990000000 0.975490000000 0.256570000000 0.812390000000 0.908940000000 0.993980000000 0.962540000000 0.995700000000 0.995820000000 0.996100000000 0.705690000000 0.976260000000 0.988530000000 0.996060000000 0.992970000000 0.996110000000 0.996110000000 0.996090000000 0.994410000000 0.996100000000 0.996090000000 0.996090000000 0.996080000000 0.996090000000 0.996090000000 0.996090000000 0.956500000000 0.995560000000 0.995810000000 0.996100000000 0.996080000000 0.996100000000 0.996100000000 0.996100000000 0.996010000000 0.996100000000 0.996080000000 0.996090000000 0.996090000000 0.996090000000 0.996100000000 0.996090000000 0.995990000000 0.996090000000 0.996020000000 0.996090000000 0.996100000000 0.996090000000 0.996100000000 0.996090000000 0.996110000000 0.996090000000 0.996090000000 0.996090000000 0.996110000000 0.996090000000 0.996090000000 0.996090000000 

N_obs: 320000

File Format:
1- most to least reliable channels (taken entropies)
2- most to least reliable channels (taken error probabilities)
3- channels entropies (flipped)
4- channels error probabilities (flipped)
5- number of MontCarlo simulations
