63 62 61 59 55 60 58 47 57 54 53 31 51 46 56 45 15 43 23 39 27 29 30 52 7 11 50 19 13 35 49 21 37 14 41 44 22 38 25 3 42 5 26 28 9 6 17 33 10 1 18 34 12 48 2 20 36 40 24 4 8 16 32 0 

63 62 61 59 55 60 58 57 47 54 53 51 46 56 31 45 52 43 50 39 30 49 44 29 27 42 23 41 15 38 37 48 35 7 11 25 21 28 17 26 2 9 34 24 20 36 10 19 12 1 32 0 16 8 40 18 4 6 14 5 3 33 13 22 

0.000000000000 0.000006209600 0.000015555000 0.011132000000 0.000071072000 0.022751000000 0.048870000000 0.392030000000 0.001595300000 0.085042000000 0.160100000000 0.569150000000 0.291560000000 0.677200000000 0.715160000000 0.941600000000 0.042973000000 0.311790000000 0.421910000000 0.771770000000 0.477040000000 0.782980000000 0.761970000000 0.959890000000 0.479530000000 0.781190000000 0.731140000000 0.946910000000 0.708720000000 0.918110000000 0.877540000000 0.995610000000 0.250410000000 0.566670000000 0.555440000000 0.852160000000 0.525410000000 0.810250000000 0.781560000000 0.967110000000 0.477460000000 0.775100000000 0.723340000000 0.942510000000 0.697340000000 0.912390000000 0.872070000000 0.994480000000 0.443280000000 0.748270000000 0.704440000000 0.934400000000 0.646800000000 0.886790000000 0.856580000000 0.991650000000 0.595380000000 0.865010000000 0.791680000000 0.985200000000 0.782830000000 0.942400000000 0.903150000000 0.999430000000 

0.000000000000 0.000014310000 0.000032721000 0.023824000000 0.000144580000 0.048170000000 0.093700000000 0.657390000000 0.003471600000 0.177760000000 0.299330000000 0.854070000000 0.545050000000 0.947600000000 0.976630000000 0.995940000000 0.102170000000 0.623680000000 0.780280000000 0.984700000000 0.908520000000 0.993920000000 0.995120000000 0.996090000000 0.966590000000 0.995820000000 0.995920000000 0.996090000000 0.995990000000 0.996080000000 0.996120000000 0.996090000000 0.699950000000 0.974920000000 0.988360000000 0.996060000000 0.992900000000 0.996080000000 0.996060000000 0.996080000000 0.994760000000 0.996130000000 0.996060000000 0.996080000000 0.996090000000 0.996100000000 0.996070000000 0.996090000000 0.995280000000 0.996100000000 0.996120000000 0.996090000000 0.996050000000 0.996090000000 0.996080000000 0.996090000000 0.996020000000 0.996100000000 0.996110000000 0.996100000000 0.996110000000 0.996080000000 0.996090000000 0.996090000000 

N_obs: 320000

File Format:
1- most to least reliable channels (taken entropies)
2- most to least reliable channels (taken error probabilities)
3- channels entropies (flipped)
4- channels error probabilities (flipped)
5- number of MontCarlo simulations
