63 62 61 60 59 58 57 55 54 53 51 47 46 45 43 39 31 30 29 27 23 15 56 52 50 49 42 38 41 35 44 28 25 26 21 22 37 19 14 13 48 40 36 11 34 33 24 20 18 7 17 12 10 9 32 6 16 5 3 8 4 2 1 0 

63 62 61 60 59 58 57 55 54 53 51 47 46 45 43 39 31 30 29 27 23 15 56 52 50 49 42 38 41 35 44 28 25 26 21 22 37 19 14 13 48 40 36 11 34 33 24 20 18 7 17 12 10 9 32 6 5 16 3 8 4 2 1 0 

0.000000000000 0.000000000000 0.000000000000 0.000000000000 0.000000000000 0.000000000000 0.000000000000 0.000000000000 0.000000000000 0.000000000000 0.000000000000 0.000000000000 0.000000000000 0.000000000000 0.000000000001 0.000034353000 0.000000000000 0.000000000000 0.000000000000 0.000000000263 0.000000000000 0.000000000001 0.000000000009 0.000072015000 0.000000000000 0.000000000001 0.000000273990 0.000143650000 0.000000000118 0.000330600000 0.000791440000 0.097596000000 0.000000000000 0.000000000000 0.000000000000 0.000000000469 0.000000000000 0.000000002266 0.000000000706 0.000869120000 0.000000000000 0.000000095953 0.000000015080 0.001752100000 0.000001154400 0.003841900000 0.009182400000 0.229560000000 0.000000000000 0.000012421000 0.000024301000 0.014712000000 0.000149510000 0.031476000000 0.068357000000 0.444970000000 0.004296000000 0.130310000000 0.232790000000 0.649810000000 0.386040000000 0.745370000000 0.761810000000 0.962320000000 

0.000000000000 0.000000000000 0.000000000000 0.000000000000 0.000000000000 0.000000000000 0.000000000000 0.000000000000 0.000000000000 0.000000000000 0.000000000000 0.000000000000 0.000000000000 0.000000000000 0.000000000000 0.000068699000 0.000000000000 0.000000000000 0.000000000000 0.000000000132 0.000000000000 0.000000000000 0.000000000003 0.000169120000 0.000000000000 0.000000000000 0.000000591940 0.000344580000 0.000000000045 0.000819810000 0.001788300000 0.210930000000 0.000000000000 0.000000000000 0.000000000000 0.000000000203 0.000000000000 0.000000001304 0.000000000292 0.002094400000 0.000000000000 0.000000092064 0.000000009376 0.004036800000 0.000002628200 0.008743400000 0.019821000000 0.444430000000 0.000000000000 0.000025932000 0.000054584000 0.033013000000 0.000354360000 0.069129000000 0.136180000000 0.736940000000 0.009595600000 0.271920000000 0.435520000000 0.921200000000 0.708770000000 0.978620000000 0.989860000000 0.996070000000 

N_obs: 320000

File Format:
1- most to least reliable channels (taken entropies)
2- most to least reliable channels (taken error probabilities)
3- channels entropies (flipped)
4- channels error probabilities (flipped)
5- number of MontCarlo simulations
