63 62 61 59 55 60 47 58 57 54 53 51 46 31 45 56 52 43 50 39 30 15 29 49 23 44 27 42 7 11 41 35 19 37 38 13 21 14 25 22 26 28 3 5 48 9 6 33 17 10 34 1 18 40 36 12 20 2 24 4 8 32 16 0 

63 62 61 59 55 60 47 58 57 54 53 51 46 31 45 56 52 43 50 39 49 30 44 29 42 27 41 38 48 23 37 15 28 35 26 40 25 22 21 36 5 19 3 20 24 13 14 18 11 12 32 17 8 0 2 16 4 33 10 1 9 34 6 7 

0.000000000000 0.000000000012 0.000000000017 0.000265290000 0.000000001543 0.000545230000 0.001194400000 0.094678000000 0.000000701530 0.003086200000 0.006833500000 0.180130000000 0.028145000000 0.300120000000 0.446030000000 0.818220000000 0.000394900000 0.043426000000 0.087299000000 0.450390000000 0.192100000000 0.577660000000 0.643010000000 0.907950000000 0.332470000000 0.684670000000 0.674520000000 0.919870000000 0.659580000000 0.894350000000 0.859320000000 0.991470000000 0.065022000000 0.348210000000 0.434110000000 0.770390000000 0.464270000000 0.767240000000 0.745490000000 0.954030000000 0.447130000000 0.749150000000 0.701280000000 0.932730000000 0.673410000000 0.900940000000 0.862530000000 0.992250000000 0.426290000000 0.728130000000 0.685630000000 0.925950000000 0.630280000000 0.877620000000 0.843760000000 0.988040000000 0.582630000000 0.856950000000 0.788160000000 0.980270000000 0.775580000000 0.941140000000 0.900730000000 0.999210000000 

0.000000000000 0.000000000004 0.000000000006 0.000581090000 0.000000000893 0.001219700000 0.002429100000 0.185180000000 0.000000957780 0.006589100000 0.013788000000 0.338570000000 0.055206000000 0.533560000000 0.712600000000 0.980450000000 0.000913020000 0.096683000000 0.175190000000 0.747950000000 0.384860000000 0.891030000000 0.950010000000 0.995400000000 0.699450000000 0.975850000000 0.988300000000 0.996060000000 0.992530000000 0.996110000000 0.996100000000 0.996090000000 0.174300000000 0.729210000000 0.857450000000 0.991140000000 0.945240000000 0.995220000000 0.995620000000 0.996090000000 0.980630000000 0.996030000000 0.996040000000 0.996080000000 0.996070000000 0.996090000000 0.996090000000 0.996100000000 0.990500000000 0.996090000000 0.996090000000 0.996090000000 0.996090000000 0.996100000000 0.996110000000 0.996090000000 0.996120000000 0.996120000000 0.996070000000 0.996100000000 0.996070000000 0.996090000000 0.996100000000 0.996090000000 

N_obs: 320000

File Format:
1- most to least reliable channels (taken entropies)
2- most to least reliable channels (taken error probabilities)
3- channels entropies (flipped)
4- channels error probabilities (flipped)
5- number of MontCarlo simulations
