63 62 61 60 59 58 57 56 55 54 53 52 51 50 49 47 46 45 44 43 42 41 39 38 37 35 31 30 29 28 27 26 25 23 22 21 19 15 14 13 11 7 48 40 33 24 34 20 17 18 12 36 9 5 6 10 3 32 16 8 4 2 1 0 

63 62 61 60 59 58 57 56 55 54 53 52 51 50 49 47 46 45 44 43 42 41 39 38 37 35 31 30 29 28 27 26 25 23 22 21 19 15 14 13 11 7 48 40 33 24 34 20 17 18 12 36 9 5 6 10 3 32 16 8 4 2 1 0 

0.000000000000 0.000000000000 0.000000000000 0.000000000000 0.000000000000 0.000000000000 0.000000000000 0.000000000000 0.000000000000 0.000000000000 0.000000000000 0.000000000000 0.000000000000 0.000000000000 0.000000000000 0.000000000000 0.000000000000 0.000000000000 0.000000000000 0.000000000000 0.000000000000 0.000000000000 0.000000000000 0.000000000001 0.000000000000 0.000000000000 0.000000000000 0.000000001673 0.000000000000 0.000000000013 0.000000000006 0.000194020000 0.000000000000 0.000000000000 0.000000000000 0.000000000000 0.000000000000 0.000000000000 0.000000000000 0.000000000008 0.000000000000 0.000000000000 0.000000000000 0.000000000032 0.000000000000 0.000000000064 0.000000000039 0.000416020000 0.000000000000 0.000000000000 0.000000000000 0.000000001588 0.000000000000 0.000000348090 0.000000022576 0.000990910000 0.000000000000 0.000000212710 0.000000103670 0.002385200000 0.000001484400 0.006310200000 0.017495000000 0.318190000000 

0.000000000000 0.000000000000 0.000000000000 0.000000000000 0.000000000000 0.000000000000 0.000000000000 0.000000000000 0.000000000000 0.000000000000 0.000000000000 0.000000000000 0.000000000000 0.000000000000 0.000000000000 0.000000000000 0.000000000000 0.000000000000 0.000000000000 0.000000000000 0.000000000000 0.000000000000 0.000000000000 0.000000000000 0.000000000000 0.000000000000 0.000000000000 0.000000001028 0.000000000000 0.000000000005 0.000000000002 0.000480830000 0.000000000000 0.000000000000 0.000000000000 0.000000000000 0.000000000000 0.000000000000 0.000000000000 0.000000000003 0.000000000000 0.000000000000 0.000000000000 0.000000000012 0.000000000000 0.000000000027 0.000000000014 0.001154600000 0.000000000000 0.000000000000 0.000000000000 0.000000000881 0.000000000000 0.000002162400 0.000000019879 0.002559700000 0.000000000000 0.000000300660 0.000000082416 0.006070800000 0.000005996800 0.015297000000 0.039561000000 0.606600000000 

N_obs: 320000

File Format:
1- most to least reliable channels (taken entropies)
2- most to least reliable channels (taken error probabilities)
3- channels entropies (flipped)
4- channels error probabilities (flipped)
5- number of MontCarlo simulations
