63 62 61 59 55 47 60 57 58 53 54 51 31 46 45 43 39 56 52 30 50 29 49 44 27 42 41 38 23 37 28 48 26 35 15 25 40 22 36 21 19 14 34 7 11 13 24 33 20 3 5 17 18 9 6 10 12 1 32 2 4 16 8 0 

63 62 61 59 55 47 60 57 58 53 54 51 31 46 45 43 39 56 52 30 50 29 49 44 27 42 41 38 23 37 28 48 26 35 25 15 40 22 36 21 34 19 14 24 33 13 20 11 7 18 17 32 12 10 9 6 3 16 8 0 2 1 4 5 

0.000000000000 0.000000000000 0.000000000000 0.000000000000 0.000000000000 0.000000000001 0.000000000000 0.000081388000 0.000000000000 0.000000000005 0.000000000002 0.000173380000 0.000000000404 0.000342710000 0.000767540000 0.088797000000 0.000000000000 0.000000009797 0.000000010710 0.001170600000 0.000000129270 0.002557900000 0.005706400000 0.182900000000 0.000027931000 0.014575000000 0.031733000000 0.331880000000 0.103730000000 0.488660000000 0.607480000000 0.899030000000 0.000000002762 0.000187190000 0.000408910000 0.048018000000 0.002014300000 0.092237000000 0.172500000000 0.586270000000 0.020029000000 0.233780000000 0.351820000000 0.730780000000 0.450550000000 0.774490000000 0.770060000000 0.963650000000 0.140130000000 0.483430000000 0.538600000000 0.843980000000 0.534690000000 0.819170000000 0.790120000000 0.970440000000 0.515270000000 0.809710000000 0.754690000000 0.958430000000 0.736270000000 0.929530000000 0.888010000000 0.997510000000 

0.000000000000 0.000000000000 0.000000000000 0.000000000000 0.000000000000 0.000000000000 0.000000000000 0.000166750000 0.000000000000 0.000000000002 0.000000000001 0.000392450000 0.000000000194 0.000774890000 0.001579800000 0.178280000000 0.000000000000 0.000000005725 0.000000007049 0.002535800000 0.000000099250 0.005456500000 0.011584000000 0.345140000000 0.000059205000 0.031325000000 0.061900000000 0.577360000000 0.198780000000 0.781900000000 0.898240000000 0.993860000000 0.000000001596 0.000416040000 0.000941530000 0.105610000000 0.004614700000 0.196760000000 0.328570000000 0.874730000000 0.045915000000 0.474850000000 0.646900000000 0.967560000000 0.832790000000 0.989490000000 0.993270000000 0.996080000000 0.340930000000 0.865330000000 0.939230000000 0.995070000000 0.976110000000 0.995900000000 0.996000000000 0.996090000000 0.988370000000 0.996040000000 0.996100000000 0.996100000000 0.996060000000 0.996100000000 0.996100000000 0.996090000000 

N_obs: 320000

File Format:
1- most to least reliable channels (taken entropies)
2- most to least reliable channels (taken error probabilities)
3- channels entropies (flipped)
4- channels error probabilities (flipped)
5- number of MontCarlo simulations
