63 62 61 60 59 58 55 47 31 57 54 53 51 45 46 43 39 30 29 56 27 52 50 49 44 42 23 41 38 37 28 35 26 15 25 48 22 40 21 36 19 34 14 24 13 33 20 11 7 18 17 12 3 32 10 5 9 6 1 16 2 4 8 0 

63 62 61 60 59 58 55 47 31 57 54 53 51 45 46 43 39 30 29 56 27 52 50 49 44 42 23 41 38 37 28 35 26 15 25 48 22 40 21 36 19 34 14 24 33 13 20 11 18 7 17 12 32 10 9 6 16 5 3 8 2 0 4 1 

0.000000000000 0.000000000000 0.000000000000 0.000000000000 0.000000000000 0.000000000000 0.000000000000 0.000001266300 0.000000000000 0.000000000000 0.000000000000 0.000002764700 0.000000000000 0.000007795300 0.000010742000 0.013758000000 0.000000000000 0.000000000000 0.000000000000 0.000016431000 0.000000000000 0.000035721000 0.000076169000 0.030107000000 0.000000000015 0.000245680000 0.000518750000 0.066726000000 0.003437200000 0.136950000000 0.258440000000 0.711060000000 0.000000000000 0.000000042619 0.000000049152 0.002037700000 0.000001830900 0.004163500000 0.009140600000 0.202080000000 0.000067912000 0.019594000000 0.041544000000 0.346910000000 0.116910000000 0.492520000000 0.598450000000 0.891270000000 0.006554000000 0.144690000000 0.244470000000 0.639480000000 0.362450000000 0.711260000000 0.717850000000 0.942460000000 0.436640000000 0.753460000000 0.714310000000 0.939300000000 0.698210000000 0.913500000000 0.875410000000 0.995170000000 

0.000000000000 0.000000000000 0.000000000000 0.000000000000 0.000000000000 0.000000000000 0.000000000000 0.000002015100 0.000000000000 0.000000000000 0.000000000000 0.000006791700 0.000000000000 0.000016192000 0.000025377000 0.029689000000 0.000000000000 0.000000000000 0.000000000000 0.000031708000 0.000000000000 0.000076825000 0.000157160000 0.063618000000 0.000000000005 0.000560610000 0.001095600000 0.136790000000 0.007165500000 0.267770000000 0.448500000000 0.941130000000 0.000000000000 0.000000030322 0.000000032279 0.004681800000 0.000004722200 0.009377500000 0.019347000000 0.391420000000 0.000149010000 0.043630000000 0.084997000000 0.615950000000 0.234460000000 0.803940000000 0.906770000000 0.993950000000 0.015717000000 0.317450000000 0.482510000000 0.928440000000 0.722320000000 0.978390000000 0.988990000000 0.996070000000 0.901330000000 0.993710000000 0.995090000000 0.996100000000 0.995450000000 0.996090000000 0.996100000000 0.996090000000 

N_obs: 320000

File Format:
1- most to least reliable channels (taken entropies)
2- most to least reliable channels (taken error probabilities)
3- channels entropies (flipped)
4- channels error probabilities (flipped)
5- number of MontCarlo simulations
