63 61 62 59 55 60 58 47 57 54 53 51 31 46 56 45 43 52 15 39 23 27 30 29 50 7 11 49 19 35 44 13 21 37 41 14 42 38 22 25 3 5 26 28 9 6 17 33 10 1 18 34 48 12 20 36 2 40 24 4 8 16 32 0 

63 62 61 59 55 60 58 47 57 54 53 51 46 56 31 45 52 43 50 39 30 49 44 29 42 27 41 23 15 38 48 37 35 28 7 22 11 25 13 1 6 33 40 10 3 2 20 9 8 0 12 24 16 32 19 4 18 36 26 17 5 34 21 14 

0.000000000000 0.000001128200 0.000000903800 0.003979300000 0.000008460700 0.008259400000 0.018107000000 0.274120000000 0.000227950000 0.035876000000 0.074198000000 0.438480000000 0.178100000000 0.576850000000 0.657570000000 0.917190000000 0.014052000000 0.200510000000 0.313670000000 0.697840000000 0.413160000000 0.744520000000 0.737600000000 0.950200000000 0.452670000000 0.762360000000 0.718400000000 0.940860000000 0.696780000000 0.912460000000 0.873240000000 0.994700000000 0.194520000000 0.519180000000 0.532100000000 0.837150000000 0.512670000000 0.800910000000 0.773340000000 0.964240000000 0.469110000000 0.768500000000 0.717800000000 0.939990000000 0.690530000000 0.909300000000 0.869440000000 0.993860000000 0.438790000000 0.742280000000 0.699300000000 0.932020000000 0.641620000000 0.884260000000 0.852650000000 0.990590000000 0.591520000000 0.862810000000 0.791040000000 0.983810000000 0.780840000000 0.942080000000 0.902460000000 0.999370000000 

0.000000000000 0.000001709500 0.000001980600 0.008474300000 0.000016078000 0.017660000000 0.035689000000 0.490210000000 0.000517280000 0.075597000000 0.141900000000 0.716880000000 0.338530000000 0.873390000000 0.943000000000 0.995210000000 0.033458000000 0.422760000000 0.597210000000 0.957800000000 0.804020000000 0.987100000000 0.992250000000 0.996090000000 0.930270000000 0.994850000000 0.995420000000 0.996100000000 0.995710000000 0.996110000000 0.996090000000 0.996100000000 0.539370000000 0.942450000000 0.974690000000 0.995870000000 0.988840000000 0.996100000000 0.996080000000 0.996090000000 0.993260000000 0.996070000000 0.996120000000 0.996090000000 0.996100000000 0.996100000000 0.996100000000 0.996100000000 0.994700000000 0.996130000000 0.996080000000 0.996090000000 0.996070000000 0.996090000000 0.996090000000 0.996090000000 0.996050000000 0.996090000000 0.996100000000 0.996100000000 0.996090000000 0.996090000000 0.996080000000 0.996090000000 

N_obs: 320000

File Format:
1- most to least reliable channels (taken entropies)
2- most to least reliable channels (taken error probabilities)
3- channels entropies (flipped)
4- channels error probabilities (flipped)
5- number of MontCarlo simulations
