31 30 29 27 23 28 26 15 25 22 7 21 19 11 13 14 3 5 24 9 17 6 18 10 20 1 12 2 4 8 16 0 

31 30 29 27 23 28 26 25 15 22 21 19 24 14 13 20 11 7 18 17 3 12 9 8 6 16 0 5 4 2 1 10 

0.000000567800 0.001992100000 0.004386700000 0.151240000000 0.019630000000 0.259980000000 0.402200000000 0.789090000000 0.115220000000 0.481000000000 0.566470000000 0.863770000000 0.586070000000 0.854030000000 0.825520000000 0.981970000000 0.324230000000 0.654730000000 0.635440000000 0.900340000000 0.591250000000 0.854590000000 0.819790000000 0.980340000000 0.548920000000 0.833950000000 0.772620000000 0.968010000000 0.752780000000 0.935130000000 0.892500000000 0.998240000000 

0.000000856070 0.004245700000 0.008945400000 0.288710000000 0.038964000000 0.473580000000 0.658170000000 0.973210000000 0.242700000000 0.807880000000 0.908970000000 0.993970000000 0.964790000000 0.995730000000 0.995880000000 0.996090000000 0.769010000000 0.984050000000 0.991710000000 0.996080000000 0.994230000000 0.996110000000 0.996090000000 0.996090000000 0.995150000000 0.996090000000 0.996090000000 0.996100000000 0.996070000000 0.996100000000 0.996100000000 0.996090000000 

N_obs: 640000

File Format:
1- most to least reliable channels (taken entropies)
2- most to least reliable channels (taken error probabilities)
3- channels entropies (flipped)
4- channels error probabilities (flipped)
5- number of MontCarlo simulations
