63 62 61 59 55 47 31 60 57 54 58 53 51 45 46 43 39 30 56 29 52 50 27 49 44 42 41 23 38 37 28 26 35 15 48 25 22 40 21 36 19 14 34 13 24 7 11 33 20 3 17 18 5 9 12 6 10 32 1 16 2 4 8 0 

63 62 61 59 55 47 31 60 57 54 58 53 51 45 46 43 39 30 56 29 52 50 27 49 44 42 41 23 38 37 28 26 35 48 15 25 40 22 21 36 34 19 14 24 33 13 20 11 18 7 17 32 12 10 9 6 5 3 16 8 2 4 0 1 

0.000000000000 0.000000000000 0.000000000000 0.000000000000 0.000000000000 0.000000000000 0.000000000000 0.000008848900 0.000000000000 0.000000000000 0.000000000000 0.000016091000 0.000000000000 0.000042490000 0.000079681000 0.033567000000 0.000000000000 0.000000000001 0.000000000001 0.000127000000 0.000000000039 0.000274700000 0.000621400000 0.075608000000 0.000000144790 0.002057100000 0.004426900000 0.161830000000 0.022282000000 0.291430000000 0.407850000000 0.838770000000 0.000000000000 0.000005423000 0.000012082000 0.008931000000 0.000056379000 0.018982000000 0.039456000000 0.358650000000 0.001280500000 0.072791000000 0.129550000000 0.542710000000 0.230190000000 0.651390000000 0.650330000000 0.943770000000 0.028781000000 0.255790000000 0.331850000000 0.742850000000 0.374670000000 0.764560000000 0.715280000000 0.964930000000 0.366090000000 0.745960000000 0.700650000000 0.962800000000 0.613460000000 0.944670000000 0.855620000000 0.997270000000 

0.000000000000 0.000000000000 0.000000000000 0.000000000000 0.000000000000 0.000000000000 0.000000000000 0.000019040000 0.000000000000 0.000000000000 0.000000000000 0.000045531000 0.000000000000 0.000094756000 0.000190540000 0.072118000000 0.000000000000 0.000000000000 0.000000000000 0.000283820000 0.000000000013 0.000643670000 0.001453000000 0.154960000000 0.000000107460 0.004779500000 0.010261000000 0.312160000000 0.051010000000 0.525110000000 0.710680000000 0.977220000000 0.000000000000 0.000012872000 0.000045060000 0.022350000000 0.000153800000 0.046126000000 0.092759000000 0.634880000000 0.003543400000 0.174890000000 0.297260000000 0.842890000000 0.539760000000 0.939890000000 0.968890000000 0.991980000000 0.090125000000 0.592090000000 0.755720000000 0.977880000000 0.890990000000 0.989240000000 0.990530000000 0.992180000000 0.953460000000 0.991630000000 0.991870000000 0.992180000000 0.991910000000 0.992180000000 0.992210000000 0.992190000000 

N_obs: 320000

File Format:
1- most to least reliable channels (taken entropies)
2- most to least reliable channels (taken error probabilities)
3- channels entropies (flipped)
4- channels error probabilities (flipped)
5- number of MontCarlo simulations
