63 62 31 61 47 59 55 15 23 39 27 7 29 51 43 30 45 53 57 46 60 13 11 54 19 58 35 3 14 25 21 49 37 22 41 26 38 6 28 5 9 17 33 1 50 42 44 52 56 12 10 18 34 2 24 20 48 36 40 4 8 16 32 0 

63 62 61 59 55 60 47 31 58 57 54 53 29 51 11 5 23 49 37 1 15 38 56 34 35 9 28 24 48 33 21 8 22 10 2 32 0 4 16 20 40 44 36 42 52 50 25 18 12 17 46 41 43 6 27 26 3 45 19 14 13 39 7 30 

0.018788000000 0.194500000000 0.262230000000 0.653860000000 0.305860000000 0.673540000000 0.631090000000 0.937030000000 0.312110000000 0.667350000000 0.610910000000 0.926560000000 0.543210000000 0.902390000000 0.822790000000 0.991760000000 0.299740000000 0.644470000000 0.591730000000 0.915820000000 0.556610000000 0.913260000000 0.834300000000 0.993860000000 0.447250000000 0.838900000000 0.825790000000 0.993690000000 0.678500000000 0.971570000000 0.877690000000 0.999560000000 0.249550000000 0.561010000000 0.497910000000 0.868300000000 0.459060000000 0.836260000000 0.764650000000 0.978950000000 0.435050000000 0.826720000000 0.810190000000 0.991320000000 0.673280000000 0.970070000000 0.875490000000 0.999380000000 0.345250000000 0.704550000000 0.657210000000 0.941960000000 0.664140000000 0.967570000000 0.874110000000 0.999270000000 0.473470000000 0.861920000000 0.871030000000 0.999220000000 0.701040000000 0.974910000000 0.885780000000 0.999940000000 

0.070915000000 0.555400000000 0.736420000000 0.975630000000 0.895350000000 0.989490000000 0.990670000000 0.992180000000 0.964790000000 0.991910000000 0.992000000000 0.992190000000 0.992090000000 0.992190000000 0.992150000000 0.992180000000 0.983110000000 0.992200000000 0.992220000000 0.992190000000 0.992210000000 0.992190000000 0.992210000000 0.992190000000 0.992290000000 0.992170000000 0.992160000000 0.992190000000 0.992180000000 0.992180000000 0.992180000000 0.992190000000 0.988640000000 0.992320000000 0.992030000000 0.992180000000 0.992210000000 0.992210000000 0.992200000000 0.992180000000 0.992140000000 0.992190000000 0.992190000000 0.992190000000 0.992230000000 0.992200000000 0.992200000000 0.992190000000 0.992170000000 0.992260000000 0.992260000000 0.992200000000 0.992130000000 0.992190000000 0.992180000000 0.992190000000 0.992310000000 0.992210000000 0.992130000000 0.992190000000 0.992220000000 0.992190000000 0.992170000000 0.992190000000 

N_obs: 320000

File Format:
1- most to least reliable channels (taken entropies)
2- most to least reliable channels (taken error probabilities)
3- channels entropies (flipped)
4- channels error probabilities (flipped)
5- number of MontCarlo simulations
