63 62 61 31 59 47 55 15 23 39 27 7 29 51 43 60 30 45 53 57 58 46 54 13 11 19 35 3 14 25 21 37 22 49 41 38 26 6 28 5 9 17 33 1 50 42 44 52 56 12 10 18 34 2 24 20 48 36 40 4 8 16 32 0 

63 62 61 59 55 60 47 58 57 31 54 53 51 45 39 43 46 29 26 30 15 3 35 41 28 27 49 6 56 13 19 24 23 17 20 36 10 12 48 9 40 2 14 1 16 4 0 8 32 42 34 37 18 44 21 5 52 50 11 33 38 25 22 7 

0.003128900000 0.094170000000 0.158530000000 0.537480000000 0.244710000000 0.615330000000 0.590130000000 0.919740000000 0.290550000000 0.642550000000 0.589780000000 0.917050000000 0.527970000000 0.891940000000 0.815020000000 0.990260000000 0.286770000000 0.626410000000 0.572330000000 0.906740000000 0.531760000000 0.896070000000 0.821110000000 0.991430000000 0.438520000000 0.829320000000 0.809420000000 0.990960000000 0.671140000000 0.969480000000 0.875100000000 0.999370000000 0.244200000000 0.552680000000 0.490240000000 0.863270000000 0.451190000000 0.829510000000 0.759510000000 0.977500000000 0.424890000000 0.814450000000 0.790960000000 0.987710000000 0.664560000000 0.967300000000 0.872430000000 0.999120000000 0.340300000000 0.699790000000 0.652750000000 0.940690000000 0.653280000000 0.963830000000 0.870690000000 0.998960000000 0.470710000000 0.860550000000 0.867010000000 0.998900000000 0.698850000000 0.974840000000 0.885040000000 0.999930000000 

0.011054000000 0.282160000000 0.453960000000 0.914170000000 0.721180000000 0.973560000000 0.984070000000 0.992160000000 0.909750000000 0.990190000000 0.991190000000 0.992200000000 0.991520000000 0.992200000000 0.992160000000 0.992180000000 0.970840000000 0.992090000000 0.992010000000 0.992190000000 0.992070000000 0.992190000000 0.992150000000 0.992190000000 0.992020000000 0.992210000000 0.992190000000 0.992180000000 0.992140000000 0.992190000000 0.992210000000 0.992190000000 0.985120000000 0.992130000000 0.992110000000 0.992160000000 0.992160000000 0.992110000000 0.992210000000 0.992170000000 0.992180000000 0.992220000000 0.992190000000 0.992180000000 0.992170000000 0.992190000000 0.992180000000 0.992190000000 0.992130000000 0.992190000000 0.992170000000 0.992180000000 0.992200000000 0.992180000000 0.992190000000 0.992190000000 0.992230000000 0.992160000000 0.992200000000 0.992190000000 0.992130000000 0.992190000000 0.992190000000 0.992190000000 

N_obs: 320000

File Format:
1- most to least reliable channels (taken entropies)
2- most to least reliable channels (taken error probabilities)
3- channels entropies (flipped)
4- channels error probabilities (flipped)
5- number of MontCarlo simulations
