63 62 61 59 55 60 58 47 57 54 53 31 51 46 56 45 15 43 39 23 27 29 30 52 7 50 11 35 19 49 13 14 37 21 3 41 44 25 38 22 42 26 28 5 9 6 17 33 1 12 48 10 34 18 36 20 40 24 2 4 8 16 32 0 

63 61 62 59 55 60 58 57 47 54 53 51 46 56 31 45 52 43 50 39 30 49 44 29 27 42 23 41 15 38 48 37 35 28 13 14 3 11 22 17 19 26 9 34 24 8 4 16 10 25 0 2 32 33 21 20 12 18 36 1 40 5 6 7 

0.000000000000 0.000000484400 0.000000559310 0.003317500000 0.000004992600 0.007063200000 0.015601000000 0.258440000000 0.000265570000 0.035539000000 0.069927000000 0.438390000000 0.159870000000 0.575600000000 0.602400000000 0.925150000000 0.015253000000 0.197760000000 0.279920000000 0.697720000000 0.344190000000 0.736910000000 0.692710000000 0.957680000000 0.351360000000 0.728280000000 0.681230000000 0.955790000000 0.598620000000 0.936490000000 0.848960000000 0.996280000000 0.136380000000 0.423970000000 0.407680000000 0.798430000000 0.386310000000 0.764330000000 0.705970000000 0.962350000000 0.358350000000 0.731840000000 0.682260000000 0.956330000000 0.600300000000 0.937190000000 0.848310000000 0.996100000000 0.311270000000 0.662240000000 0.610330000000 0.924300000000 0.576520000000 0.925570000000 0.842920000000 0.995250000000 0.452490000000 0.843650000000 0.833340000000 0.994920000000 0.682980000000 0.972590000000 0.879490000000 0.999680000000 

0.000000000000 0.000001915800 0.000000834930 0.008380500000 0.000009495500 0.017244000000 0.037008000000 0.489510000000 0.000780300000 0.085859000000 0.162500000000 0.734300000000 0.377250000000 0.885930000000 0.944450000000 0.991420000000 0.047145000000 0.476950000000 0.656620000000 0.964090000000 0.839890000000 0.986160000000 0.989060000000 0.992200000000 0.936900000000 0.991320000000 0.991630000000 0.992200000000 0.991800000000 0.992180000000 0.992190000000 0.992190000000 0.543640000000 0.938650000000 0.971070000000 0.992010000000 0.983800000000 0.992180000000 0.992190000000 0.992180000000 0.988250000000 0.992150000000 0.992190000000 0.992190000000 0.992180000000 0.992190000000 0.992160000000 0.992190000000 0.990070000000 0.992130000000 0.992120000000 0.992190000000 0.992150000000 0.992190000000 0.992180000000 0.992180000000 0.992330000000 0.992250000000 0.992240000000 0.992190000000 0.992140000000 0.992190000000 0.992200000000 0.992190000000 

N_obs: 320000

File Format:
1- most to least reliable channels (taken entropies)
2- most to least reliable channels (taken error probabilities)
3- channels entropies (flipped)
4- channels error probabilities (flipped)
5- number of MontCarlo simulations
