63 62 61 60 59 58 57 55 54 53 51 47 46 45 43 39 31 30 29 27 23 56 15 50 44 52 49 42 37 38 41 28 35 26 25 21 22 19 14 13 48 40 36 11 34 24 33 20 7 18 17 12 10 9 32 6 5 16 3 8 4 1 2 0 

63 62 61 60 59 58 57 55 54 53 51 47 46 45 43 39 31 30 29 27 23 56 15 50 44 52 49 42 37 38 41 28 35 26 25 21 22 19 14 13 48 40 36 11 34 24 33 20 18 7 17 12 10 9 32 6 5 16 3 8 4 2 1 0 

0.000000000000 0.000000000000 0.000000000000 0.000000000000 0.000000000000 0.000000000000 0.000000000000 0.000000000000 0.000000000000 0.000000000000 0.000000000000 0.000000000000 0.000000000000 0.000000000000 0.000000000000 0.000064927000 0.000000000000 0.000000000000 0.000000000000 0.000000000000 0.000000000000 0.000000000000 0.000000000019 0.000124690000 0.000000000000 0.000000000016 0.000000000002 0.000278220000 0.000000001806 0.000584490000 0.001411600000 0.122380000000 0.000000000000 0.000000000000 0.000000000000 0.000000001724 0.000000000000 0.000000006484 0.000000020095 0.001274700000 0.000000000000 0.000000880710 0.000000185250 0.002664000000 0.000002603800 0.005935700000 0.013735000000 0.273890000000 0.000000000000 0.000025618000 0.000047839000 0.019919000000 0.000283910000 0.042398000000 0.084374000000 0.499910000000 0.005748900000 0.148350000000 0.238040000000 0.689900000000 0.342910000000 0.763850000000 0.731000000000 0.970620000000 

0.000000000000 0.000000000000 0.000000000000 0.000000000000 0.000000000000 0.000000000000 0.000000000000 0.000000000000 0.000000000000 0.000000000000 0.000000000000 0.000000000000 0.000000000000 0.000000000000 0.000000000000 0.000145010000 0.000000000000 0.000000000000 0.000000000000 0.000000000000 0.000000000000 0.000000000000 0.000000000006 0.000324950000 0.000000000000 0.000000000005 0.000000000000 0.000645910000 0.000000000839 0.001321300000 0.003254100000 0.249120000000 0.000000000000 0.000000000000 0.000000000000 0.000000000762 0.000000000000 0.000000003465 0.000000012004 0.003042600000 0.000000000000 0.000001617700 0.000000162770 0.006200700000 0.000003846900 0.013601000000 0.030549000000 0.494220000000 0.000000000000 0.000066168000 0.000113100000 0.045758000000 0.000675880000 0.095040000000 0.180530000000 0.774350000000 0.014996000000 0.321250000000 0.492190000000 0.931630000000 0.734600000000 0.977360000000 0.985520000000 0.992170000000 

N_obs: 320000

File Format:
1- most to least reliable channels (taken entropies)
2- most to least reliable channels (taken error probabilities)
3- channels entropies (flipped)
4- channels error probabilities (flipped)
5- number of MontCarlo simulations
