63 62 61 59 55 60 47 58 31 57 15 54 23 39 27 53 51 29 7 43 45 30 46 11 13 19 35 14 3 56 21 25 37 49 22 41 38 26 50 52 42 28 5 6 9 17 33 44 1 12 10 18 34 24 20 2 36 48 40 4 8 16 32 0 

63 62 61 59 55 60 58 57 47 54 53 31 51 56 46 45 43 52 39 30 50 29 23 49 27 15 44 19 35 26 9 5 41 28 12 1 20 24 11 48 34 4 36 16 38 0 3 17 8 40 32 2 25 37 10 18 42 33 21 6 22 14 13 7 

0.000000009301 0.001226400000 0.002675300000 0.107510000000 0.012933000000 0.200270000000 0.294300000000 0.732530000000 0.075683000000 0.389420000000 0.438850000000 0.828950000000 0.441750000000 0.825660000000 0.764410000000 0.978900000000 0.197940000000 0.529960000000 0.498320000000 0.865540000000 0.463330000000 0.841710000000 0.775510000000 0.981270000000 0.405660000000 0.791880000000 0.753450000000 0.978470000000 0.642890000000 0.958720000000 0.865250000000 0.998420000000 0.222850000000 0.518750000000 0.461300000000 0.842800000000 0.424610000000 0.803770000000 0.738690000000 0.971860000000 0.391420000000 0.774560000000 0.734180000000 0.973530000000 0.634820000000 0.954900000000 0.861620000000 0.997950000000 0.327480000000 0.683900000000 0.634600000000 0.934150000000 0.616720000000 0.947570000000 0.858590000000 0.997560000000 0.462970000000 0.853820000000 0.852430000000 0.997410000000 0.691740000000 0.974170000000 0.882490000000 0.999830000000 

0.000000004622 0.003578400000 0.007469900000 0.256980000000 0.036303000000 0.442930000000 0.626340000000 0.961530000000 0.225520000000 0.780920000000 0.888130000000 0.989110000000 0.950340000000 0.991570000000 0.991840000000 0.992180000000 0.682280000000 0.968320000000 0.982550000000 0.992120000000 0.987830000000 0.992210000000 0.992170000000 0.992190000000 0.989650000000 0.992190000000 0.992190000000 0.992190000000 0.992150000000 0.992180000000 0.992220000000 0.992190000000 0.932060000000 0.991120000000 0.991670000000 0.992170000000 0.992020000000 0.992160000000 0.992190000000 0.992180000000 0.991700000000 0.992240000000 0.992220000000 0.992180000000 0.992120000000 0.992200000000 0.992190000000 0.992190000000 0.992020000000 0.992240000000 0.992240000000 0.992170000000 0.992180000000 0.992200000000 0.992160000000 0.992190000000 0.992290000000 0.992220000000 0.992160000000 0.992180000000 0.992190000000 0.992190000000 0.992180000000 0.992190000000 

N_obs: 320000

File Format:
1- most to least reliable channels (taken entropies)
2- most to least reliable channels (taken error probabilities)
3- channels entropies (flipped)
4- channels error probabilities (flipped)
5- number of MontCarlo simulations
