63 62 61 59 55 60 58 47 57 31 54 53 15 51 23 39 27 43 46 29 45 7 30 56 11 19 13 35 14 3 21 49 25 37 52 41 22 50 38 26 42 28 44 5 6 9 17 33 1 12 10 18 34 20 48 24 36 2 40 4 8 16 32 0 

63 62 61 59 55 60 58 57 47 54 53 51 31 56 46 45 52 43 39 50 30 49 29 27 44 23 15 35 3 42 41 13 37 21 9 38 14 10 18 12 34 40 17 16 36 20 6 32 8 48 0 28 2 4 1 26 19 24 25 11 5 22 33 7 

0.000000000002 0.000094849000 0.000204180000 0.037122000000 0.001300400000 0.077040000000 0.141520000000 0.573670000000 0.017502000000 0.220420000000 0.308600000000 0.734540000000 0.372420000000 0.771600000000 0.725020000000 0.968230000000 0.119510000000 0.439830000000 0.450570000000 0.832600000000 0.434000000000 0.814830000000 0.753170000000 0.975600000000 0.390450000000 0.773160000000 0.729880000000 0.971850000000 0.629460000000 0.952530000000 0.860430000000 0.997860000000 0.204960000000 0.498040000000 0.447490000000 0.831620000000 0.412310000000 0.791840000000 0.729210000000 0.969100000000 0.380110000000 0.759650000000 0.715280000000 0.967710000000 0.622630000000 0.949070000000 0.857100000000 0.997370000000 0.321900000000 0.676240000000 0.626320000000 0.930880000000 0.602130000000 0.940120000000 0.853390000000 0.996840000000 0.459140000000 0.850740000000 0.846120000000 0.996640000000 0.688700000000 0.973690000000 0.881490000000 0.999780000000 

0.000000000001 0.000249580000 0.000593080000 0.092031000000 0.003533700000 0.181850000000 0.317330000000 0.865810000000 0.050631000000 0.491290000000 0.668400000000 0.966610000000 0.843940000000 0.986540000000 0.989280000000 0.992190000000 0.397750000000 0.889980000000 0.948320000000 0.991500000000 0.975580000000 0.992120000000 0.992120000000 0.992180000000 0.984370000000 0.992160000000 0.992140000000 0.992180000000 0.992110000000 0.992180000000 0.992280000000 0.992190000000 0.856190000000 0.987090000000 0.990000000000 0.992190000000 0.991160000000 0.992190000000 0.992200000000 0.992200000000 0.991570000000 0.992240000000 0.992150000000 0.992180000000 0.992200000000 0.992180000000 0.992180000000 0.992180000000 0.991790000000 0.992160000000 0.992130000000 0.992180000000 0.992210000000 0.992170000000 0.992150000000 0.992190000000 0.992300000000 0.992180000000 0.992220000000 0.992190000000 0.992120000000 0.992190000000 0.992190000000 0.992190000000 

N_obs: 320000

File Format:
1- most to least reliable channels (taken entropies)
2- most to least reliable channels (taken error probabilities)
3- channels entropies (flipped)
4- channels error probabilities (flipped)
5- number of MontCarlo simulations
