63 62 61 59 55 47 58 57 54 60 53 51 31 46 45 43 56 39 52 30 50 29 49 44 42 27 41 38 23 37 28 48 15 26 35 25 40 22 7 21 19 11 13 36 14 34 3 33 24 5 17 9 6 20 18 10 12 1 32 2 4 16 8 0 

63 62 61 59 55 47 58 57 54 60 53 51 31 46 45 43 56 39 52 50 30 29 49 44 42 27 41 38 23 37 28 48 26 35 40 15 25 22 36 21 34 19 14 24 33 13 11 20 7 18 17 32 12 10 3 6 9 5 16 2 4 0 8 1 

0.000000000000 0.000000000000 0.000000000000 0.000000000097 0.000000000000 0.000000000007 0.000000000010 0.000259190000 0.000000000000 0.000000000075 0.000000000857 0.000548750000 0.000000002602 0.001215600000 0.002675400000 0.149000000000 0.000000000000 0.000001033200 0.000001248500 0.004305400000 0.000007269700 0.009308500000 0.020190000000 0.301530000000 0.000393330000 0.045753000000 0.088226000000 0.494170000000 0.192550000000 0.630270000000 0.647390000000 0.943730000000 0.000000040896 0.001019200000 0.002162300000 0.096260000000 0.009890700000 0.176950000000 0.266960000000 0.707190000000 0.056117000000 0.346050000000 0.410110000000 0.810670000000 0.429960000000 0.818170000000 0.760480000000 0.977790000000 0.164060000000 0.497590000000 0.484510000000 0.856370000000 0.456640000000 0.836680000000 0.772520000000 0.980510000000 0.402690000000 0.788640000000 0.749960000000 0.977740000000 0.642640000000 0.958630000000 0.865890000000 0.998510000000 

0.000000000000 0.000000000000 0.000000000000 0.000000000033 0.000000000000 0.000000000002 0.000000000003 0.000618790000 0.000000000000 0.000000000024 0.000000000379 0.001269400000 0.000000001131 0.002705800000 0.005963200000 0.288750000000 0.000000000000 0.000001393300 0.000004495900 0.010021000000 0.000016279000 0.021260000000 0.044510000000 0.529070000000 0.000997550000 0.102970000000 0.190360000000 0.771130000000 0.426710000000 0.909870000000 0.956530000000 0.991730000000 0.000000030375 0.002942100000 0.005897400000 0.227780000000 0.027724000000 0.393280000000 0.569410000000 0.948360000000 0.164640000000 0.710200000000 0.840350000000 0.985870000000 0.927190000000 0.990910000000 0.991380000000 0.992180000000 0.547600000000 0.940190000000 0.970680000000 0.991990000000 0.982960000000 0.992090000000 0.992150000000 0.992190000000 0.987360000000 0.992130000000 0.992170000000 0.992180000000 0.992100000000 0.992180000000 0.992200000000 0.992190000000 

N_obs: 320000

File Format:
1- most to least reliable channels (taken entropies)
2- most to least reliable channels (taken error probabilities)
3- channels entropies (flipped)
4- channels error probabilities (flipped)
5- number of MontCarlo simulations
