63 62 61 31 59 47 55 15 23 39 27 7 29 51 43 30 45 53 57 60 46 13 58 54 11 19 35 3 14 25 21 49 37 22 41 26 38 6 28 5 9 17 33 1 50 42 44 52 56 12 10 18 34 2 24 20 48 36 40 4 8 16 32 0 

63 62 61 59 55 60 47 58 31 57 54 53 51 15 27 46 39 45 9 14 29 50 48 52 56 40 12 33 2 20 34 24 4 36 16 8 49 32 0 11 18 17 10 41 5 25 3 7 1 44 21 37 43 6 23 22 42 35 28 19 26 13 38 30 

0.011337000000 0.159730000000 0.231260000000 0.621550000000 0.290280000000 0.658330000000 0.620050000000 0.932570000000 0.306680000000 0.660470000000 0.604810000000 0.923950000000 0.538840000000 0.899540000000 0.820510000000 0.991350000000 0.295340000000 0.639140000000 0.585800000000 0.913060000000 0.548740000000 0.907830000000 0.830100000000 0.993130000000 0.444810000000 0.836030000000 0.820740000000 0.992910000000 0.676320000000 0.970980000000 0.876910000000 0.999510000000 0.248150000000 0.558820000000 0.496140000000 0.866580000000 0.456640000000 0.834320000000 0.763050000000 0.978500000000 0.432320000000 0.822920000000 0.804100000000 0.990230000000 0.670490000000 0.969250000000 0.874490000000 0.999300000000 0.343150000000 0.702890000000 0.656020000000 0.941640000000 0.660770000000 0.966520000000 0.873070000000 0.999180000000 0.472740000000 0.861720000000 0.869760000000 0.999130000000 0.700220000000 0.974950000000 0.885540000000 0.999940000000 

0.042300000000 0.465110000000 0.654630000000 0.963580000000 0.854470000000 0.987010000000 0.989560000000 0.992180000000 0.953400000000 0.991570000000 0.991860000000 0.992180000000 0.991950000000 0.992170000000 0.992190000000 0.992170000000 0.980190000000 0.992130000000 0.992140000000 0.992190000000 0.992210000000 0.992210000000 0.992190000000 0.992180000000 0.992130000000 0.992250000000 0.992200000000 0.992190000000 0.992220000000 0.992190000000 0.992180000000 0.992190000000 0.987700000000 0.992270000000 0.992170000000 0.992220000000 0.992130000000 0.992230000000 0.992190000000 0.992190000000 0.992210000000 0.992210000000 0.992200000000 0.992180000000 0.992220000000 0.992190000000 0.992190000000 0.992190000000 0.992110000000 0.992160000000 0.992240000000 0.992180000000 0.992190000000 0.992190000000 0.992140000000 0.992190000000 0.992190000000 0.992210000000 0.992190000000 0.992190000000 0.992190000000 0.992180000000 0.992190000000 0.992190000000 

N_obs: 320000

File Format:
1- most to least reliable channels (taken entropies)
2- most to least reliable channels (taken error probabilities)
3- channels entropies (flipped)
4- channels error probabilities (flipped)
5- number of MontCarlo simulations
