63 62 61 59 55 60 58 47 57 54 53 51 46 31 56 45 52 43 39 15 30 50 23 29 27 49 7 44 11 35 19 13 42 41 37 14 21 38 3 25 22 26 28 5 9 33 6 17 48 1 10 34 12 18 40 36 20 24 2 4 8 32 16 0 

63 62 61 59 55 60 58 47 57 54 53 51 46 56 31 45 52 43 50 49 30 39 44 29 42 27 41 23 38 48 15 37 28 35 26 40 25 22 19 7 17 21 36 11 34 13 1 5 2 24 4 32 16 20 8 0 12 3 9 10 14 18 33 6 

0.000000000000 0.000000000008 0.000000002435 0.000297960000 0.000000007337 0.000627720000 0.001374400000 0.098327000000 0.000001030500 0.004089300000 0.008698700000 0.198040000000 0.035145000000 0.331550000000 0.433050000000 0.845190000000 0.000765350000 0.055933000000 0.103700000000 0.487330000000 0.198600000000 0.603840000000 0.607210000000 0.925820000000 0.284290000000 0.665710000000 0.629220000000 0.935660000000 0.565230000000 0.917080000000 0.835280000000 0.994070000000 0.057101000000 0.306020000000 0.345670000000 0.740600000000 0.354900000000 0.730860000000 0.677700000000 0.953400000000 0.339520000000 0.706620000000 0.654160000000 0.945710000000 0.580260000000 0.925720000000 0.839910000000 0.994740000000 0.300900000000 0.648170000000 0.594720000000 0.917640000000 0.555750000000 0.912590000000 0.833230000000 0.993590000000 0.445570000000 0.836960000000 0.821490000000 0.993100000000 0.677570000000 0.971340000000 0.877660000000 0.999560000000 

0.000000000000 0.000000000003 0.000000001224 0.000708350000 0.000000004709 0.001488000000 0.003342400000 0.206380000000 0.000000910890 0.009938300000 0.020881000000 0.386400000000 0.084078000000 0.600400000000 0.764370000000 0.981220000000 0.002196600000 0.144240000000 0.254270000000 0.811950000000 0.497250000000 0.927840000000 0.963020000000 0.991850000000 0.775680000000 0.980720000000 0.987170000000 0.992160000000 0.989200000000 0.992170000000 0.992200000000 0.992190000000 0.214630000000 0.767630000000 0.882730000000 0.988620000000 0.951630000000 0.991630000000 0.991900000000 0.992180000000 0.977480000000 0.991980000000 0.992160000000 0.992190000000 0.992060000000 0.992200000000 0.992150000000 0.992190000000 0.985350000000 0.992200000000 0.992170000000 0.992190000000 0.992170000000 0.992200000000 0.992190000000 0.992190000000 0.992070000000 0.992220000000 0.992180000000 0.992180000000 0.992190000000 0.992180000000 0.992180000000 0.992190000000 

N_obs: 320000

File Format:
1- most to least reliable channels (taken entropies)
2- most to least reliable channels (taken error probabilities)
3- channels entropies (flipped)
4- channels error probabilities (flipped)
5- number of MontCarlo simulations
