63 62 61 60 59 58 57 55 54 47 31 53 51 46 45 43 39 29 30 56 27 52 50 49 44 42 23 41 38 37 28 26 35 15 25 48 22 40 21 36 19 14 34 24 13 33 11 7 20 18 17 3 12 9 5 10 6 32 1 16 2 8 4 0 

63 62 61 60 59 58 57 55 54 47 31 53 51 46 45 43 39 29 30 56 27 52 50 49 44 42 23 41 38 37 28 35 26 15 25 48 22 40 21 36 19 34 14 24 33 13 20 11 18 7 17 12 32 10 9 6 16 5 3 8 2 1 4 0 

0.000000000000 0.000000000000 0.000000000000 0.000000000000 0.000000000000 0.000000000000 0.000000000000 0.000000419700 0.000000000000 0.000000000000 0.000000000000 0.000001612700 0.000000000000 0.000005728900 0.000008027800 0.013111000000 0.000000000000 0.000000000000 0.000000000000 0.000014633000 0.000000000000 0.000033652000 0.000069703000 0.029566000000 0.000000000006 0.000233820000 0.000546770000 0.067190000000 0.003591600000 0.140820000000 0.243690000000 0.730950000000 0.000000000000 0.000000062587 0.000000060012 0.001647400000 0.000000803000 0.003544200000 0.007501400000 0.189650000000 0.000056130000 0.017611000000 0.035860000000 0.337600000000 0.098547000000 0.482200000000 0.543800000000 0.900010000000 0.004635600000 0.120030000000 0.193200000000 0.611550000000 0.284070000000 0.687580000000 0.662610000000 0.947440000000 0.328130000000 0.707870000000 0.665120000000 0.950340000000 0.591080000000 0.932500000000 0.847180000000 0.996060000000 

0.000000000000 0.000000000000 0.000000000000 0.000000000000 0.000000000000 0.000000000000 0.000000000000 0.000000310130 0.000000000000 0.000000000000 0.000000000000 0.000001557700 0.000000000000 0.000018226000 0.000020821000 0.028920000000 0.000000000000 0.000000000000 0.000000000000 0.000032311000 0.000000000000 0.000073130000 0.000148600000 0.063738000000 0.000000000002 0.000554430000 0.001248900000 0.139250000000 0.008337800000 0.277010000000 0.456510000000 0.935600000000 0.000000000000 0.000000057375 0.000000047636 0.004115000000 0.000001099200 0.008677500000 0.017957000000 0.376480000000 0.000146940000 0.043285000000 0.084841000000 0.607140000000 0.235720000000 0.796610000000 0.895280000000 0.989700000000 0.013942000000 0.299000000000 0.462050000000 0.915710000000 0.700340000000 0.970800000000 0.982340000000 0.992160000000 0.878630000000 0.988690000000 0.990370000000 0.992180000000 0.991100000000 0.992170000000 0.992180000000 0.992190000000 

N_obs: 320000

File Format:
1- most to least reliable channels (taken entropies)
2- most to least reliable channels (taken error probabilities)
3- channels entropies (flipped)
4- channels error probabilities (flipped)
5- number of MontCarlo simulations
