63 62 61 60 59 58 57 56 55 54 53 52 51 50 49 47 46 45 44 43 42 41 39 38 37 35 31 30 29 28 27 25 23 15 26 22 19 13 14 21 11 7 48 40 36 34 24 33 20 18 17 12 10 9 6 5 32 3 16 8 4 2 1 0 

63 62 61 60 59 58 57 56 55 54 53 52 51 50 49 47 46 45 44 43 42 41 39 38 37 35 31 30 29 28 27 25 23 15 26 22 19 13 14 21 11 7 48 40 34 36 24 33 20 18 17 12 10 9 6 5 32 3 16 8 4 2 1 0 

0.000000000000 0.000000000000 0.000000000000 0.000000000000 0.000000000000 0.000000000000 0.000000000000 0.000000000000 0.000000000000 0.000000000000 0.000000000000 0.000000000000 0.000000000000 0.000000000000 0.000000000000 0.000000046292 0.000000000000 0.000000000000 0.000000000000 0.000000000000 0.000000000000 0.000000000000 0.000000000000 0.000000384090 0.000000000000 0.000000000000 0.000000000000 0.000000598880 0.000000000000 0.000000901520 0.000002426200 0.007114200000 0.000000000000 0.000000000000 0.000000000000 0.000000000000 0.000000000000 0.000000000000 0.000000000000 0.000001252700 0.000000000000 0.000000000000 0.000000000000 0.000003134100 0.000000000000 0.000005704200 0.000017605000 0.016260000000 0.000000000000 0.000000000000 0.000000000000 0.000025495000 0.000000000000 0.000054264000 0.000124780000 0.039335000000 0.000000000514 0.000521620000 0.001130700000 0.093760000000 0.007891900000 0.194690000000 0.314360000000 0.786350000000 

0.000000000000 0.000000000000 0.000000000000 0.000000000000 0.000000000000 0.000000000000 0.000000000000 0.000000000000 0.000000000000 0.000000000000 0.000000000000 0.000000000000 0.000000000000 0.000000000000 0.000000000000 0.000000034351 0.000000000000 0.000000000000 0.000000000000 0.000000000000 0.000000000000 0.000000000000 0.000000000000 0.000000520040 0.000000000000 0.000000000000 0.000000000000 0.000001197100 0.000000000000 0.000001136500 0.000006447100 0.016675000000 0.000000000000 0.000000000000 0.000000000000 0.000000000000 0.000000000000 0.000000000000 0.000000000000 0.000002984300 0.000000000000 0.000000000000 0.000000000000 0.000007291800 0.000000000000 0.000015042000 0.000042219000 0.037384000000 0.000000000000 0.000000000000 0.000000000000 0.000058398000 0.000000000000 0.000122340000 0.000298290000 0.086338000000 0.000000000216 0.001231100000 0.002705100000 0.194550000000 0.018578000000 0.375820000000 0.578440000000 0.961670000000 

N_obs: 320000

File Format:
1- most to least reliable channels (taken entropies)
2- most to least reliable channels (taken error probabilities)
3- channels entropies (flipped)
4- channels error probabilities (flipped)
5- number of MontCarlo simulations
