63 62 31 61 47 55 59 15 23 39 27 7 29 51 30 43 45 53 57 46 13 11 54 19 60 35 58 3 14 25 21 49 22 37 26 41 38 6 28 5 9 17 33 1 50 42 44 52 56 12 10 18 34 2 24 48 20 36 40 4 8 16 32 0 

63 62 61 59 55 60 47 31 58 57 54 53 27 45 51 26 46 17 50 49 52 9 25 30 23 33 37 21 5 2 4 18 32 34 56 0 8 44 24 40 36 16 7 42 20 48 10 3 28 12 1 6 41 35 38 11 22 29 15 39 19 14 43 13 

0.028433000000 0.227740000000 0.288220000000 0.679460000000 0.317590000000 0.685070000000 0.640590000000 0.940660000000 0.316560000000 0.672560000000 0.615840000000 0.928750000000 0.546700000000 0.904910000000 0.824650000000 0.992110000000 0.302900000000 0.649930000000 0.597580000000 0.918390000000 0.564800000000 0.918290000000 0.838120000000 0.994520000000 0.449960000000 0.841440000000 0.830390000000 0.994400000000 0.680660000000 0.972090000000 0.878420000000 0.999610000000 0.251130000000 0.563890000000 0.499780000000 0.869610000000 0.460440000000 0.837930000000 0.766300000000 0.979480000000 0.439080000000 0.830310000000 0.815790000000 0.992270000000 0.675560000000 0.970810000000 0.876370000000 0.999450000000 0.345790000000 0.705460000000 0.658130000000 0.942310000000 0.667260000000 0.968560000000 0.875110000000 0.999350000000 0.474360000000 0.862490000000 0.872180000000 0.999310000000 0.701650000000 0.974980000000 0.886000000000 0.999950000000 

0.109170000000 0.636120000000 0.800430000000 0.982450000000 0.923590000000 0.990820000000 0.991290000000 0.992190000000 0.972190000000 0.991990000000 0.992050000000 0.992170000000 0.992110000000 0.992160000000 0.992170000000 0.992200000000 0.985430000000 0.992140000000 0.992060000000 0.992190000000 0.992260000000 0.992190000000 0.992220000000 0.992190000000 0.992240000000 0.992220000000 0.992180000000 0.992190000000 0.992220000000 0.992190000000 0.992180000000 0.992190000000 0.989300000000 0.992180000000 0.992230000000 0.992200000000 0.992060000000 0.992140000000 0.992180000000 0.992190000000 0.992180000000 0.992220000000 0.992180000000 0.992190000000 0.992250000000 0.992190000000 0.992160000000 0.992190000000 0.992240000000 0.992250000000 0.992270000000 0.992210000000 0.992220000000 0.992200000000 0.992170000000 0.992190000000 0.992190000000 0.992210000000 0.992190000000 0.992190000000 0.992200000000 0.992190000000 0.992210000000 0.992190000000 

N_obs: 320000

File Format:
1- most to least reliable channels (taken entropies)
2- most to least reliable channels (taken error probabilities)
3- channels entropies (flipped)
4- channels error probabilities (flipped)
5- number of MontCarlo simulations
