63 62 61 59 55 47 58 57 60 54 53 51 31 46 45 43 56 52 39 50 30 49 29 44 42 27 41 38 23 28 37 15 48 35 26 25 7 40 19 11 22 21 13 14 3 36 33 34 5 17 9 6 24 18 10 20 1 12 2 32 4 16 8 0 

63 62 61 59 55 47 58 57 60 54 53 51 31 46 45 43 56 52 39 50 30 49 44 29 42 27 41 38 23 37 28 48 26 35 40 15 25 22 36 21 34 19 14 33 24 13 11 7 20 18 17 32 10 5 2 12 4 6 16 0 8 1 9 3 

0.000000000000 0.000000000000 0.000000000000 0.000000004917 0.000000000000 0.000000000717 0.000000004840 0.001028000000 0.000000000000 0.000000306850 0.000000719270 0.002277700000 0.000001250800 0.005055100000 0.011306000000 0.258490000000 0.000000000000 0.000016425000 0.000026860000 0.016209000000 0.000162120000 0.034104000000 0.069506000000 0.467790000000 0.003780200000 0.124390000000 0.206080000000 0.656770000000 0.313640000000 0.740730000000 0.714140000000 0.965280000000 0.000007312600 0.006294000000 0.013246000000 0.204150000000 0.045102000000 0.326050000000 0.404390000000 0.813140000000 0.134840000000 0.482910000000 0.497930000000 0.867590000000 0.477380000000 0.854750000000 0.787940000000 0.984380000000 0.222710000000 0.557810000000 0.519220000000 0.878400000000 0.480510000000 0.857140000000 0.788980000000 0.984430000000 0.414070000000 0.802030000000 0.767800000000 0.982320000000 0.651910000000 0.962700000000 0.869090000000 0.998850000000 

0.000000000000 0.000000000000 0.000000000000 0.000000002448 0.000000000000 0.000000000294 0.000000002308 0.002289000000 0.000000000000 0.000000321580 0.000000845960 0.005142300000 0.000001297500 0.011329000000 0.024539000000 0.463980000000 0.000000000000 0.000036317000 0.000068526000 0.036616000000 0.000386870000 0.075680000000 0.147580000000 0.735970000000 0.009688000000 0.269670000000 0.428740000000 0.910930000000 0.677700000000 0.969690000000 0.982260000000 0.992140000000 0.000021575000 0.018249000000 0.037487000000 0.450600000000 0.126340000000 0.659470000000 0.803850000000 0.983130000000 0.403340000000 0.889230000000 0.945470000000 0.991460000000 0.971910000000 0.992070000000 0.992070000000 0.992180000000 0.758020000000 0.978200000000 0.986250000000 0.992180000000 0.989310000000 0.992140000000 0.992200000000 0.992190000000 0.990430000000 0.992180000000 0.992170000000 0.992180000000 0.992230000000 0.992180000000 0.992190000000 0.992190000000 

N_obs: 320000

File Format:
1- most to least reliable channels (taken entropies)
2- most to least reliable channels (taken error probabilities)
3- channels entropies (flipped)
4- channels error probabilities (flipped)
5- number of MontCarlo simulations
