63 62 61 59 55 60 58 47 57 54 53 51 31 46 56 45 43 15 52 39 23 27 30 29 7 50 49 11 35 19 13 44 14 41 37 21 3 42 25 38 22 26 28 5 9 6 33 17 1 48 10 12 34 18 40 36 20 24 2 4 8 32 16 0 

63 62 61 59 55 60 58 57 47 54 53 51 46 56 31 45 52 43 50 30 49 39 44 29 42 27 41 23 15 38 48 37 35 28 26 21 25 3 13 7 17 40 12 22 11 18 20 4 0 8 10 16 1 32 6 34 24 5 2 36 14 9 33 19 

0.000000000000 0.000000000301 0.000000071181 0.001093400000 0.000000605180 0.002279300000 0.005081600000 0.167700000000 0.000021410000 0.013433000000 0.028071000000 0.312150000000 0.085346000000 0.461610000000 0.529860000000 0.893600000000 0.004167600000 0.116380000000 0.189230000000 0.606620000000 0.281670000000 0.684010000000 0.657290000000 0.945360000000 0.325860000000 0.702500000000 0.658370000000 0.947230000000 0.583980000000 0.928120000000 0.843040000000 0.995360000000 0.097352000000 0.374410000000 0.383450000000 0.775780000000 0.373020000000 0.750280000000 0.693900000000 0.958550000000 0.349930000000 0.719820000000 0.669100000000 0.951440000000 0.590950000000 0.932010000000 0.844490000000 0.995490000000 0.306230000000 0.655920000000 0.602950000000 0.921210000000 0.566790000000 0.919410000000 0.838440000000 0.994500000000 0.448820000000 0.840660000000 0.827810000000 0.994090000000 0.680790000000 0.972050000000 0.878640000000 0.999630000000 

0.000000000000 0.000000000101 0.000000057298 0.002672300000 0.000000709240 0.005561400000 0.012187000000 0.337290000000 0.000049260000 0.032808000000 0.066344000000 0.567510000000 0.202900000000 0.771080000000 0.881830000000 0.989070000000 0.012581000000 0.291640000000 0.456790000000 0.914670000000 0.699680000000 0.970970000000 0.982530000000 0.992170000000 0.881970000000 0.988930000000 0.990470000000 0.992200000000 0.991130000000 0.992190000000 0.992230000000 0.992190000000 0.378280000000 0.878630000000 0.943690000000 0.991390000000 0.974500000000 0.992040000000 0.992080000000 0.992200000000 0.984690000000 0.992180000000 0.992080000000 0.992180000000 0.992240000000 0.992180000000 0.992170000000 0.992190000000 0.988340000000 0.992210000000 0.992150000000 0.992180000000 0.992180000000 0.992190000000 0.992220000000 0.992190000000 0.992160000000 0.992190000000 0.992200000000 0.992190000000 0.992120000000 0.992200000000 0.992190000000 0.992190000000 

N_obs: 320000

File Format:
1- most to least reliable channels (taken entropies)
2- most to least reliable channels (taken error probabilities)
3- channels entropies (flipped)
4- channels error probabilities (flipped)
5- number of MontCarlo simulations
