63 62 61 59 55 60 31 47 15 58 23 39 57 27 7 29 51 43 53 54 45 30 46 11 13 19 35 14 3 25 21 37 49 22 41 38 26 56 28 50 6 5 42 9 17 33 52 44 1 12 10 18 34 24 2 20 36 48 40 4 8 16 32 0 

63 62 61 59 60 55 58 57 47 54 31 53 51 56 46 45 43 39 52 30 29 15 11 14 25 49 50 38 13 19 6 17 27 42 5 44 20 26 7 36 1 9 18 24 16 32 40 4 0 8 48 10 22 2 33 12 37 35 34 41 23 28 21 3 

0.000007405000 0.007398700000 0.015783000000 0.221640000000 0.055449000000 0.355020000000 0.426890000000 0.828250000000 0.163220000000 0.516210000000 0.512120000000 0.875220000000 0.479760000000 0.855610000000 0.787600000000 0.984420000000 0.244700000000 0.576040000000 0.527490000000 0.883260000000 0.485490000000 0.860930000000 0.791870000000 0.985180000000 0.417670000000 0.805520000000 0.772600000000 0.983320000000 0.653620000000 0.963060000000 0.868820000000 0.998810000000 0.231940000000 0.531760000000 0.472290000000 0.850450000000 0.434280000000 0.813020000000 0.746370000000 0.973940000000 0.402300000000 0.787940000000 0.752150000000 0.978580000000 0.644820000000 0.959560000000 0.865360000000 0.998400000000 0.331580000000 0.689110000000 0.641270000000 0.936540000000 0.629160000000 0.953630000000 0.862930000000 0.998100000000 0.465400000000 0.856280000000 0.857600000000 0.997980000000 0.694440000000 0.974450000000 0.883370000000 0.999870000000 

0.000024927000 0.021582000000 0.045345000000 0.493270000000 0.158750000000 0.711570000000 0.845300000000 0.986740000000 0.500600000000 0.927430000000 0.965030000000 0.991860000000 0.980260000000 0.992140000000 0.992130000000 0.992190000000 0.850740000000 0.986880000000 0.989860000000 0.992180000000 0.990980000000 0.992170000000 0.992210000000 0.992190000000 0.991390000000 0.992140000000 0.992210000000 0.992180000000 0.992210000000 0.992210000000 0.992200000000 0.992190000000 0.962890000000 0.991870000000 0.991940000000 0.992220000000 0.992170000000 0.992180000000 0.992120000000 0.992180000000 0.992220000000 0.992200000000 0.992220000000 0.992180000000 0.992160000000 0.992180000000 0.992160000000 0.992190000000 0.992080000000 0.992090000000 0.992150000000 0.992200000000 0.992090000000 0.992190000000 0.992180000000 0.992190000000 0.992180000000 0.992160000000 0.992170000000 0.992190000000 0.992240000000 0.992200000000 0.992180000000 0.992190000000 

N_obs: 320000

File Format:
1- most to least reliable channels (taken entropies)
2- most to least reliable channels (taken error probabilities)
3- channels entropies (flipped)
4- channels error probabilities (flipped)
5- number of MontCarlo simulations
