63 62 61 60 59 58 57 55 54 53 51 47 46 45 43 39 31 30 29 27 23 52 56 50 42 49 44 41 38 15 37 35 28 26 25 22 21 19 48 14 40 13 36 34 11 24 33 20 18 7 17 12 10 32 9 6 5 3 16 8 1 4 2 0 

63 62 61 60 59 58 57 55 54 53 51 47 46 45 43 39 31 30 29 27 23 52 56 50 42 49 44 41 38 15 28 35 37 25 26 22 21 19 48 14 40 13 36 34 11 24 33 20 18 7 17 12 10 32 9 6 16 5 3 8 4 2 1 0 

0.000000000000 0.000000000000 0.000000000000 0.000000000000 0.000000000000 0.000000000000 0.000000000000 0.000000000001 0.000000000000 0.000000000000 0.000000000000 0.000000000001 0.000000000000 0.000000000006 0.000000000303 0.000303610000 0.000000000000 0.000000000000 0.000000000000 0.000000000405 0.000000000000 0.000000000091 0.000000000709 0.000631460000 0.000000000000 0.000000005390 0.000000332300 0.001433600000 0.000000456340 0.003279500000 0.007895000000 0.239280000000 0.000000000000 0.000000000000 0.000000000000 0.000000457160 0.000000000000 0.000001736200 0.000003057800 0.006442300000 0.000000000000 0.000008928300 0.000018954000 0.014180000000 0.000120440000 0.031267000000 0.066126000000 0.474310000000 0.000000005856 0.000527160000 0.001117800000 0.079239000000 0.005602300000 0.152130000000 0.245150000000 0.706700000000 0.043855000000 0.336000000000 0.419680000000 0.825190000000 0.453120000000 0.841780000000 0.783200000000 0.983750000000 

0.000000000000 0.000000000000 0.000000000000 0.000000000000 0.000000000000 0.000000000000 0.000000000000 0.000000000000 0.000000000000 0.000000000000 0.000000000000 0.000000000000 0.000000000000 0.000000000002 0.000000000129 0.000698220000 0.000000000000 0.000000000000 0.000000000000 0.000000000180 0.000000000000 0.000000000030 0.000000000296 0.001477700000 0.000000000000 0.000000002774 0.000000542280 0.003343800000 0.000000468680 0.007497800000 0.017477000000 0.442620000000 0.000000000000 0.000000000000 0.000000000000 0.000000434990 0.000000000000 0.000007126100 0.000006041300 0.015066000000 0.000000000000 0.000027609000 0.000044550000 0.032204000000 0.000330980000 0.069519000000 0.140050000000 0.743920000000 0.000000003353 0.001262200000 0.002932200000 0.174240000000 0.014264000000 0.316790000000 0.487990000000 0.933020000000 0.116530000000 0.652320000000 0.803290000000 0.983600000000 0.913780000000 0.990560000000 0.991170000000 0.992190000000 

N_obs: 320000

File Format:
1- most to least reliable channels (taken entropies)
2- most to least reliable channels (taken error probabilities)
3- channels entropies (flipped)
4- channels error probabilities (flipped)
5- number of MontCarlo simulations
