63 62 61 60 59 58 57 55 54 53 51 47 46 45 43 39 31 29 30 27 56 23 52 50 44 42 49 41 38 37 15 28 35 26 25 22 21 48 19 40 36 14 13 34 24 33 11 20 18 7 17 12 10 32 9 3 6 5 16 1 8 2 4 0 

63 62 61 60 59 58 57 55 54 53 51 47 46 45 43 39 31 29 30 27 56 23 52 50 44 42 49 41 38 37 15 35 28 26 25 22 21 48 19 40 36 14 13 34 24 33 11 20 18 7 17 12 10 32 9 6 16 5 3 8 4 2 1 0 

0.000000000000 0.000000000000 0.000000000000 0.000000000000 0.000000000000 0.000000000000 0.000000000000 0.000000000045 0.000000000000 0.000000000000 0.000000000000 0.000000000758 0.000000000000 0.000000000886 0.000000118020 0.001282800000 0.000000000000 0.000000000000 0.000000000000 0.000000019298 0.000000000000 0.000000099907 0.000000665180 0.002729300000 0.000000000000 0.000001971100 0.000002240800 0.006126800000 0.000018530000 0.014696000000 0.034476000000 0.400770000000 0.000000000000 0.000000000000 0.000000000000 0.000017258000 0.000000000000 0.000026404000 0.000064951000 0.025463000000 0.000000000080 0.000213390000 0.000421960000 0.055219000000 0.002522300000 0.112680000000 0.197860000000 0.671930000000 0.000004243700 0.006128400000 0.012731000000 0.217560000000 0.044691000000 0.347130000000 0.437160000000 0.841920000000 0.142140000000 0.520240000000 0.542720000000 0.895200000000 0.517160000000 0.886710000000 0.814960000000 0.990450000000 

0.000000000000 0.000000000000 0.000000000000 0.000000000000 0.000000000000 0.000000000000 0.000000000000 0.000000000014 0.000000000000 0.000000000000 0.000000000000 0.000000000301 0.000000000000 0.000000000339 0.000000137370 0.002872700000 0.000000000000 0.000000000000 0.000000000000 0.000000012211 0.000000000000 0.000000070223 0.000001382600 0.006306200000 0.000000000000 0.000002928600 0.000004763300 0.013803000000 0.000036759000 0.032503000000 0.073044000000 0.657460000000 0.000000000000 0.000000000000 0.000000000000 0.000044750000 0.000000000000 0.000070468000 0.000174330000 0.057608000000 0.000000000030 0.000537440000 0.001028100000 0.120060000000 0.006094800000 0.234080000000 0.390880000000 0.907560000000 0.000013383000 0.015762000000 0.032063000000 0.436790000000 0.112670000000 0.644460000000 0.793700000000 0.982810000000 0.383650000000 0.885060000000 0.945140000000 0.991470000000 0.972060000000 0.992020000000 0.992080000000 0.992190000000 

N_obs: 320000

File Format:
1- most to least reliable channels (taken entropies)
2- most to least reliable channels (taken error probabilities)
3- channels entropies (flipped)
4- channels error probabilities (flipped)
5- number of MontCarlo simulations
