63 62 61 59 55 47 60 58 57 54 53 51 31 46 45 43 56 52 50 39 30 49 44 29 42 27 41 23 38 15 37 28 48 35 7 26 11 25 19 13 21 22 14 40 3 33 36 5 9 17 34 6 1 10 24 18 12 20 2 32 4 8 16 0 

63 62 61 59 55 47 60 58 57 54 53 51 46 31 45 43 56 52 50 39 30 49 44 29 42 27 41 38 48 23 37 28 35 26 40 15 25 22 36 21 19 34 14 33 13 24 11 7 9 20 3 1 10 17 18 32 2 16 0 4 8 12 5 6 

0.000000000000 0.000000000000 0.000000000000 0.000000019552 0.000000000000 0.000000107980 0.000000533510 0.003534900000 0.000000000000 0.000001612800 0.000005106500 0.007663100000 0.000028441000 0.017006000000 0.037665000000 0.395510000000 0.000000000003 0.000161390000 0.000324840000 0.047540000000 0.001793300000 0.095460000000 0.168860000000 0.628210000000 0.020577000000 0.249600000000 0.344870000000 0.774770000000 0.409050000000 0.810050000000 0.758990000000 0.977630000000 0.000144060000 0.024949000000 0.049457000000 0.345130000000 0.118590000000 0.473970000000 0.507430000000 0.876530000000 0.216670000000 0.577490000000 0.552980000000 0.898890000000 0.509430000000 0.879240000000 0.806160000000 0.988340000000 0.257140000000 0.592600000000 0.542640000000 0.891740000000 0.499820000000 0.872350000000 0.801680000000 0.987290000000 0.423610000000 0.812540000000 0.782720000000 0.985740000000 0.659430000000 0.965590000000 0.871640000000 0.999080000000 

0.000000000000 0.000000000000 0.000000000000 0.000000010070 0.000000000000 0.000000075712 0.000002272400 0.007914900000 0.000000000000 0.000002433000 0.000011694000 0.017174000000 0.000070828000 0.037529000000 0.079789000000 0.648290000000 0.000000000001 0.000404600000 0.000840690000 0.105720000000 0.004423000000 0.203750000000 0.343880000000 0.881140000000 0.054160000000 0.507820000000 0.683700000000 0.970060000000 0.852690000000 0.987450000000 0.989690000000 0.992180000000 0.000483450000 0.072935000000 0.138650000000 0.686640000000 0.334830000000 0.855330000000 0.926990000000 0.990820000000 0.657490000000 0.963170000000 0.979680000000 0.992160000000 0.986190000000 0.992180000000 0.992180000000 0.992190000000 0.882180000000 0.988840000000 0.990460000000 0.992190000000 0.991090000000 0.992180000000 0.992140000000 0.992190000000 0.991520000000 0.992260000000 0.992200000000 0.992190000000 0.992170000000 0.992180000000 0.992170000000 0.992190000000 

N_obs: 320000

File Format:
1- most to least reliable channels (taken entropies)
2- most to least reliable channels (taken error probabilities)
3- channels entropies (flipped)
4- channels error probabilities (flipped)
5- number of MontCarlo simulations
