63 62 61 59 55 31 47 15 60 23 39 27 7 29 58 51 43 57 30 45 53 54 46 11 13 19 35 14 3 25 21 37 22 49 41 38 26 28 6 5 9 17 33 50 42 56 1 44 52 12 10 18 34 2 24 20 36 48 40 4 8 16 32 0 

63 62 61 59 60 55 58 47 57 54 31 53 51 46 56 45 43 39 23 27 30 38 25 19 50 33 6 35 34 9 2 15 7 5 18 36 11 24 4 16 8 10 22 17 0 48 1 12 32 40 49 52 21 20 13 44 3 14 28 41 37 42 26 29 

0.000173580000 0.026848000000 0.054052000000 0.358220000000 0.132550000000 0.490920000000 0.514770000000 0.881070000000 0.235980000000 0.590120000000 0.554350000000 0.898970000000 0.503960000000 0.874800000000 0.802110000000 0.987600000000 0.268520000000 0.602570000000 0.548750000000 0.894820000000 0.505600000000 0.876510000000 0.804990000000 0.988100000000 0.426850000000 0.816650000000 0.789100000000 0.986990000000 0.661200000000 0.966250000000 0.871750000000 0.999080000000 0.237750000000 0.541780000000 0.480550000000 0.856360000000 0.442450000000 0.820770000000 0.752490000000 0.975580000000 0.411750000000 0.799470000000 0.768710000000 0.982740000000 0.653620000000 0.963260000000 0.868520000000 0.998740000000 0.336600000000 0.694600000000 0.646790000000 0.938550000000 0.639960000000 0.958430000000 0.866460000000 0.998510000000 0.467970000000 0.858300000000 0.861830000000 0.998420000000 0.696150000000 0.974680000000 0.884110000000 0.999900000000 

0.000591220000 0.080606000000 0.156050000000 0.719720000000 0.386040000000 0.884440000000 0.943820000000 0.991370000000 0.736410000000 0.975750000000 0.985520000000 0.992200000000 0.988720000000 0.992160000000 0.992190000000 0.992190000000 0.929680000000 0.991060000000 0.991520000000 0.992200000000 0.991740000000 0.992230000000 0.992220000000 0.992190000000 0.991850000000 0.992140000000 0.992220000000 0.992180000000 0.992180000000 0.992180000000 0.992170000000 0.992190000000 0.977030000000 0.992130000000 0.992270000000 0.992210000000 0.992040000000 0.992240000000 0.992150000000 0.992190000000 0.992010000000 0.992190000000 0.992200000000 0.992200000000 0.992160000000 0.992180000000 0.992190000000 0.992190000000 0.992180000000 0.992210000000 0.992200000000 0.992190000000 0.992180000000 0.992190000000 0.992180000000 0.992190000000 0.992180000000 0.992180000000 0.992180000000 0.992190000000 0.992200000000 0.992180000000 0.992190000000 0.992190000000 

N_obs: 320000

File Format:
1- most to least reliable channels (taken entropies)
2- most to least reliable channels (taken error probabilities)
3- channels entropies (flipped)
4- channels error probabilities (flipped)
5- number of MontCarlo simulations
