63 62 61 60 59 58 57 56 55 54 53 52 51 50 49 47 46 45 44 43 42 41 39 38 37 35 31 30 29 28 27 26 25 23 22 21 19 15 14 13 11 7 48 40 24 36 20 33 34 18 17 12 9 10 6 5 3 32 16 8 4 2 1 0 

63 62 61 60 59 58 57 56 55 54 53 52 51 50 49 47 46 45 44 43 42 41 39 38 37 35 31 30 29 28 27 26 25 23 22 21 19 15 14 13 11 7 48 40 24 36 20 33 34 18 17 12 9 10 6 5 3 32 16 8 4 2 1 0 

0.000000000000 0.000000000000 0.000000000000 0.000000000000 0.000000000000 0.000000000000 0.000000000000 0.000000000000 0.000000000000 0.000000000000 0.000000000000 0.000000000000 0.000000000000 0.000000000000 0.000000000000 0.000000000001 0.000000000000 0.000000000000 0.000000000000 0.000000000000 0.000000000000 0.000000000000 0.000000000000 0.000000000006 0.000000000000 0.000000000000 0.000000000000 0.000000000039 0.000000000000 0.000000000279 0.000000000151 0.000512920000 0.000000000000 0.000000000000 0.000000000000 0.000000000000 0.000000000000 0.000000000000 0.000000000000 0.000000000010 0.000000000000 0.000000000000 0.000000000000 0.000000000123 0.000000000000 0.000000004286 0.000000012383 0.001054800000 0.000000000000 0.000000000000 0.000000000000 0.000000036268 0.000000000000 0.000000095111 0.000000042589 0.002396200000 0.000000000000 0.000000535040 0.000002131300 0.005800300000 0.000017027000 0.014432000000 0.035672000000 0.412220000000 

0.000000000000 0.000000000000 0.000000000000 0.000000000000 0.000000000000 0.000000000000 0.000000000000 0.000000000000 0.000000000000 0.000000000000 0.000000000000 0.000000000000 0.000000000000 0.000000000000 0.000000000000 0.000000000000 0.000000000000 0.000000000000 0.000000000000 0.000000000000 0.000000000000 0.000000000000 0.000000000000 0.000000000002 0.000000000000 0.000000000000 0.000000000000 0.000000000012 0.000000000000 0.000000000112 0.000000000058 0.001282300000 0.000000000000 0.000000000000 0.000000000000 0.000000000000 0.000000000000 0.000000000000 0.000000000000 0.000000000003 0.000000000000 0.000000000000 0.000000000000 0.000000000042 0.000000000000 0.000000002164 0.000000007869 0.002480600000 0.000000000000 0.000000000000 0.000000000000 0.000000022579 0.000000000000 0.000000084606 0.000000023723 0.005673900000 0.000000000000 0.000000598950 0.000004837000 0.013579000000 0.000042930000 0.032465000000 0.077351000000 0.681070000000 

N_obs: 320000

File Format:
1- most to least reliable channels (taken entropies)
2- most to least reliable channels (taken error probabilities)
3- channels entropies (flipped)
4- channels error probabilities (flipped)
5- number of MontCarlo simulations
