63 62 61 59 31 55 47 15 23 39 27 7 60 29 51 43 30 45 57 53 58 46 54 11 13 19 35 14 3 25 21 37 22 49 41 38 26 6 28 5 9 17 33 1 50 42 44 56 52 12 10 18 34 2 24 20 48 36 40 4 8 16 32 0 

63 62 61 59 60 55 58 47 57 31 54 53 51 46 43 15 45 23 56 39 37 3 27 29 41 17 50 6 49 42 26 30 2 13 14 9 19 34 36 8 0 20 25 4 16 32 40 48 12 22 24 18 10 28 5 33 44 21 1 52 11 7 38 35 

0.001437600000 0.066602000000 0.120120000000 0.484330000000 0.212810000000 0.583370000000 0.569980000000 0.910200000000 0.277490000000 0.629970000000 0.580570000000 0.912490000000 0.520890000000 0.887370000000 0.811610000000 0.989580000000 0.281420000000 0.619250000000 0.565050000000 0.903060000000 0.523080000000 0.889880000000 0.816090000000 0.990430000000 0.435010000000 0.825390000000 0.803120000000 0.989800000000 0.668100000000 0.968560000000 0.874070000000 0.999290000000 0.242510000000 0.549270000000 0.487560000000 0.861250000000 0.448890000000 0.826820000000 0.757490000000 0.976900000000 0.420670000000 0.809720000000 0.783900000000 0.986210000000 0.661270000000 0.966130000000 0.871230000000 0.999010000000 0.339480000000 0.697850000000 0.651000000000 0.939950000000 0.649400000000 0.962230000000 0.869390000000 0.998830000000 0.470020000000 0.859900000000 0.865450000000 0.998760000000 0.698010000000 0.974800000000 0.884770000000 0.999910000000 

0.004955200000 0.201530000000 0.345670000000 0.868080000000 0.624150000000 0.957370000000 0.977340000000 0.992070000000 0.870740000000 0.988210000000 0.990300000000 0.992210000000 0.991130000000 0.992160000000 0.992170000000 0.992190000000 0.962450000000 0.991710000000 0.992030000000 0.992200000000 0.991960000000 0.992170000000 0.992150000000 0.992190000000 0.992120000000 0.992220000000 0.992120000000 0.992190000000 0.992250000000 0.992190000000 0.992200000000 0.992190000000 0.983420000000 0.992180000000 0.992150000000 0.992200000000 0.992140000000 0.992170000000 0.992190000000 0.992200000000 0.992050000000 0.992200000000 0.992200000000 0.992190000000 0.992180000000 0.992200000000 0.992160000000 0.992190000000 0.992010000000 0.992180000000 0.992180000000 0.992190000000 0.992220000000 0.992200000000 0.992180000000 0.992190000000 0.992220000000 0.992170000000 0.992200000000 0.992190000000 0.992140000000 0.992180000000 0.992210000000 0.992190000000 

N_obs: 320000

File Format:
1- most to least reliable channels (taken entropies)
2- most to least reliable channels (taken error probabilities)
3- channels entropies (flipped)
4- channels error probabilities (flipped)
5- number of MontCarlo simulations
