63 62 61 60 59 58 57 55 54 53 47 46 45 31 43 51 39 30 29 27 56 52 49 23 44 50 42 41 38 37 28 15 35 26 25 22 48 21 40 36 19 14 34 13 24 33 11 20 7 18 17 12 10 3 9 32 5 6 16 1 8 2 4 0 

63 62 61 60 59 58 57 55 54 53 47 46 45 31 43 51 39 30 29 56 27 52 49 23 44 50 42 41 38 37 28 35 15 26 25 22 48 21 40 36 19 14 34 24 13 33 20 11 18 7 17 12 32 10 9 6 16 5 3 8 4 1 2 0 

0.000000000000 0.000000000000 0.000000000000 0.000000000000 0.000000000000 0.000000000000 0.000000000000 0.000000010427 0.000000000000 0.000000000000 0.000000000000 0.000000158010 0.000000000000 0.000001379200 0.000000678530 0.004417900000 0.000000000000 0.000000000000 0.000000000000 0.000001096900 0.000000000000 0.000003420800 0.000006534600 0.009753300000 0.000000000000 0.000022825000 0.000044630000 0.022619000000 0.000320830000 0.051686000000 0.108020000000 0.577980000000 0.000000000000 0.000000000001 0.000000000005 0.000203670000 0.000000009136 0.000432120000 0.000893360000 0.078672000000 0.000000811690 0.002547500000 0.005337000000 0.159220000000 0.022912000000 0.276350000000 0.383270000000 0.815980000000 0.000292610000 0.035858000000 0.068907000000 0.419310000000 0.152510000000 0.549950000000 0.577020000000 0.912760000000 0.255300000000 0.641450000000 0.616060000000 0.930530000000 0.560350000000 0.914440000000 0.834650000000 0.994050000000 

0.000000000000 0.000000000000 0.000000000000 0.000000000000 0.000000000000 0.000000000000 0.000000000000 0.000000005054 0.000000000000 0.000000000000 0.000000000000 0.000000137310 0.000000000000 0.000003399900 0.000001316500 0.010031000000 0.000000000000 0.000000000000 0.000000000000 0.000001432400 0.000000000000 0.000008675600 0.000015921000 0.021789000000 0.000000000000 0.000055505000 0.000104540000 0.049151000000 0.000755530000 0.108180000000 0.215860000000 0.834790000000 0.000000000000 0.000000000000 0.000000000001 0.000504450000 0.000000005472 0.001070800000 0.002144000000 0.169500000000 0.000001417000 0.006214600000 0.012985000000 0.321580000000 0.055150000000 0.520630000000 0.696660000000 0.973940000000 0.000831960000 0.092166000000 0.170040000000 0.733740000000 0.382480000000 0.883310000000 0.941800000000 0.991350000000 0.692090000000 0.970170000000 0.982570000000 0.992130000000 0.987450000000 0.992180000000 0.992180000000 0.992180000000 

N_obs: 320000

File Format:
1- most to least reliable channels (taken entropies)
2- most to least reliable channels (taken error probabilities)
3- channels entropies (flipped)
4- channels error probabilities (flipped)
5- number of MontCarlo simulations
