63 62 61 59 55 47 60 58 57 31 54 53 51 46 45 43 39 56 30 52 29 50 49 44 27 42 41 38 23 37 28 26 48 35 15 25 40 22 21 36 19 7 14 11 13 34 33 24 3 20 17 5 9 18 6 10 12 1 32 2 16 4 8 0 

63 62 61 59 55 47 60 58 57 31 54 53 51 46 45 43 39 56 30 52 29 50 49 44 27 42 41 38 23 37 28 48 26 35 25 15 40 22 36 21 34 19 14 24 33 13 20 11 7 18 17 32 12 10 9 3 6 5 16 1 8 4 0 2 

0.000000000000 0.000000000000 0.000000000000 0.000000000000 0.000000000000 0.000000000000 0.000000000000 0.000048477000 0.000000000000 0.000000000001 0.000000000002 0.000112860000 0.000000000013 0.000237890000 0.000522080000 0.075114000000 0.000000000000 0.000000000159 0.000000042853 0.000878960000 0.000000270770 0.001890100000 0.004109900000 0.164280000000 0.000013030000 0.011669000000 0.024855000000 0.313030000000 0.082221000000 0.471720000000 0.548070000000 0.905380000000 0.000000000000 0.000093639000 0.000194560000 0.034334000000 0.001094500000 0.069798000000 0.126930000000 0.548200000000 0.012658000000 0.191260000000 0.276880000000 0.707580000000 0.352320000000 0.757260000000 0.717750000000 0.965960000000 0.088359000000 0.395780000000 0.428220000000 0.816930000000 0.424880000000 0.808450000000 0.749340000000 0.974560000000 0.387850000000 0.770720000000 0.728020000000 0.971470000000 0.630420000000 0.952900000000 0.861600000000 0.998020000000 

0.000000000000 0.000000000000 0.000000000000 0.000000000000 0.000000000000 0.000000000000 0.000000000000 0.000107880000 0.000000000000 0.000000000000 0.000000000000 0.000261050000 0.000000000004 0.000549010000 0.001172400000 0.153830000000 0.000000000000 0.000000000054 0.000000037506 0.001990400000 0.000000373100 0.004380600000 0.009349700000 0.315730000000 0.000028405000 0.026923000000 0.055684000000 0.548180000000 0.185230000000 0.762260000000 0.879510000000 0.989170000000 0.000000000000 0.000260630000 0.000523490000 0.084952000000 0.002915700000 0.165040000000 0.285490000000 0.842660000000 0.036044000000 0.431380000000 0.605080000000 0.954280000000 0.798140000000 0.982730000000 0.987530000000 0.992180000000 0.286520000000 0.826820000000 0.914580000000 0.990340000000 0.961240000000 0.991860000000 0.991910000000 0.992190000000 0.978700000000 0.992150000000 0.992160000000 0.992190000000 0.992090000000 0.992210000000 0.992180000000 0.992190000000 

N_obs: 320000

File Format:
1- most to least reliable channels (taken entropies)
2- most to least reliable channels (taken error probabilities)
3- channels entropies (flipped)
4- channels error probabilities (flipped)
5- number of MontCarlo simulations
