63 62 61 59 55 47 60 58 57 54 53 51 46 31 45 56 43 52 50 39 30 49 44 29 42 27 23 15 41 38 7 37 35 28 11 19 48 13 25 26 21 14 22 3 40 33 5 9 17 6 36 34 1 10 18 12 24 20 2 32 4 8 16 0 

63 62 61 59 55 47 60 58 57 54 53 51 46 31 45 56 43 52 50 39 30 49 44 29 42 27 41 38 48 23 28 37 35 15 26 40 25 22 36 21 19 34 14 33 13 11 7 24 3 20 18 10 4 17 32 16 2 6 0 1 8 5 9 12 

0.000000000000 0.000000000000 0.000000000000 0.000001546200 0.000000000000 0.000002406900 0.000007782900 0.009941800000 0.000000000000 0.000025337000 0.000044166000 0.021633000000 0.000317630000 0.047630000000 0.096404000000 0.540610000000 0.000000011718 0.001166100000 0.002536200000 0.112330000000 0.011486000000 0.204160000000 0.304480000000 0.754030000000 0.066210000000 0.392670000000 0.459570000000 0.848420000000 0.470930000000 0.853390000000 0.789280000000 0.984900000000 0.001479100000 0.067704000000 0.119370000000 0.487200000000 0.208110000000 0.585480000000 0.576410000000 0.912400000000 0.273880000000 0.632970000000 0.589220000000 0.917580000000 0.533270000000 0.896040000000 0.818590000000 0.990850000000 0.275570000000 0.613930000000 0.560170000000 0.901160000000 0.516760000000 0.885230000000 0.811920000000 0.989450000000 0.430630000000 0.820560000000 0.794880000000 0.988300000000 0.665370000000 0.967680000000 0.873580000000 0.999260000000 

0.000000000000 0.000000000000 0.000000000000 0.000002821000 0.000000000000 0.000005498500 0.000014949000 0.022479000000 0.000000000000 0.000056144000 0.000104670000 0.047845000000 0.000797760000 0.101970000000 0.197110000000 0.802890000000 0.000000007250 0.002956100000 0.006286200000 0.240090000000 0.028861000000 0.411520000000 0.589180000000 0.955150000000 0.176690000000 0.735010000000 0.858520000000 0.987440000000 0.937570000000 0.991330000000 0.991610000000 0.992180000000 0.004937300000 0.196660000000 0.331820000000 0.856910000000 0.588550000000 0.948890000000 0.972660000000 0.992040000000 0.830930000000 0.985310000000 0.989020000000 0.992160000000 0.990200000000 0.992180000000 0.992180000000 0.992180000000 0.940310000000 0.991350000000 0.991660000000 0.992200000000 0.991840000000 0.992180000000 0.992190000000 0.992190000000 0.991850000000 0.992190000000 0.992190000000 0.992180000000 0.992150000000 0.992190000000 0.992190000000 0.992190000000 

N_obs: 320000

File Format:
1- most to least reliable channels (taken entropies)
2- most to least reliable channels (taken error probabilities)
3- channels entropies (flipped)
4- channels error probabilities (flipped)
5- number of MontCarlo simulations
