63 62 61 31 59 47 55 15 23 39 27 7 29 51 43 30 45 60 53 57 46 58 54 13 11 19 35 3 14 25 21 37 49 22 41 26 38 6 28 5 9 17 33 1 50 42 44 52 56 12 10 18 34 2 24 20 48 36 40 4 8 16 32 0 

63 62 61 59 55 60 47 58 31 57 54 53 51 29 43 39 7 27 45 3 6 13 46 14 33 25 52 1 9 49 44 21 10 18 2 40 4 36 16 0 8 12 34 32 28 50 20 48 35 56 19 42 38 41 24 37 5 22 23 26 17 11 30 15 

0.006440400000 0.125980000000 0.196330000000 0.583360000000 0.270680000000 0.639700000000 0.607020000000 0.927050000000 0.299640000000 0.652590000000 0.597910000000 0.920840000000 0.533770000000 0.896010000000 0.818000000000 0.990850000000 0.291450000000 0.633120000000 0.579270000000 0.909990000000 0.540330000000 0.902200000000 0.825800000000 0.992330000000 0.441720000000 0.832980000000 0.815340000000 0.991990000000 0.673900000000 0.970290000000 0.876040000000 0.999440000000 0.246360000000 0.555940000000 0.492910000000 0.865090000000 0.454310000000 0.831930000000 0.761710000000 0.978040000000 0.428560000000 0.818870000000 0.797830000000 0.989050000000 0.667620000000 0.968380000000 0.873480000000 0.999220000000 0.341790000000 0.701220000000 0.654450000000 0.941190000000 0.657230000000 0.965250000000 0.871920000000 0.999080000000 0.471570000000 0.861160000000 0.868400000000 0.999020000000 0.699600000000 0.974900000000 0.885310000000 0.999930000000 

0.023643000000 0.373110000000 0.560300000000 0.943670000000 0.797410000000 0.982030000000 0.987690000000 0.992190000000 0.935890000000 0.991160000000 0.991660000000 0.992170000000 0.991810000000 0.992190000000 0.992180000000 0.992190000000 0.976210000000 0.992160000000 0.992140000000 0.992180000000 0.992070000000 0.992190000000 0.992200000000 0.992190000000 0.992080000000 0.992200000000 0.992200000000 0.992190000000 0.992190000000 0.992190000000 0.992170000000 0.992190000000 0.986940000000 0.992240000000 0.992010000000 0.992190000000 0.992120000000 0.992210000000 0.992170000000 0.992200000000 0.992210000000 0.992200000000 0.992180000000 0.992190000000 0.992190000000 0.992180000000 0.992210000000 0.992190000000 0.992250000000 0.992160000000 0.992160000000 0.992190000000 0.992220000000 0.992180000000 0.992170000000 0.992190000000 0.992110000000 0.992140000000 0.992200000000 0.992190000000 0.992140000000 0.992190000000 0.992170000000 0.992190000000 

N_obs: 320000

File Format:
1- most to least reliable channels (taken entropies)
2- most to least reliable channels (taken error probabilities)
3- channels entropies (flipped)
4- channels error probabilities (flipped)
5- number of MontCarlo simulations
