63 62 61 59 55 60 58 47 57 54 31 53 51 15 46 23 39 27 45 43 29 7 56 30 11 19 35 13 52 14 3 49 21 37 25 50 41 22 38 26 42 44 28 5 6 9 17 33 1 12 10 18 34 48 20 24 36 40 2 4 8 16 32 0 

63 62 61 59 55 60 58 57 47 54 53 51 56 31 46 45 52 43 50 39 30 49 29 44 27 23 15 42 41 38 22 37 28 25 48 13 2 19 17 9 20 8 24 4 0 1 32 10 18 16 14 34 40 36 35 33 6 12 3 26 11 21 5 7 

0.000000000000 0.000027647000 0.000044939000 0.018709000000 0.000278360000 0.040123000000 0.080282000000 0.472210000000 0.005809500000 0.140100000000 0.222800000000 0.657850000000 0.316350000000 0.727880000000 0.695300000000 0.959210000000 0.075529000000 0.371590000000 0.411530000000 0.804050000000 0.413630000000 0.796880000000 0.738200000000 0.971500000000 0.380550000000 0.761620000000 0.716170000000 0.967560000000 0.621330000000 0.948310000000 0.857380000000 0.997460000000 0.190360000000 0.482180000000 0.437500000000 0.824080000000 0.404840000000 0.784110000000 0.722690000000 0.967330000000 0.373650000000 0.751560000000 0.704960000000 0.964290000000 0.615970000000 0.945610000000 0.854490000000 0.997010000000 0.318360000000 0.671940000000 0.622030000000 0.928920000000 0.594430000000 0.935770000000 0.850250000000 0.996390000000 0.457200000000 0.848720000000 0.842450000000 0.996170000000 0.686720000000 0.973420000000 0.880870000000 0.999750000000 

0.000000000000 0.000071742000 0.000119180000 0.046818000000 0.000739440000 0.096452000000 0.184130000000 0.770640000000 0.016555000000 0.324950000000 0.496240000000 0.929380000000 0.730060000000 0.975810000000 0.984820000000 0.992140000000 0.246620000000 0.798210000000 0.899990000000 0.989690000000 0.957630000000 0.991790000000 0.991870000000 0.992190000000 0.977830000000 0.992030000000 0.992120000000 0.992190000000 0.992190000000 0.992190000000 0.992200000000 0.992190000000 0.787250000000 0.981330000000 0.987540000000 0.992130000000 0.990030000000 0.992220000000 0.992130000000 0.992190000000 0.991010000000 0.992110000000 0.992220000000 0.992180000000 0.992170000000 0.992190000000 0.992180000000 0.992190000000 0.991530000000 0.992190000000 0.992150000000 0.992210000000 0.992220000000 0.992190000000 0.992180000000 0.992180000000 0.992270000000 0.992210000000 0.992230000000 0.992190000000 0.992220000000 0.992170000000 0.992190000000 0.992190000000 

N_obs: 320000

File Format:
1- most to least reliable channels (taken entropies)
2- most to least reliable channels (taken error probabilities)
3- channels entropies (flipped)
4- channels error probabilities (flipped)
5- number of MontCarlo simulations
