63 62 61 59 55 31 47 60 15 23 39 58 27 7 57 29 51 43 53 30 45 54 46 11 13 19 35 14 3 25 21 37 22 49 41 38 26 28 6 56 5 9 50 17 42 33 1 52 44 12 10 18 34 2 24 20 36 48 40 4 8 16 32 0 

63 62 61 59 60 55 58 47 57 54 31 53 51 46 56 45 43 39 30 23 29 15 27 11 52 21 19 41 5 49 9 22 1 48 26 50 42 44 16 32 40 8 28 4 0 24 2 20 13 36 34 18 37 12 10 25 35 14 33 17 7 3 6 38 

0.000048749000 0.014717000000 0.031117000000 0.290010000000 0.091535000000 0.428400000000 0.476000000000 0.858860000000 0.203420000000 0.559110000000 0.535850000000 0.888960000000 0.493070000000 0.866400000000 0.795670000000 0.986230000000 0.257700000000 0.590330000000 0.538530000000 0.889370000000 0.495860000000 0.869000000000 0.798720000000 0.986730000000 0.422620000000 0.811560000000 0.781330000000 0.985290000000 0.657550000000 0.964770000000 0.870350000000 0.998960000000 0.234800000000 0.537070000000 0.476400000000 0.853620000000 0.438250000000 0.817120000000 0.749680000000 0.974780000000 0.407260000000 0.793770000000 0.760630000000 0.980760000000 0.649580000000 0.961530000000 0.866980000000 0.998580000000 0.334090000000 0.692100000000 0.644180000000 0.937520000000 0.634930000000 0.956110000000 0.864710000000 0.998320000000 0.467260000000 0.857360000000 0.859800000000 0.998220000000 0.695340000000 0.974580000000 0.883740000000 0.999880000000 

0.000156060000 0.044190000000 0.089651000000 0.613130000000 0.264600000000 0.813080000000 0.906780000000 0.990110000000 0.630640000000 0.959320000000 0.978460000000 0.992130000000 0.985870000000 0.992180000000 0.992170000000 0.992180000000 0.898690000000 0.989750000000 0.991010000000 0.992190000000 0.991480000000 0.992180000000 0.992170000000 0.992190000000 0.991520000000 0.992230000000 0.992200000000 0.992190000000 0.992200000000 0.992190000000 0.992210000000 0.992190000000 0.971150000000 0.991970000000 0.992030000000 0.992190000000 0.992100000000 0.992180000000 0.992200000000 0.992190000000 0.992020000000 0.992170000000 0.992160000000 0.992190000000 0.992160000000 0.992190000000 0.992210000000 0.992190000000 0.992080000000 0.992210000000 0.992190000000 0.992200000000 0.992110000000 0.992200000000 0.992170000000 0.992190000000 0.992210000000 0.992220000000 0.992170000000 0.992190000000 0.992220000000 0.992190000000 0.992170000000 0.992190000000 

N_obs: 320000

File Format:
1- most to least reliable channels (taken entropies)
2- most to least reliable channels (taken error probabilities)
3- channels entropies (flipped)
4- channels error probabilities (flipped)
5- number of MontCarlo simulations
