63 62 61 60 59 58 57 55 54 53 51 47 46 45 43 39 31 30 29 27 23 15 56 52 44 42 41 50 37 49 38 35 25 22 26 28 21 14 19 13 11 48 40 36 34 24 33 7 20 18 17 12 10 9 6 32 5 16 3 8 4 2 1 0 

63 62 61 60 59 58 57 55 54 53 51 47 46 45 43 39 31 30 29 27 23 15 56 52 44 42 41 50 37 49 38 35 25 22 26 28 21 14 19 13 11 48 40 36 34 24 33 7 20 18 17 12 10 9 6 32 5 16 3 8 4 2 1 0 

0.000000000000 0.000000000000 0.000000000000 0.000000000000 0.000000000000 0.000000000000 0.000000000000 0.000000000000 0.000000000000 0.000000000000 0.000000000000 0.000000000000 0.000000000000 0.000000000000 0.000000000000 0.000010020000 0.000000000000 0.000000000000 0.000000000000 0.000000000000 0.000000000000 0.000000000000 0.000000000000 0.000019553000 0.000000000000 0.000000000000 0.000000000000 0.000036548000 0.000000000002 0.000093004000 0.000205600000 0.053972000000 0.000000000000 0.000000000000 0.000000000000 0.000000000040 0.000000000000 0.000000000007 0.000000000002 0.000181590000 0.000000000000 0.000000000005 0.000000001073 0.000379080000 0.000000097774 0.000828780000 0.001932600000 0.128470000000 0.000000000000 0.000000036706 0.000000671620 0.003278900000 0.000005323100 0.007176200000 0.016003000000 0.276870000000 0.000250170000 0.039969000000 0.079281000000 0.476370000000 0.184290000000 0.622180000000 0.645100000000 0.943930000000 

0.000000000000 0.000000000000 0.000000000000 0.000000000000 0.000000000000 0.000000000000 0.000000000000 0.000000000000 0.000000000000 0.000000000000 0.000000000000 0.000000000000 0.000000000000 0.000000000000 0.000000000000 0.000019943000 0.000000000000 0.000000000000 0.000000000000 0.000000000000 0.000000000000 0.000000000000 0.000000000000 0.000054688000 0.000000000000 0.000000000000 0.000000000000 0.000089519000 0.000000000000 0.000209580000 0.000515370000 0.117960000000 0.000000000000 0.000000000000 0.000000000000 0.000000000014 0.000000000000 0.000000000002 0.000000000001 0.000431560000 0.000000000000 0.000000000001 0.000000000516 0.000924880000 0.000000089564 0.001988900000 0.004443400000 0.260370000000 0.000000000000 0.000000019867 0.000000828100 0.007704400000 0.000014805000 0.016863000000 0.035962000000 0.500770000000 0.000655830000 0.091081000000 0.173610000000 0.756830000000 0.410760000000 0.904900000000 0.955780000000 0.991720000000 

N_obs: 320000

File Format:
1- most to least reliable channels (taken entropies)
2- most to least reliable channels (taken error probabilities)
3- channels entropies (flipped)
4- channels error probabilities (flipped)
5- number of MontCarlo simulations
