63 61 62 59 55 60 47 58 57 54 53 51 46 31 45 56 52 43 50 39 30 29 15 49 23 27 44 7 42 41 35 11 19 13 37 38 21 14 25 3 28 22 26 48 5 33 9 6 17 1 40 34 10 12 18 36 20 24 2 4 32 8 16 0 

63 61 62 59 55 60 47 58 57 54 53 51 46 31 45 56 52 43 50 49 30 39 44 29 42 27 41 38 48 23 37 28 15 35 26 40 25 22 21 19 36 14 6 13 20 34 18 11 12 2 4 17 32 8 0 7 16 1 24 5 3 10 33 9 

0.000000000000 0.000000000000 0.000000000000 0.000068190000 0.000000000021 0.000135310000 0.000308140000 0.051767000000 0.000000047918 0.000961810000 0.002004400000 0.109840000000 0.010426000000 0.206400000000 0.314800000000 0.772700000000 0.000082578000 0.020891000000 0.042769000000 0.350010000000 0.110790000000 0.489050000000 0.537380000000 0.893570000000 0.221500000000 0.607740000000 0.591760000000 0.918910000000 0.542170000000 0.902560000000 0.824790000000 0.992210000000 0.025547000000 0.223220000000 0.288270000000 0.686520000000 0.326960000000 0.702450000000 0.655460000000 0.945610000000 0.326510000000 0.690010000000 0.636930000000 0.938890000000 0.567550000000 0.918290000000 0.834530000000 0.993820000000 0.295080000000 0.639680000000 0.585310000000 0.913310000000 0.544140000000 0.904720000000 0.827220000000 0.992510000000 0.441260000000 0.832510000000 0.813990000000 0.991870000000 0.674090000000 0.970420000000 0.876550000000 0.999480000000 

0.000000000000 0.000000000000 0.000000000000 0.000162470000 0.000000000007 0.000326710000 0.000722200000 0.112430000000 0.000000033827 0.002425800000 0.004848700000 0.226210000000 0.024998000000 0.400830000000 0.586400000000 0.958470000000 0.000232480000 0.054521000000 0.106090000000 0.643890000000 0.277960000000 0.824910000000 0.910760000000 0.990330000000 0.603270000000 0.954530000000 0.976540000000 0.992080000000 0.984900000000 0.992170000000 0.992220000000 0.992190000000 0.092041000000 0.596840000000 0.763640000000 0.978240000000 0.899530000000 0.989540000000 0.990760000000 0.992200000000 0.960690000000 0.991860000000 0.991980000000 0.992170000000 0.992000000000 0.992170000000 0.992180000000 0.992190000000 0.979460000000 0.992140000000 0.992150000000 0.992180000000 0.992170000000 0.992210000000 0.992220000000 0.992190000000 0.992190000000 0.992150000000 0.992200000000 0.992180000000 0.992200000000 0.992180000000 0.992200000000 0.992190000000 

N_obs: 320000

File Format:
1- most to least reliable channels (taken entropies)
2- most to least reliable channels (taken error probabilities)
3- channels entropies (flipped)
4- channels error probabilities (flipped)
5- number of MontCarlo simulations
