63 62 59 61 55 47 60 58 57 54 53 51 46 31 45 56 43 52 50 30 39 49 29 44 27 15 23 42 41 7 35 38 11 37 19 13 28 21 25 14 26 22 48 3 5 33 9 6 17 40 1 34 36 10 12 18 20 24 2 32 4 8 16 0 

63 62 59 61 55 47 60 58 57 54 53 51 46 31 45 56 43 52 50 49 39 30 44 29 42 27 41 38 48 23 37 28 15 35 26 40 25 22 21 36 19 14 34 13 33 11 3 1 10 20 18 0 4 9 32 16 12 24 8 6 2 5 17 7 

0.000000000000 0.000000000000 0.000000000000 0.000012294000 0.000000000000 0.000021335000 0.000055355000 0.024006000000 0.000000000001 0.000164390000 0.000350000000 0.052486000000 0.002174700000 0.108760000000 0.193280000000 0.670270000000 0.000002493000 0.005887000000 0.012519000000 0.216390000000 0.044354000000 0.347000000000 0.435930000000 0.840440000000 0.141410000000 0.518030000000 0.539020000000 0.892580000000 0.512170000000 0.882160000000 0.810310000000 0.989380000000 0.007820900000 0.137810000000 0.208060000000 0.603450000000 0.281000000000 0.657800000000 0.623270000000 0.933150000000 0.306820000000 0.666830000000 0.616270000000 0.930060000000 0.552780000000 0.908700000000 0.827650000000 0.992580000000 0.286960000000 0.628320000000 0.573940000000 0.907730000000 0.531150000000 0.895720000000 0.820250000000 0.991160000000 0.436740000000 0.827280000000 0.805250000000 0.990300000000 0.670590000000 0.969260000000 0.875240000000 0.999380000000 

0.000000000000 0.000000000000 0.000000000000 0.000034959000 0.000000000000 0.000053734000 0.000129170000 0.053344000000 0.000000000000 0.000398690000 0.000866300000 0.112650000000 0.005238700000 0.223480000000 0.377930000000 0.903970000000 0.000005176600 0.015315000000 0.031270000000 0.434340000000 0.111290000000 0.642870000000 0.791940000000 0.982530000000 0.382470000000 0.884620000000 0.943770000000 0.991430000000 0.972010000000 0.992030000000 0.992060000000 0.992190000000 0.027168000000 0.388290000000 0.568430000000 0.944730000000 0.787540000000 0.980860000000 0.986660000000 0.992190000000 0.920700000000 0.990650000000 0.991200000000 0.992180000000 0.991560000000 0.992180000000 0.992220000000 0.992190000000 0.967480000000 0.991960000000 0.992060000000 0.992190000000 0.992110000000 0.992170000000 0.992190000000 0.992190000000 0.992230000000 0.992200000000 0.992210000000 0.992190000000 0.992170000000 0.992200000000 0.992170000000 0.992190000000 

N_obs: 320000

File Format:
1- most to least reliable channels (taken entropies)
2- most to least reliable channels (taken error probabilities)
3- channels entropies (flipped)
4- channels error probabilities (flipped)
5- number of MontCarlo simulations
