63 62 61 59 55 60 58 47 31 57 54 15 53 23 39 51 27 43 29 7 45 46 30 11 19 13 35 56 14 3 21 25 37 49 41 22 38 52 26 50 42 28 5 44 6 9 17 33 1 12 10 18 34 24 20 2 48 36 40 4 8 16 32 0 

63 62 61 59 55 60 58 57 47 54 53 31 51 56 46 45 52 43 39 30 50 49 29 27 23 15 44 41 19 7 35 3 26 37 9 12 22 24 34 2 6 25 40 28 11 33 48 16 38 8 32 4 0 18 36 5 42 1 10 17 20 21 14 13 

0.000000000077 0.000376290000 0.000837900000 0.065974000000 0.004611000000 0.131580000000 0.215810000000 0.661340000000 0.040525000000 0.306430000000 0.382110000000 0.790010000000 0.412690000000 0.802660000000 0.747260000000 0.974450000000 0.162530000000 0.492370000000 0.478180000000 0.851700000000 0.449620000000 0.829500000000 0.765250000000 0.978750000000 0.398450000000 0.783110000000 0.742440000000 0.975440000000 0.636470000000 0.955850000000 0.863030000000 0.998170000000 0.215470000000 0.509600000000 0.454910000000 0.837670000000 0.418700000000 0.798140000000 0.734130000000 0.970590000000 0.385650000000 0.767640000000 0.725230000000 0.970780000000 0.628900000000 0.952210000000 0.859450000000 0.997680000000 0.324980000000 0.680530000000 0.630530000000 0.932570000000 0.609850000000 0.944050000000 0.856110000000 0.997230000000 0.461300000000 0.852390000000 0.849440000000 0.997050000000 0.690010000000 0.973930000000 0.882030000000 0.999810000000 

0.000000000027 0.001012200000 0.002306900000 0.160880000000 0.012948000000 0.301730000000 0.473570000000 0.926530000000 0.118750000000 0.650010000000 0.800200000000 0.982860000000 0.912380000000 0.990340000000 0.990990000000 0.992180000000 0.550990000000 0.942120000000 0.971740000000 0.992000000000 0.983720000000 0.992190000000 0.992100000000 0.992170000000 0.987670000000 0.992180000000 0.992150000000 0.992190000000 0.992140000000 0.992170000000 0.992180000000 0.992190000000 0.902210000000 0.989940000000 0.991050000000 0.992180000000 0.991460000000 0.992140000000 0.992170000000 0.992170000000 0.991890000000 0.992170000000 0.992210000000 0.992200000000 0.992120000000 0.992190000000 0.992200000000 0.992180000000 0.991920000000 0.992280000000 0.992310000000 0.992160000000 0.992180000000 0.992190000000 0.992160000000 0.992190000000 0.992120000000 0.992170000000 0.992190000000 0.992190000000 0.992140000000 0.992170000000 0.992190000000 0.992190000000 

N_obs: 320000

File Format:
1- most to least reliable channels (taken entropies)
2- most to least reliable channels (taken error probabilities)
3- channels entropies (flipped)
4- channels error probabilities (flipped)
5- number of MontCarlo simulations
