63 62 61 59 31 55 47 15 23 60 39 27 7 29 51 43 58 57 30 45 53 46 54 11 13 19 35 14 3 25 21 37 22 49 41 38 26 28 6 5 9 17 33 50 42 1 56 44 52 12 10 18 34 2 24 20 36 48 40 4 8 16 32 0 

63 62 61 59 60 55 58 47 57 31 54 53 51 46 45 39 56 43 29 35 25 30 26 12 21 44 14 34 11 38 1 2 5 18 10 4 16 8 32 0 20 48 52 36 42 24 40 17 19 3 49 9 6 22 33 28 50 37 13 41 15 23 7 27 

0.000527000000 0.044318000000 0.084463000000 0.423820000000 0.174420000000 0.541990000000 0.545190000000 0.897710000000 0.259710000000 0.612080000000 0.568140000000 0.906430000000 0.513750000000 0.881600000000 0.807280000000 0.988690000000 0.275780000000 0.611610000000 0.556710000000 0.899230000000 0.514560000000 0.883470000000 0.810690000000 0.989300000000 0.431170000000 0.821430000000 0.796370000000 0.988460000000 0.664870000000 0.967450000000 0.872960000000 0.999190000000 0.240470000000 0.546120000000 0.484640000000 0.859110000000 0.445400000000 0.824010000000 0.755270000000 0.976310000000 0.416290000000 0.804670000000 0.776430000000 0.984560000000 0.657450000000 0.964750000000 0.869860000000 0.998880000000 0.337500000000 0.696390000000 0.648560000000 0.939300000000 0.644700000000 0.960460000000 0.867970000000 0.998680000000 0.469420000000 0.859200000000 0.863660000000 0.998600000000 0.697210000000 0.974740000000 0.884430000000 0.999910000000 

0.001771300000 0.133940000000 0.242990000000 0.803680000000 0.510650000000 0.929670000000 0.965080000000 0.991900000000 0.813890000000 0.984250000000 0.988450000000 0.992190000000 0.990140000000 0.992220000000 0.992210000000 0.992190000000 0.948270000000 0.991610000000 0.991680000000 0.992160000000 0.992040000000 0.992190000000 0.992240000000 0.992190000000 0.991820000000 0.992180000000 0.992230000000 0.992190000000 0.992110000000 0.992180000000 0.992210000000 0.992190000000 0.980600000000 0.992140000000 0.992100000000 0.992220000000 0.992300000000 0.992160000000 0.992140000000 0.992190000000 0.992280000000 0.992210000000 0.992160000000 0.992190000000 0.992200000000 0.992180000000 0.992200000000 0.992190000000 0.992260000000 0.992170000000 0.992240000000 0.992160000000 0.992180000000 0.992180000000 0.992210000000 0.992190000000 0.992280000000 0.992210000000 0.992180000000 0.992190000000 0.992210000000 0.992180000000 0.992180000000 0.992190000000 

N_obs: 320000

File Format:
1- most to least reliable channels (taken entropies)
2- most to least reliable channels (taken error probabilities)
3- channels entropies (flipped)
4- channels error probabilities (flipped)
5- number of MontCarlo simulations
