63 62 61 59 55 60 58 57 47 54 53 31 51 46 15 45 56 23 39 43 27 29 7 30 52 11 19 35 13 49 50 14 3 21 37 25 41 22 38 44 42 26 28 5 6 9 17 33 1 12 10 18 34 48 20 36 24 40 2 4 8 16 32 0 

63 62 61 59 55 60 58 57 47 54 53 51 56 46 31 45 52 43 50 39 30 49 29 44 27 23 42 15 41 38 48 35 37 14 26 21 28 19 1 22 24 6 3 40 32 2 16 0 20 36 12 8 11 4 34 18 10 5 33 17 9 25 13 7 

0.000000000000 0.000002993400 0.000003825100 0.008434300000 0.000044074000 0.018143000000 0.038446000000 0.363130000000 0.001420500000 0.077156000000 0.137410000000 0.557690000000 0.242950000000 0.664390000000 0.655320000000 0.945620000000 0.038766000000 0.287510000000 0.355310000000 0.760710000000 0.385580000000 0.772210000000 0.718570000000 0.965850000000 0.368100000000 0.747070000000 0.699810000000 0.962260000000 0.611180000000 0.943030000000 0.853620000000 0.996950000000 0.167930000000 0.458190000000 0.425140000000 0.813180000000 0.396170000000 0.775400000000 0.715100000000 0.965080000000 0.366420000000 0.742080000000 0.694030000000 0.960490000000 0.608480000000 0.941610000000 0.851520000000 0.996580000000 0.314870000000 0.667540000000 0.616170000000 0.926780000000 0.586220000000 0.931020000000 0.846860000000 0.995880000000 0.454520000000 0.846330000000 0.838190000000 0.995600000000 0.685040000000 0.973080000000 0.880250000000 0.999720000000 

0.000000000000 0.000006989800 0.000010046000 0.020848000000 0.000124140000 0.044265000000 0.089789000000 0.640790000000 0.004011000000 0.184000000000 0.313500000000 0.855280000000 0.568670000000 0.948110000000 0.972980000000 0.992010000000 0.123300000000 0.658150000000 0.807300000000 0.983230000000 0.917730000000 0.990560000000 0.991170000000 0.992190000000 0.964930000000 0.991850000000 0.992040000000 0.992190000000 0.992020000000 0.992190000000 0.992210000000 0.992190000000 0.682340000000 0.967900000000 0.982440000000 0.992140000000 0.988050000000 0.992130000000 0.992230000000 0.992180000000 0.990130000000 0.992170000000 0.992140000000 0.992190000000 0.992150000000 0.992190000000 0.992220000000 0.992190000000 0.990690000000 0.992130000000 0.992270000000 0.992190000000 0.992190000000 0.992200000000 0.992220000000 0.992190000000 0.992310000000 0.992180000000 0.992200000000 0.992190000000 0.992180000000 0.992190000000 0.992170000000 0.992190000000 

N_obs: 320000

File Format:
1- most to least reliable channels (taken entropies)
2- most to least reliable channels (taken error probabilities)
3- channels entropies (flipped)
4- channels error probabilities (flipped)
5- number of MontCarlo simulations
