63 62 61 60 59 58 57 56 55 54 53 52 51 50 49 47 46 45 44 43 42 41 39 38 37 35 31 30 29 28 27 26 25 23 22 21 15 14 19 13 11 7 48 36 40 34 24 33 18 20 17 12 10 9 6 5 3 32 16 8 4 2 1 0 

63 62 61 60 59 58 57 56 55 54 53 52 51 50 49 47 46 45 44 43 42 41 39 38 37 35 31 30 29 28 27 26 25 23 22 21 15 14 19 13 11 7 48 36 40 34 24 33 18 20 17 12 10 9 6 5 3 32 16 8 4 2 1 0 

0.000000000000 0.000000000000 0.000000000000 0.000000000000 0.000000000000 0.000000000000 0.000000000000 0.000000000000 0.000000000000 0.000000000000 0.000000000000 0.000000000000 0.000000000000 0.000000000000 0.000000000000 0.000000000061 0.000000000000 0.000000000000 0.000000000000 0.000000000000 0.000000000000 0.000000000000 0.000000000000 0.000000007683 0.000000000000 0.000000000000 0.000000000000 0.000000001318 0.000000000000 0.000000008465 0.000000032687 0.002021300000 0.000000000000 0.000000000000 0.000000000000 0.000000000000 0.000000000000 0.000000000000 0.000000000000 0.000000010015 0.000000000000 0.000000000000 0.000000000000 0.000000356680 0.000000000000 0.000000250820 0.000000947090 0.004576500000 0.000000000000 0.000000000000 0.000000000000 0.000001845000 0.000000000000 0.000002666000 0.000005904600 0.010597000000 0.000000000002 0.000022348000 0.000059340000 0.026180000000 0.000510130000 0.063180000000 0.132770000000 0.619460000000 

0.000000000000 0.000000000000 0.000000000000 0.000000000000 0.000000000000 0.000000000000 0.000000000000 0.000000000000 0.000000000000 0.000000000000 0.000000000000 0.000000000000 0.000000000000 0.000000000000 0.000000000000 0.000000000020 0.000000000000 0.000000000000 0.000000000000 0.000000000000 0.000000000000 0.000000000000 0.000000000000 0.000000004270 0.000000000000 0.000000000000 0.000000000000 0.000000000523 0.000000000000 0.000000004455 0.000000023602 0.004823800000 0.000000000000 0.000000000000 0.000000000000 0.000000000000 0.000000000000 0.000000000000 0.000000000000 0.000000005475 0.000000000000 0.000000000000 0.000000000000 0.000000445680 0.000000000000 0.000000193970 0.000001839200 0.010865000000 0.000000000000 0.000000000000 0.000000000000 0.000005204300 0.000000000000 0.000007142900 0.000011863000 0.024369000000 0.000000000001 0.000056619000 0.000161980000 0.058392000000 0.001242100000 0.133950000000 0.266860000000 0.871850000000 

N_obs: 320000

File Format:
1- most to least reliable channels (taken entropies)
2- most to least reliable channels (taken error probabilities)
3- channels entropies (flipped)
4- channels error probabilities (flipped)
5- number of MontCarlo simulations
