63 62 61 60 59 58 57 56 55 54 53 52 51 47 46 45 43 39 31 30 29 27 23 15 44 41 50 42 38 37 26 35 28 49 25 22 21 19 14 13 11 40 48 7 36 34 24 33 20 18 17 12 10 9 6 5 32 16 3 8 4 2 1 0 

63 62 61 60 59 58 57 56 55 54 53 52 51 47 46 45 43 39 31 30 29 27 23 15 44 41 50 42 38 37 26 35 28 49 25 22 21 19 14 13 11 40 7 48 36 34 24 33 20 18 17 12 10 9 6 5 32 16 3 8 4 2 1 0 

0.000000000000 0.000000000000 0.000000000000 0.000000000000 0.000000000000 0.000000000000 0.000000000000 0.000000000000 0.000000000000 0.000000000000 0.000000000000 0.000000000000 0.000000000000 0.000000000000 0.000000000000 0.000002044900 0.000000000000 0.000000000000 0.000000000000 0.000000000000 0.000000000000 0.000000000000 0.000000000000 0.000001925200 0.000000000000 0.000000000000 0.000000000000 0.000004648100 0.000000000000 0.000010951000 0.000022595000 0.020927000000 0.000000000000 0.000000000000 0.000000000000 0.000000000000 0.000000000000 0.000000000000 0.000000000000 0.000018705000 0.000000000000 0.000000000000 0.000000000000 0.000040845000 0.000000000000 0.000087035000 0.000173330000 0.049762000000 0.000000000000 0.000000000015 0.000000000500 0.000392430000 0.000000001052 0.000815780000 0.001796400000 0.118050000000 0.000002601700 0.006154500000 0.013247000000 0.247670000000 0.054852000000 0.409060000000 0.506910000000 0.889410000000 

0.000000000000 0.000000000000 0.000000000000 0.000000000000 0.000000000000 0.000000000000 0.000000000000 0.000000000000 0.000000000000 0.000000000000 0.000000000000 0.000000000000 0.000000000000 0.000000000000 0.000000000000 0.000004746400 0.000000000000 0.000000000000 0.000000000000 0.000000000000 0.000000000000 0.000000000000 0.000000000000 0.000002113500 0.000000000000 0.000000000000 0.000000000000 0.000007364700 0.000000000000 0.000033877000 0.000051958000 0.048001000000 0.000000000000 0.000000000000 0.000000000000 0.000000000000 0.000000000000 0.000000000000 0.000000000000 0.000041954000 0.000000000000 0.000000000000 0.000000000000 0.000091734000 0.000000000000 0.000204350000 0.000403360000 0.109320000000 0.000000000000 0.000000000005 0.000000000205 0.000944990000 0.000000000445 0.001914200000 0.004213000000 0.240750000000 0.000002712500 0.014384000000 0.030264000000 0.459670000000 0.125900000000 0.691910000000 0.840510000000 0.987340000000 

N_obs: 320000

File Format:
1- most to least reliable channels (taken entropies)
2- most to least reliable channels (taken error probabilities)
3- channels entropies (flipped)
4- channels error probabilities (flipped)
5- number of MontCarlo simulations
