63 62 61 59 55 60 47 31 58 15 57 23 39 27 54 51 7 29 43 53 45 30 46 11 13 19 35 14 3 25 21 37 49 22 41 56 38 26 50 28 42 6 5 52 9 17 33 44 1 12 10 18 34 24 2 20 36 48 40 4 8 16 32 0 

63 62 61 59 55 60 58 57 47 54 53 31 51 56 46 45 43 39 52 30 29 50 27 49 23 37 15 22 5 41 38 10 42 25 26 34 3 11 40 6 28 2 18 17 44 16 24 0 4 33 8 32 20 36 48 12 1 9 14 7 35 19 13 21 

0.000001671000 0.003214400000 0.007029600000 0.160460000000 0.029339000000 0.277010000000 0.366190000000 0.787080000000 0.118710000000 0.460590000000 0.481050000000 0.856090000000 0.462510000000 0.842430000000 0.777560000000 0.982060000000 0.225210000000 0.556960000000 0.514760000000 0.875510000000 0.474750000000 0.851850000000 0.784170000000 0.983410000000 0.411840000000 0.798900000000 0.763690000000 0.981100000000 0.648370000000 0.961080000000 0.867180000000 0.998630000000 0.227610000000 0.525660000000 0.467390000000 0.846920000000 0.429450000000 0.808780000000 0.742960000000 0.973020000000 0.397120000000 0.781620000000 0.743470000000 0.976210000000 0.639930000000 0.957370000000 0.863540000000 0.998190000000 0.330180000000 0.686780000000 0.638540000000 0.935470000000 0.623010000000 0.950800000000 0.860860000000 0.997850000000 0.463990000000 0.855040000000 0.855130000000 0.997720000000 0.692860000000 0.974330000000 0.882950000000 0.999850000000 

0.000003298100 0.009313000000 0.019932000000 0.371140000000 0.082888000000 0.584970000000 0.752300000000 0.978710000000 0.359130000000 0.871140000000 0.938470000000 0.991230000000 0.969900000000 0.991980000000 0.992020000000 0.992200000000 0.781380000000 0.981100000000 0.987590000000 0.992190000000 0.989890000000 0.992170000000 0.992170000000 0.992180000000 0.991010000000 0.992170000000 0.992150000000 0.992190000000 0.992210000000 0.992170000000 0.992190000000 0.992190000000 0.951160000000 0.991640000000 0.991770000000 0.992180000000 0.991990000000 0.992170000000 0.992170000000 0.992190000000 0.992110000000 0.992160000000 0.992300000000 0.992190000000 0.992240000000 0.992180000000 0.992180000000 0.992190000000 0.992160000000 0.992210000000 0.992290000000 0.992200000000 0.992180000000 0.992170000000 0.992200000000 0.992190000000 0.992210000000 0.992180000000 0.992170000000 0.992190000000 0.992170000000 0.992180000000 0.992200000000 0.992190000000 

N_obs: 320000

File Format:
1- most to least reliable channels (taken entropies)
2- most to least reliable channels (taken error probabilities)
3- channels entropies (flipped)
4- channels error probabilities (flipped)
5- number of MontCarlo simulations
