63 62 61 31 59 47 55 15 23 39 27 43 7 29 45 51 60 30 11 53 46 57 58 54 13 19 21 35 37 14 5 3 22 25 41 38 26 49 42 6 9 17 50 28 33 10 1 44 52 18 56 34 2 12 20 36 24 40 48 4 8 16 32 0 

63 62 61 59 55 60 47 58 57 31 39 27 53 54 29 46 14 3 25 26 49 45 7 11 9 50 23 35 34 20 1 37 42 6 36 22 18 8 2 4 38 16 5 12 10 0 32 40 48 44 33 24 28 56 30 41 52 43 51 13 15 17 19 21 

0.012649000000 0.180980000000 0.287410000000 0.663240000000 0.384940000000 0.717100000000 0.707280000000 0.938210000000 0.421860000000 0.728130000000 0.686660000000 0.925470000000 0.658470000000 0.893290000000 0.855520000000 0.990260000000 0.397160000000 0.698040000000 0.656690000000 0.911460000000 0.602600000000 0.863150000000 0.824870000000 0.981840000000 0.563360000000 0.844490000000 0.777110000000 0.972640000000 0.763410000000 0.938270000000 0.896320000000 0.998770000000 0.371640000000 0.663330000000 0.631690000000 0.894140000000 0.584690000000 0.850940000000 0.817790000000 0.977450000000 0.522820000000 0.812630000000 0.749500000000 0.956490000000 0.747510000000 0.933430000000 0.891960000000 0.998220000000 0.462500000000 0.779330000000 0.735110000000 0.946650000000 0.674140000000 0.900900000000 0.886280000000 0.997670000000 0.616550000000 0.875610000000 0.790590000000 0.992830000000 0.797060000000 0.943700000000 0.907760000000 0.999740000000 

0.032972000000 0.415950000000 0.596920000000 0.957150000000 0.810950000000 0.987800000000 0.992330000000 0.996150000000 0.945840000000 0.995580000000 0.995460000000 0.996180000000 0.996210000000 0.996010000000 0.995960000000 0.996100000000 0.983350000000 0.995860000000 0.995970000000 0.996100000000 0.996200000000 0.996060000000 0.996180000000 0.996100000000 0.995370000000 0.996090000000 0.996060000000 0.996070000000 0.996020000000 0.996030000000 0.996100000000 0.996100000000 0.992730000000 0.996170000000 0.995790000000 0.996140000000 0.995380000000 0.995950000000 0.995940000000 0.996110000000 0.996010000000 0.996070000000 0.996430000000 0.996040000000 0.996280000000 0.996080000000 0.996240000000 0.996090000000 0.996240000000 0.995870000000 0.996210000000 0.996090000000 0.995990000000 0.996090000000 0.996000000000 0.996080000000 0.995980000000 0.996070000000 0.996090000000 0.996090000000 0.995930000000 0.996090000000 0.996060000000 0.996100000000 

N_obs: 8000

File Format:
1- most to least reliable channels (taken entropies)
2- most to least reliable channels (taken error probabilities)
3- channels entropies (flipped)
4- channels error probabilities (flipped)
5- number of MontCarlo simulations
