63 62 61 59 31 55 47 15 23 60 39 27 7 29 43 51 58 57 30 45 53 46 54 11 13 19 35 3 14 25 21 37 22 41 49 38 26 6 5 28 9 17 33 42 50 1 44 56 52 12 10 18 34 2 24 20 36 48 40 4 8 16 32 0 

63 62 61 59 55 60 58 47 57 31 54 53 51 46 23 56 15 45 29 43 42 27 49 21 1 17 39 18 35 28 38 34 37 2 5 36 52 20 40 16 32 0 8 13 48 4 14 12 24 10 44 33 6 7 3 9 22 41 26 11 50 19 25 30 

0.000489710000 0.044383000000 0.083701000000 0.412670000000 0.166090000000 0.517870000000 0.522470000000 0.883890000000 0.247220000000 0.591520000000 0.547300000000 0.891940000000 0.495850000000 0.860350000000 0.785680000000 0.986220000000 0.268510000000 0.591140000000 0.534870000000 0.882480000000 0.485050000000 0.856670000000 0.784600000000 0.986390000000 0.419040000000 0.794280000000 0.762680000000 0.984780000000 0.633300000000 0.952320000000 0.856640000000 0.999020000000 0.240380000000 0.532920000000 0.470890000000 0.843310000000 0.431480000000 0.802100000000 0.728950000000 0.970780000000 0.403040000000 0.774870000000 0.736730000000 0.978460000000 0.624430000000 0.949310000000 0.853190000000 0.998690000000 0.328100000000 0.674890000000 0.623530000000 0.925910000000 0.607520000000 0.942420000000 0.851140000000 0.998480000000 0.451190000000 0.834250000000 0.839420000000 0.998240000000 0.664470000000 0.959570000000 0.869080000000 0.999850000000 

0.001109300000 0.124780000000 0.223640000000 0.764370000000 0.459080000000 0.901460000000 0.941660000000 0.983380000000 0.745660000000 0.967620000000 0.976660000000 0.984330000000 0.979460000000 0.984880000000 0.984120000000 0.984380000000 0.909350000000 0.982350000000 0.983420000000 0.984490000000 0.983560000000 0.984020000000 0.984640000000 0.984350000000 0.984250000000 0.984310000000 0.984320000000 0.984330000000 0.984290000000 0.984310000000 0.984500000000 0.984370000000 0.956720000000 0.985110000000 0.983550000000 0.984310000000 0.984040000000 0.984680000000 0.984960000000 0.984390000000 0.983220000000 0.984640000000 0.984230000000 0.984350000000 0.984910000000 0.984290000000 0.984250000000 0.984370000000 0.983400000000 0.984380000000 0.984380000000 0.984390000000 0.984710000000 0.984440000000 0.984600000000 0.984380000000 0.984580000000 0.984570000000 0.984320000000 0.984380000000 0.984580000000 0.984320000000 0.984240000000 0.984370000000 

N_obs: 8000

File Format:
1- most to least reliable channels (taken entropies)
2- most to least reliable channels (taken error probabilities)
3- channels entropies (flipped)
4- channels error probabilities (flipped)
5- number of MontCarlo simulations
