63 62 61 59 55 47 58 60 57 54 53 51 46 31 45 43 56 52 50 39 30 49 44 29 42 27 41 38 23 15 37 28 48 35 7 26 11 25 19 21 13 22 40 14 3 5 36 33 34 9 6 17 10 18 1 24 20 12 2 4 32 8 16 0 

63 62 61 59 55 47 58 60 57 53 54 51 46 31 45 43 56 52 50 39 49 30 44 29 42 41 27 38 48 23 37 28 35 26 40 15 25 22 36 21 19 34 14 13 33 11 24 3 7 17 18 10 12 2 1 32 0 9 16 6 8 4 20 5 

0.000000000000 0.000000000000 0.000000000000 0.000000069533 0.000000000000 0.000000039462 0.000034474000 0.006080700000 0.000000000000 0.000050755000 0.000085232000 0.013922000000 0.000110620000 0.028253000000 0.062229000000 0.458310000000 0.000000000001 0.000475230000 0.000900580000 0.070672000000 0.003721700000 0.131260000000 0.238160000000 0.670460000000 0.037180000000 0.313840000000 0.443600000000 0.797300000000 0.524240000000 0.822140000000 0.806250000000 0.976300000000 0.000598730000 0.048138000000 0.094542000000 0.447270000000 0.200740000000 0.568230000000 0.622780000000 0.897350000000 0.322230000000 0.658580000000 0.645450000000 0.904560000000 0.624830000000 0.875230000000 0.842720000000 0.986950000000 0.379220000000 0.685000000000 0.648890000000 0.907690000000 0.598720000000 0.860300000000 0.826670000000 0.982450000000 0.560090000000 0.842180000000 0.779150000000 0.972360000000 0.762190000000 0.938070000000 0.896540000000 0.998720000000 

0.000000000000 0.000000000000 0.000000000000 0.000000035378 0.000000000000 0.000000019497 0.000082489000 0.012461000000 0.000000000000 0.000136690000 0.000125680000 0.029309000000 0.000152940000 0.057271000000 0.113490000000 0.727740000000 0.000000000000 0.001119700000 0.001723700000 0.142400000000 0.007653600000 0.259470000000 0.418130000000 0.915530000000 0.078061000000 0.581420000000 0.754870000000 0.983440000000 0.894530000000 0.993860000000 0.994980000000 0.996080000000 0.001677500000 0.117470000000 0.204140000000 0.777790000000 0.432890000000 0.907370000000 0.956860000000 0.995440000000 0.735510000000 0.979600000000 0.989610000000 0.996140000000 0.993540000000 0.996020000000 0.996010000000 0.996100000000 0.924870000000 0.994620000000 0.994830000000 0.996050000000 0.995290000000 0.996050000000 0.996090000000 0.996110000000 0.995780000000 0.996110000000 0.996140000000 0.996130000000 0.995770000000 0.996060000000 0.996070000000 0.996080000000 

N_obs: 8000

File Format:
1- most to least reliable channels (taken entropies)
2- most to least reliable channels (taken error probabilities)
3- channels entropies (flipped)
4- channels error probabilities (flipped)
5- number of MontCarlo simulations
