63 61 62 59 55 60 58 47 57 54 53 31 51 46 45 56 43 15 39 52 30 23 29 27 7 50 49 11 35 19 44 13 41 37 14 21 3 42 25 38 22 26 28 5 6 9 33 17 1 48 10 12 34 18 40 36 20 24 2 4 8 32 16 0 

63 61 62 59 55 60 58 47 57 54 53 51 46 31 56 45 52 43 50 30 39 49 44 29 27 42 23 41 15 38 48 37 28 35 11 26 13 21 9 22 40 18 33 12 34 1 4 17 6 32 25 0 16 8 2 10 20 24 36 19 5 3 7 14 

0.000000000000 0.000000019897 0.000000002874 0.001589400000 0.000000030470 0.003712400000 0.007813400000 0.187750000000 0.000080994000 0.017419000000 0.035148000000 0.324130000000 0.093626000000 0.458130000000 0.516580000000 0.884990000000 0.004384400000 0.112590000000 0.178480000000 0.579130000000 0.263050000000 0.655480000000 0.632980000000 0.936140000000 0.314670000000 0.683280000000 0.633120000000 0.937760000000 0.559220000000 0.911520000000 0.824630000000 0.994440000000 0.077788000000 0.338830000000 0.360870000000 0.747900000000 0.361700000000 0.727840000000 0.670920000000 0.951040000000 0.343520000000 0.696740000000 0.641930000000 0.941920000000 0.564310000000 0.915360000000 0.826690000000 0.994740000000 0.302400000000 0.636720000000 0.581100000000 0.907530000000 0.541230000000 0.898450000000 0.819220000000 0.993590000000 0.436490000000 0.818210000000 0.800530000000 0.992710000000 0.649600000000 0.957220000000 0.862610000000 0.999530000000 

0.000000000000 0.000000006852 0.000000000896 0.003304600000 0.000000011448 0.007866600000 0.017303000000 0.348340000000 0.000327030000 0.039856000000 0.078173000000 0.557090000000 0.206630000000 0.746600000000 0.850390000000 0.978250000000 0.011424000000 0.260490000000 0.403810000000 0.878250000000 0.631080000000 0.946770000000 0.965540000000 0.984180000000 0.822210000000 0.977620000000 0.981060000000 0.984480000000 0.981830000000 0.984240000000 0.984220000000 0.984350000000 0.273750000000 0.796020000000 0.887550000000 0.981200000000 0.942020000000 0.983370000000 0.984350000000 0.984460000000 0.964310000000 0.984130000000 0.983650000000 0.984430000000 0.984660000000 0.984190000000 0.984320000000 0.984380000000 0.972690000000 0.985140000000 0.983640000000 0.984230000000 0.983130000000 0.984420000000 0.983980000000 0.984400000000 0.985020000000 0.984330000000 0.984720000000 0.984290000000 0.984800000000 0.984410000000 0.984280000000 0.984360000000 

N_obs: 8000

File Format:
1- most to least reliable channels (taken entropies)
2- most to least reliable channels (taken error probabilities)
3- channels entropies (flipped)
4- channels error probabilities (flipped)
5- number of MontCarlo simulations
