63 62 61 59 55 60 58 47 57 54 31 53 15 51 23 46 39 43 27 45 29 7 30 56 11 19 13 35 21 37 52 14 49 22 3 41 50 25 5 38 42 26 44 9 28 6 17 33 10 1 18 34 12 2 20 36 48 40 24 4 8 16 32 0 

63 62 61 59 55 60 58 57 47 54 53 51 31 46 56 45 52 43 39 50 30 49 29 44 27 23 41 15 26 3 22 21 17 11 2 24 42 38 18 35 12 40 28 20 16 0 8 9 32 36 4 1 48 13 6 34 10 5 33 7 14 37 25 19 

0.000000000394 0.000340690000 0.000498250000 0.053645000000 0.002756200000 0.104440000000 0.194500000000 0.619810000000 0.025685000000 0.260720000000 0.385590000000 0.758090000000 0.475970000000 0.790810000000 0.782900000000 0.967490000000 0.161110000000 0.505160000000 0.553070000000 0.850880000000 0.540030000000 0.820300000000 0.789450000000 0.969930000000 0.509750000000 0.803850000000 0.749370000000 0.955120000000 0.728290000000 0.925980000000 0.884020000000 0.996840000000 0.318330000000 0.616930000000 0.582410000000 0.868870000000 0.541230000000 0.824240000000 0.792960000000 0.970870000000 0.486810000000 0.784120000000 0.730750000000 0.946410000000 0.707470000000 0.917440000000 0.876360000000 0.995430000000 0.450210000000 0.758350000000 0.712540000000 0.938150000000 0.655380000000 0.891120000000 0.863780000000 0.993440000000 0.601080000000 0.869530000000 0.792960000000 0.987550000000 0.785830000000 0.942840000000 0.904350000000 0.999520000000 

0.000000000147 0.000704700000 0.001198700000 0.112370000000 0.005793100000 0.218080000000 0.357410000000 0.892610000000 0.055456000000 0.511040000000 0.683820000000 0.975210000000 0.856230000000 0.990980000000 0.994120000000 0.996110000000 0.393820000000 0.892050000000 0.953300000000 0.995350000000 0.980050000000 0.996050000000 0.995690000000 0.996090000000 0.989400000000 0.996080000000 0.996260000000 0.996100000000 0.996080000000 0.996140000000 0.996230000000 0.996100000000 0.891430000000 0.993170000000 0.994430000000 0.996090000000 0.995390000000 0.995950000000 0.996330000000 0.996040000000 0.995670000000 0.995970000000 0.996010000000 0.996090000000 0.996380000000 0.996080000000 0.996020000000 0.996090000000 0.995730000000 0.996250000000 0.996130000000 0.996080000000 0.996040000000 0.996150000000 0.996100000000 0.996100000000 0.996240000000 0.996140000000 0.996200000000 0.996100000000 0.995960000000 0.996040000000 0.996110000000 0.996090000000 

N_obs: 8000

File Format:
1- most to least reliable channels (taken entropies)
2- most to least reliable channels (taken error probabilities)
3- channels entropies (flipped)
4- channels error probabilities (flipped)
5- number of MontCarlo simulations
