63 62 61 60 59 58 57 55 54 53 51 47 46 43 31 45 39 30 29 27 52 56 50 44 23 42 49 41 38 37 28 15 26 35 25 22 48 21 40 19 36 14 34 13 24 33 11 20 7 18 17 12 10 3 9 5 32 6 1 16 2 8 4 0 

63 62 61 60 59 58 57 55 54 53 51 47 46 43 31 45 39 30 29 27 52 56 50 44 23 42 49 41 38 37 28 15 26 35 25 22 48 21 40 19 36 14 34 13 24 33 20 11 18 7 17 12 32 10 9 6 16 5 3 8 1 4 0 2 

0.000000000000 0.000000000000 0.000000000000 0.000000000000 0.000000000000 0.000000000000 0.000000000000 0.000000162570 0.000000000000 0.000000000000 0.000000000000 0.000000113390 0.000000000000 0.000000194680 0.000010962000 0.007761600000 0.000000000000 0.000000000000 0.000000000000 0.000000885220 0.000000000000 0.000009999100 0.000016203000 0.016696000000 0.000000000000 0.000064821000 0.000192480000 0.035636000000 0.000991810000 0.073824000000 0.140060000000 0.612460000000 0.000000000000 0.000000000000 0.000000000010 0.000438060000 0.000000000026 0.000809580000 0.001624300000 0.095725000000 0.000001241600 0.003864400000 0.008699000000 0.182770000000 0.029901000000 0.301190000000 0.403250000000 0.820560000000 0.000439450000 0.040982000000 0.077155000000 0.426620000000 0.154990000000 0.544370000000 0.570830000000 0.907020000000 0.251280000000 0.625760000000 0.600460000000 0.923270000000 0.544840000000 0.901270000000 0.818110000000 0.993360000000 

0.000000000000 0.000000000000 0.000000000000 0.000000000000 0.000000000000 0.000000000000 0.000000000000 0.000000067861 0.000000000000 0.000000000000 0.000000000000 0.000000044794 0.000000000000 0.000000075989 0.000012853000 0.015705000000 0.000000000000 0.000000000000 0.000000000000 0.000000477960 0.000000000000 0.000008212700 0.000014068000 0.032966000000 0.000000000000 0.000134880000 0.000493580000 0.069718000000 0.001928700000 0.140420000000 0.256100000000 0.835000000000 0.000000000000 0.000000000000 0.000000000002 0.001099200000 0.000000000006 0.001475400000 0.003819400000 0.183690000000 0.000000860600 0.008906400000 0.018562000000 0.336760000000 0.065304000000 0.527420000000 0.692210000000 0.964320000000 0.001398500000 0.094578000000 0.177580000000 0.713440000000 0.366830000000 0.855510000000 0.918970000000 0.983140000000 0.643190000000 0.951030000000 0.967930000000 0.984130000000 0.974370000000 0.984340000000 0.983990000000 0.984320000000 

N_obs: 8000

File Format:
1- most to least reliable channels (taken entropies)
2- most to least reliable channels (taken error probabilities)
3- channels entropies (flipped)
4- channels error probabilities (flipped)
5- number of MontCarlo simulations
