63 62 61 59 55 31 47 60 15 23 39 58 27 7 57 29 43 51 53 45 30 54 46 11 13 19 35 3 14 21 25 37 22 49 41 38 26 6 5 28 56 42 50 9 17 33 1 44 52 12 10 18 34 2 24 20 36 48 40 4 8 16 32 0 

63 62 61 59 55 60 58 47 57 54 31 53 51 46 56 45 43 27 30 7 39 19 38 29 9 41 25 44 33 23 14 20 52 42 40 12 26 1 0 8 16 4 32 36 48 21 2 11 24 37 15 13 17 18 5 34 50 10 3 6 49 28 35 22 

0.000067674000 0.016602000000 0.033654000000 0.287730000000 0.089820000000 0.415720000000 0.460020000000 0.842320000000 0.190770000000 0.533420000000 0.516940000000 0.874660000000 0.476650000000 0.845790000000 0.772980000000 0.983120000000 0.250720000000 0.571910000000 0.518340000000 0.872220000000 0.472540000000 0.843440000000 0.773560000000 0.983490000000 0.409200000000 0.786240000000 0.748070000000 0.980780000000 0.627910000000 0.949950000000 0.854000000000 0.998740000000 0.232840000000 0.522100000000 0.468100000000 0.838880000000 0.425450000000 0.794610000000 0.725290000000 0.969450000000 0.399390000000 0.765360000000 0.720870000000 0.973620000000 0.619610000000 0.945870000000 0.850360000000 0.998340000000 0.326040000000 0.672720000000 0.619230000000 0.924350000000 0.600270000000 0.937630000000 0.847430000000 0.998060000000 0.448870000000 0.832060000000 0.835310000000 0.997790000000 0.663100000000 0.959570000000 0.868210000000 0.999820000000 

0.000170920000 0.045423000000 0.091117000000 0.586950000000 0.246520000000 0.778160000000 0.875660000000 0.980430000000 0.562190000000 0.930280000000 0.959530000000 0.984250000000 0.972650000000 0.984570000000 0.984800000000 0.984410000000 0.833220000000 0.977430000000 0.981430000000 0.984180000000 0.982790000000 0.984310000000 0.984150000000 0.984330000000 0.983810000000 0.983970000000 0.984460000000 0.984400000000 0.984930000000 0.984560000000 0.984210000000 0.984380000000 0.945800000000 0.983420000000 0.983970000000 0.984880000000 0.983120000000 0.984360000000 0.984180000000 0.984460000000 0.984220000000 0.984960000000 0.984410000000 0.984250000000 0.983870000000 0.984540000000 0.984500000000 0.984380000000 0.984480000000 0.984230000000 0.984490000000 0.984340000000 0.984460000000 0.984620000000 0.984140000000 0.984370000000 0.983680000000 0.984700000000 0.984550000000 0.984380000000 0.984650000000 0.984420000000 0.984360000000 0.984370000000 

N_obs: 8000

File Format:
1- most to least reliable channels (taken entropies)
2- most to least reliable channels (taken error probabilities)
3- channels entropies (flipped)
4- channels error probabilities (flipped)
5- number of MontCarlo simulations
