63 62 61 59 55 47 58 60 57 54 53 51 31 46 45 56 43 52 30 50 39 29 49 44 27 42 23 15 41 38 7 28 37 35 11 19 13 26 25 48 21 14 22 3 40 5 33 9 6 17 36 34 1 10 18 12 24 20 2 32 4 8 16 0 

63 62 61 59 55 47 58 60 57 54 53 51 31 46 45 56 43 52 50 30 39 49 44 29 42 27 41 38 23 28 48 37 15 26 35 40 25 22 21 36 19 14 34 33 13 11 24 7 9 18 20 10 4 3 0 32 1 16 8 12 2 17 5 6 

0.000000000000 0.000000000000 0.000000000000 0.000002072600 0.000000000000 0.000001699500 0.000011029000 0.014284000000 0.000000000000 0.000048797000 0.000135900000 0.030173000000 0.000835770000 0.062274000000 0.118000000000 0.559550000000 0.000000011492 0.001661300000 0.003375000000 0.124620000000 0.014937000000 0.215930000000 0.307880000000 0.750080000000 0.068077000000 0.388730000000 0.452700000000 0.837490000000 0.459200000000 0.838390000000 0.771950000000 0.982800000000 0.001080000000 0.056606000000 0.102490000000 0.448710000000 0.182960000000 0.549990000000 0.552080000000 0.898120000000 0.256920000000 0.608430000000 0.567800000000 0.905120000000 0.516070000000 0.878540000000 0.799790000000 0.989320000000 0.272760000000 0.600860000000 0.544420000000 0.887370000000 0.496060000000 0.863190000000 0.791890000000 0.987780000000 0.424580000000 0.798610000000 0.766160000000 0.985520000000 0.638080000000 0.953060000000 0.857900000000 0.999110000000 

0.000000000000 0.000000000000 0.000000000000 0.000001197800 0.000000000000 0.000000823440 0.000007973200 0.029868000000 0.000000000000 0.000065083000 0.000337030000 0.059680000000 0.001568800000 0.120300000000 0.221130000000 0.792600000000 0.000000004168 0.003400700000 0.007701300000 0.242300000000 0.034038000000 0.408620000000 0.570940000000 0.938680000000 0.165330000000 0.701390000000 0.825130000000 0.977220000000 0.908470000000 0.982470000000 0.982890000000 0.984430000000 0.003251700000 0.152590000000 0.259410000000 0.786270000000 0.489420000000 0.904480000000 0.944900000000 0.983480000000 0.746540000000 0.967170000000 0.975050000000 0.984200000000 0.979430000000 0.984200000000 0.984800000000 0.984440000000 0.892520000000 0.981720000000 0.982930000000 0.984450000000 0.983330000000 0.984250000000 0.983970000000 0.984440000000 0.983880000000 0.984980000000 0.984960000000 0.984370000000 0.984390000000 0.984580000000 0.984440000000 0.984390000000 

N_obs: 8000

File Format:
1- most to least reliable channels (taken entropies)
2- most to least reliable channels (taken error probabilities)
3- channels entropies (flipped)
4- channels error probabilities (flipped)
5- number of MontCarlo simulations
