63 62 61 59 55 60 47 31 58 15 57 23 39 54 27 43 51 53 7 29 45 46 30 11 13 19 21 35 37 14 3 5 22 25 41 38 56 49 26 42 50 6 9 52 17 28 33 44 10 1 18 34 12 2 20 36 24 40 48 4 8 16 32 0 

63 62 61 59 55 60 58 47 57 54 53 31 51 46 56 45 43 39 13 30 27 52 29 19 9 15 5 35 6 42 26 14 38 40 18 33 12 8 41 1 0 24 48 10 16 17 32 49 2 4 50 44 22 20 36 34 37 28 25 3 11 7 21 23 

0.000001009600 0.007229700000 0.016472000000 0.233030000000 0.055938000000 0.363770000000 0.486340000000 0.825120000000 0.181440000000 0.543720000000 0.593690000000 0.876110000000 0.593560000000 0.857040000000 0.827170000000 0.982370000000 0.323820000000 0.643850000000 0.617580000000 0.891830000000 0.573870000000 0.844530000000 0.809620000000 0.976970000000 0.534240000000 0.824200000000 0.765090000000 0.962980000000 0.744110000000 0.932050000000 0.889610000000 0.997820000000 0.351880000000 0.644390000000 0.609360000000 0.883060000000 0.564280000000 0.837740000000 0.805740000000 0.974490000000 0.504930000000 0.797670000000 0.741210000000 0.950110000000 0.721910000000 0.923280000000 0.882150000000 0.996610000000 0.453420000000 0.765340000000 0.721350000000 0.941930000000 0.664980000000 0.895410000000 0.872780000000 0.995350000000 0.606290000000 0.871240000000 0.792830000000 0.989910000000 0.791250000000 0.943350000000 0.905870000000 0.999610000000 

0.000000579040 0.017352000000 0.036599000000 0.456880000000 0.119990000000 0.662720000000 0.812160000000 0.988630000000 0.405500000000 0.900090000000 0.955400000000 0.995760000000 0.980790000000 0.996120000000 0.996100000000 0.996100000000 0.811240000000 0.987390000000 0.992700000000 0.996120000000 0.994950000000 0.996030000000 0.996080000000 0.996060000000 0.995200000000 0.996050000000 0.996150000000 0.996140000000 0.996010000000 0.996150000000 0.996070000000 0.996100000000 0.972480000000 0.995690000000 0.995820000000 0.996220000000 0.995720000000 0.996030000000 0.996220000000 0.996090000000 0.996410000000 0.996130000000 0.996390000000 0.996140000000 0.995900000000 0.996070000000 0.996100000000 0.996100000000 0.995990000000 0.996050000000 0.995640000000 0.996070000000 0.996300000000 0.996100000000 0.995990000000 0.996080000000 0.996310000000 0.996020000000 0.996000000000 0.996120000000 0.996300000000 0.996110000000 0.996090000000 0.996090000000 

N_obs: 8000

File Format:
1- most to least reliable channels (taken entropies)
2- most to least reliable channels (taken error probabilities)
3- channels entropies (flipped)
4- channels error probabilities (flipped)
5- number of MontCarlo simulations
