63 61 62 59 55 60 58 47 57 54 53 51 31 46 56 45 43 52 15 39 23 27 30 29 50 7 11 49 19 35 44 13 37 21 41 14 42 38 22 25 3 5 26 28 9 6 17 33 10 1 18 34 48 12 20 36 2 40 24 4 8 16 32 0 

63 61 62 59 55 60 58 57 47 54 53 51 46 56 31 45 52 43 50 39 49 30 44 29 42 27 41 23 15 48 38 37 35 28 13 7 6 26 18 25 5 1 40 12 0 32 36 19 33 14 4 24 8 16 3 10 34 2 20 17 21 9 22 11 

0.000000000000 0.000001957600 0.000000021848 0.003794100000 0.000018601000 0.008508000000 0.018001000000 0.273630000000 0.000244770000 0.035122000000 0.076479000000 0.438340000000 0.180350000000 0.576800000000 0.654710000000 0.916460000000 0.014911000000 0.201570000000 0.311640000000 0.696610000000 0.410430000000 0.742820000000 0.737470000000 0.950070000000 0.455710000000 0.763660000000 0.717600000000 0.940820000000 0.696130000000 0.912530000000 0.873380000000 0.994750000000 0.197190000000 0.517000000000 0.529650000000 0.836750000000 0.513260000000 0.802410000000 0.773950000000 0.964340000000 0.471000000000 0.767870000000 0.718870000000 0.940080000000 0.690240000000 0.909490000000 0.869490000000 0.993850000000 0.439200000000 0.741610000000 0.699560000000 0.932010000000 0.641410000000 0.884480000000 0.852500000000 0.990540000000 0.589420000000 0.862530000000 0.791330000000 0.983710000000 0.781220000000 0.942010000000 0.902290000000 0.999370000000 

0.000000000000 0.000002022300 0.000000009005 0.008285600000 0.000058999000 0.017422000000 0.035387000000 0.491960000000 0.000778740000 0.074884000000 0.147410000000 0.718660000000 0.340030000000 0.869210000000 0.941290000000 0.995040000000 0.036988000000 0.424590000000 0.594210000000 0.956030000000 0.801580000000 0.986710000000 0.992240000000 0.996060000000 0.930050000000 0.995040000000 0.995420000000 0.996090000000 0.995520000000 0.996120000000 0.996090000000 0.996090000000 0.543530000000 0.943090000000 0.974990000000 0.995790000000 0.987560000000 0.996020000000 0.996040000000 0.996100000000 0.993110000000 0.996240000000 0.996170000000 0.996150000000 0.996090000000 0.996040000000 0.996170000000 0.996110000000 0.994850000000 0.996090000000 0.995820000000 0.996080000000 0.996340000000 0.996120000000 0.996240000000 0.996100000000 0.995870000000 0.995980000000 0.996050000000 0.996100000000 0.996110000000 0.996140000000 0.996060000000 0.996090000000 

N_obs: 8000

File Format:
1- most to least reliable channels (taken entropies)
2- most to least reliable channels (taken error probabilities)
3- channels entropies (flipped)
4- channels error probabilities (flipped)
5- number of MontCarlo simulations
