63 31 47 55 15 59 62 61 23 39 27 7 29 51 30 43 45 53 13 11 57 46 35 19 54 3 14 58 60 25 21 49 22 37 26 38 41 6 5 28 9 17 33 1 50 44 42 52 12 56 10 18 34 2 24 48 20 40 36 4 8 16 32 0 

63 62 61 59 55 47 54 60 31 30 53 11 21 29 58 51 9 34 41 3 5 22 27 13 24 52 37 1 49 14 40 10 12 20 56 48 16 4 0 2 32 8 36 45 23 17 50 42 26 19 46 35 57 25 43 28 18 44 38 33 6 15 39 7 

0.093321000000 0.341800000000 0.348880000000 0.726820000000 0.340240000000 0.699110000000 0.644230000000 0.941940000000 0.320040000000 0.664920000000 0.606270000000 0.923870000000 0.534230000000 0.893050000000 0.809970000000 0.991950000000 0.309930000000 0.646680000000 0.591460000000 0.912010000000 0.557800000000 0.912420000000 0.830300000000 0.995690000000 0.443840000000 0.824750000000 0.820320000000 0.995730000000 0.653790000000 0.958860000000 0.865430000000 0.999700000000 0.253390000000 0.553130000000 0.492270000000 0.859270000000 0.449720000000 0.820470000000 0.743530000000 0.976720000000 0.429230000000 0.812930000000 0.803780000000 0.993490000000 0.654400000000 0.957950000000 0.864000000000 0.999630000000 0.335400000000 0.685190000000 0.632740000000 0.929390000000 0.637890000000 0.955220000000 0.863120000000 0.999570000000 0.457670000000 0.838260000000 0.853330000000 0.999510000000 0.670430000000 0.959680000000 0.871570000000 0.999920000000 

0.368250000000 0.853020000000 0.922000000000 0.983410000000 0.960620000000 0.983930000000 0.984540000000 0.984340000000 0.974180000000 0.983350000000 0.983800000000 0.984280000000 0.983990000000 0.984450000000 0.984290000000 0.984360000000 0.977710000000 0.984500000000 0.984390000000 0.984590000000 0.984560000000 0.984470000000 0.984110000000 0.984310000000 0.985190000000 0.984600000000 0.984280000000 0.984380000000 0.984530000000 0.984070000000 0.984640000000 0.984370000000 0.983650000000 0.983700000000 0.983920000000 0.984580000000 0.984200000000 0.984480000000 0.984540000000 0.984260000000 0.984410000000 0.984130000000 0.983880000000 0.984340000000 0.984480000000 0.984580000000 0.984440000000 0.984360000000 0.984920000000 0.984310000000 0.984250000000 0.984330000000 0.983860000000 0.984320000000 0.984010000000 0.984380000000 0.985760000000 0.984900000000 0.984110000000 0.984370000000 0.984110000000 0.984370000000 0.984280000000 0.984370000000 

N_obs: 8000

File Format:
1- most to least reliable channels (taken entropies)
2- most to least reliable channels (taken error probabilities)
3- channels entropies (flipped)
4- channels error probabilities (flipped)
5- number of MontCarlo simulations
