63 62 61 60 59 58 57 55 54 53 51 47 46 45 43 39 31 30 29 27 23 15 52 49 44 50 38 42 37 56 41 35 28 26 22 21 19 25 13 14 11 48 40 36 34 33 24 20 18 7 17 12 10 9 32 6 16 5 3 8 4 2 1 0 

63 62 61 60 59 58 57 55 54 53 51 47 46 45 43 39 31 30 29 27 23 15 52 49 44 50 38 37 56 42 41 35 28 22 26 21 19 25 13 14 48 11 36 40 34 33 24 20 7 18 17 12 10 9 32 6 5 16 3 8 4 2 1 0 

0.000000000000 0.000000000000 0.000000000000 0.000000000000 0.000000000000 0.000000000000 0.000000000000 0.000000000000 0.000000000000 0.000000000000 0.000000000000 0.000000000000 0.000000000000 0.000000000000 0.000000000000 0.000049178000 0.000000000000 0.000000000000 0.000000000000 0.000000000000 0.000000000000 0.000000000000 0.000000000000 0.000139530000 0.000000000000 0.000000000000 0.000000000000 0.000167040000 0.000000000000 0.000302250000 0.000752430000 0.096250000000 0.000000000000 0.000000000000 0.000000000000 0.000000000002 0.000000000000 0.000000000022 0.000001479600 0.000919590000 0.000000000000 0.000000000022 0.000000013839 0.001388900000 0.000000068212 0.003918800000 0.009220300000 0.226480000000 0.000000000000 0.000017478000 0.000013638000 0.014513000000 0.000046364000 0.030159000000 0.066983000000 0.441290000000 0.003928200000 0.127220000000 0.231590000000 0.649460000000 0.383500000000 0.745580000000 0.761900000000 0.962330000000 

0.000000000000 0.000000000000 0.000000000000 0.000000000000 0.000000000000 0.000000000000 0.000000000000 0.000000000000 0.000000000000 0.000000000000 0.000000000000 0.000000000000 0.000000000000 0.000000000000 0.000000000000 0.000096363000 0.000000000000 0.000000000000 0.000000000000 0.000000000000 0.000000000000 0.000000000000 0.000000000000 0.000501800000 0.000000000000 0.000000000000 0.000000000000 0.000415920000 0.000000000000 0.000664770000 0.001574900000 0.211290000000 0.000000000000 0.000000000000 0.000000000000 0.000000000001 0.000000000000 0.000000000006 0.000001306900 0.002204900000 0.000000000000 0.000000000006 0.000000006901 0.003750600000 0.000000033584 0.009606300000 0.020596000000 0.444100000000 0.000000000000 0.000055153000 0.000020331000 0.033649000000 0.000107070000 0.064517000000 0.130950000000 0.731590000000 0.008563500000 0.264580000000 0.433150000000 0.920570000000 0.703980000000 0.979730000000 0.990580000000 0.996110000000 

N_obs: 8000

File Format:
1- most to least reliable channels (taken entropies)
2- most to least reliable channels (taken error probabilities)
3- channels entropies (flipped)
4- channels error probabilities (flipped)
5- number of MontCarlo simulations
