63 62 61 59 55 60 58 47 31 57 54 15 53 23 39 51 27 43 7 29 45 46 30 11 19 35 13 56 3 14 21 25 37 49 41 22 38 52 26 50 42 28 5 6 44 9 17 33 1 12 10 18 34 2 20 24 36 48 40 4 8 16 32 0 

63 62 61 59 55 60 58 47 57 54 53 31 51 46 56 45 43 52 39 30 29 50 49 23 27 11 44 41 42 15 38 26 9 34 14 10 1 33 2 20 32 28 4 16 0 40 18 5 8 48 24 36 13 12 35 17 3 6 21 22 25 19 37 7 

0.000000000001 0.000432820000 0.001549800000 0.071604000000 0.005778400000 0.136940000000 0.218590000000 0.649790000000 0.038687000000 0.293830000000 0.363480000000 0.769150000000 0.399800000000 0.781350000000 0.724580000000 0.969550000000 0.140980000000 0.462780000000 0.457090000000 0.831350000000 0.431070000000 0.804490000000 0.740490000000 0.974250000000 0.388830000000 0.761090000000 0.711510000000 0.969340000000 0.606280000000 0.940480000000 0.846020000000 0.997810000000 0.209480000000 0.496080000000 0.448390000000 0.824130000000 0.405520000000 0.777570000000 0.709580000000 0.964550000000 0.379240000000 0.742790000000 0.689220000000 0.962380000000 0.599980000000 0.936650000000 0.842260000000 0.997280000000 0.319210000000 0.662940000000 0.607460000000 0.919130000000 0.576910000000 0.924560000000 0.838220000000 0.996800000000 0.443540000000 0.825570000000 0.824310000000 0.996360000000 0.658060000000 0.958970000000 0.866760000000 0.999750000000 

0.000000000000 0.001276600000 0.004258200000 0.164340000000 0.013843000000 0.293380000000 0.460890000000 0.904870000000 0.105800000000 0.602870000000 0.753440000000 0.969340000000 0.875670000000 0.980830000000 0.981780000000 0.984400000000 0.451730000000 0.894050000000 0.944620000000 0.983550000000 0.966170000000 0.983880000000 0.983780000000 0.984380000000 0.973220000000 0.984070000000 0.984920000000 0.984430000000 0.984610000000 0.984210000000 0.984270000000 0.984340000000 0.827160000000 0.976120000000 0.980700000000 0.984350000000 0.983030000000 0.984120000000 0.984820000000 0.984430000000 0.982270000000 0.984770000000 0.984760000000 0.984320000000 0.984820000000 0.984390000000 0.984650000000 0.984380000000 0.983970000000 0.984220000000 0.984510000000 0.984560000000 0.983510000000 0.984230000000 0.984200000000 0.984400000000 0.985730000000 0.984750000000 0.984390000000 0.984350000000 0.984700000000 0.984310000000 0.984250000000 0.984380000000 

N_obs: 8000

File Format:
1- most to least reliable channels (taken entropies)
2- most to least reliable channels (taken error probabilities)
3- channels entropies (flipped)
4- channels error probabilities (flipped)
5- number of MontCarlo simulations
