63 62 61 59 31 47 55 15 23 39 27 43 60 7 29 51 45 30 11 53 58 57 46 54 13 19 21 35 37 14 5 3 22 25 41 38 26 49 42 6 9 50 17 28 33 10 1 44 52 56 18 34 2 12 20 36 24 40 48 4 8 16 32 0 

63 62 61 59 55 60 47 58 57 31 54 53 51 27 23 29 7 26 56 15 1 17 49 12 33 28 24 40 9 48 36 25 22 4 0 50 52 8 32 41 19 2 16 38 34 14 10 44 20 45 46 21 6 42 5 18 3 39 35 37 11 30 43 13 

0.006393600000 0.134100000000 0.227840000000 0.613970000000 0.344150000000 0.687760000000 0.689550000000 0.931040000000 0.409050000000 0.719730000000 0.680050000000 0.922930000000 0.653540000000 0.890270000000 0.853280000000 0.989650000000 0.397640000000 0.697090000000 0.653630000000 0.910240000000 0.600800000000 0.860550000000 0.823670000000 0.981520000000 0.558540000000 0.841760000000 0.776980000000 0.971430000000 0.761080000000 0.937540000000 0.895680000000 0.998660000000 0.365970000000 0.658900000000 0.625380000000 0.891920000000 0.584450000000 0.849860000000 0.815600000000 0.977050000000 0.518850000000 0.808160000000 0.749210000000 0.954990000000 0.745840000000 0.931820000000 0.890580000000 0.998010000000 0.460430000000 0.778110000000 0.733800000000 0.946250000000 0.674950000000 0.901080000000 0.884900000000 0.997410000000 0.618880000000 0.875950000000 0.790530000000 0.992660000000 0.795780000000 0.943560000000 0.907510000000 0.999740000000 

0.014892000000 0.311630000000 0.480460000000 0.929710000000 0.734660000000 0.978740000000 0.988400000000 0.996000000000 0.913480000000 0.994260000000 0.995430000000 0.996090000000 0.995650000000 0.996090000000 0.996050000000 0.996080000000 0.977630000000 0.996160000000 0.996140000000 0.996140000000 0.996410000000 0.996170000000 0.996100000000 0.996070000000 0.996310000000 0.996120000000 0.996330000000 0.996090000000 0.996320000000 0.996120000000 0.996060000000 0.996100000000 0.993070000000 0.996380000000 0.995860000000 0.996070000000 0.995740000000 0.995990000000 0.996090000000 0.996070000000 0.995820000000 0.996090000000 0.996160000000 0.996140000000 0.996100000000 0.996180000000 0.996040000000 0.996110000000 0.996040000000 0.996130000000 0.996430000000 0.996060000000 0.996340000000 0.996130000000 0.996070000000 0.996100000000 0.995990000000 0.996160000000 0.996170000000 0.996090000000 0.996220000000 0.996100000000 0.996040000000 0.996090000000 

N_obs: 8000

File Format:
1- most to least reliable channels (taken entropies)
2- most to least reliable channels (taken error probabilities)
3- channels entropies (flipped)
4- channels error probabilities (flipped)
5- number of MontCarlo simulations
