63 62 61 59 55 60 58 47 57 31 54 53 15 51 23 39 27 46 43 45 29 7 30 56 11 19 35 13 3 14 21 37 25 49 52 41 22 38 50 26 42 44 28 5 6 9 17 33 1 12 10 18 34 2 20 48 24 36 40 4 8 16 32 0 

63 62 61 59 55 60 58 57 47 54 53 31 51 46 56 45 52 43 39 30 50 29 49 27 23 44 15 35 42 22 11 25 28 37 9 33 41 6 17 12 34 4 32 24 40 2 1 8 16 36 0 5 20 38 21 13 48 10 3 7 18 26 14 19 

0.000000000000 0.000204770000 0.000365590000 0.043655000000 0.001807000000 0.084603000000 0.149420000000 0.568470000000 0.017577000000 0.211260000000 0.298260000000 0.715050000000 0.361330000000 0.751670000000 0.705110000000 0.962880000000 0.104320000000 0.410110000000 0.431120000000 0.808870000000 0.415770000000 0.791370000000 0.728340000000 0.970760000000 0.382690000000 0.749150000000 0.699090000000 0.965170000000 0.599460000000 0.937150000000 0.843260000000 0.997420000000 0.193400000000 0.480050000000 0.435700000000 0.816140000000 0.402260000000 0.771060000000 0.704740000000 0.963320000000 0.370950000000 0.734920000000 0.682120000000 0.959060000000 0.596780000000 0.932650000000 0.840020000000 0.996910000000 0.316150000000 0.657680000000 0.600830000000 0.917530000000 0.570320000000 0.919980000000 0.835580000000 0.996340000000 0.443290000000 0.826680000000 0.820170000000 0.995820000000 0.656730000000 0.958680000000 0.866460000000 0.999720000000 

0.000000000000 0.000540270000 0.000940050000 0.102870000000 0.004707800000 0.188900000000 0.316170000000 0.848280000000 0.046283000000 0.451290000000 0.621740000000 0.947610000000 0.800450000000 0.974990000000 0.979860000000 0.984470000000 0.322320000000 0.832210000000 0.909950000000 0.982710000000 0.952080000000 0.983640000000 0.984180000000 0.984360000000 0.966180000000 0.984410000000 0.983930000000 0.984390000000 0.983440000000 0.984280000000 0.984000000000 0.984350000000 0.760540000000 0.970020000000 0.975220000000 0.983890000000 0.981010000000 0.984700000000 0.983860000000 0.984350000000 0.982000000000 0.983680000000 0.984440000000 0.984410000000 0.985320000000 0.984660000000 0.984250000000 0.984380000000 0.982880000000 0.984890000000 0.984470000000 0.984280000000 0.983840000000 0.984560000000 0.983970000000 0.984380000000 0.984630000000 0.984210000000 0.984400000000 0.984340000000 0.984600000000 0.984360000000 0.984370000000 0.984390000000 

N_obs: 8000

File Format:
1- most to least reliable channels (taken entropies)
2- most to least reliable channels (taken error probabilities)
3- channels entropies (flipped)
4- channels error probabilities (flipped)
5- number of MontCarlo simulations
