63 62 61 59 55 47 60 58 57 54 53 31 51 46 45 43 56 39 52 30 29 50 49 44 27 42 41 23 38 28 37 15 26 48 35 25 22 40 21 7 19 11 13 14 36 3 34 33 24 5 17 9 6 20 18 10 12 1 32 2 4 16 8 0 

63 62 61 59 55 47 60 58 57 54 53 31 51 46 45 43 56 39 52 30 50 29 49 44 27 42 41 38 23 28 37 48 26 35 15 25 40 22 36 21 19 34 14 24 33 13 11 20 7 18 17 12 32 10 8 2 16 4 5 0 6 1 3 9 

0.000000000000 0.000000000000 0.000000000000 0.000000000002 0.000000000000 0.000000000007 0.000000000012 0.000642520000 0.000000000000 0.000000000041 0.000000000073 0.001011900000 0.000000001886 0.002616900000 0.005352800000 0.180160000000 0.000000000000 0.000000091669 0.000000186970 0.006699400000 0.000058924000 0.015097000000 0.030811000000 0.333960000000 0.000832540000 0.056430000000 0.101600000000 0.508520000000 0.203830000000 0.629990000000 0.641550000000 0.940510000000 0.000000000680 0.001175200000 0.002374000000 0.092777000000 0.009900000000 0.168010000000 0.251080000000 0.682920000000 0.048822000000 0.319260000000 0.389370000000 0.787240000000 0.413100000000 0.797960000000 0.739900000000 0.974260000000 0.147630000000 0.472580000000 0.467390000000 0.839610000000 0.445220000000 0.817570000000 0.749820000000 0.977370000000 0.398350000000 0.767160000000 0.721610000000 0.973230000000 0.613350000000 0.943870000000 0.849730000000 0.998220000000 

0.000000000000 0.000000000000 0.000000000000 0.000000000000 0.000000000000 0.000000000001 0.000000000002 0.001583200000 0.000000000000 0.000000000009 0.000000000016 0.002095600000 0.000000000511 0.005192700000 0.010534000000 0.314580000000 0.000000000000 0.000000037052 0.000000079783 0.013601000000 0.000097927000 0.029206000000 0.060437000000 0.540240000000 0.001618900000 0.114490000000 0.205660000000 0.759640000000 0.421870000000 0.894060000000 0.940320000000 0.983810000000 0.000000000189 0.002898700000 0.006524700000 0.202290000000 0.024377000000 0.352690000000 0.508130000000 0.917970000000 0.132290000000 0.633620000000 0.771500000000 0.971920000000 0.883430000000 0.980890000000 0.982550000000 0.984310000000 0.456540000000 0.894870000000 0.942170000000 0.983530000000 0.965370000000 0.984110000000 0.984860000000 0.984200000000 0.973900000000 0.984480000000 0.984350000000 0.984350000000 0.984620000000 0.984210000000 0.984540000000 0.984380000000 

N_obs: 8000

File Format:
1- most to least reliable channels (taken entropies)
2- most to least reliable channels (taken error probabilities)
3- channels entropies (flipped)
4- channels error probabilities (flipped)
5- number of MontCarlo simulations
