63 62 61 59 55 31 47 15 60 23 39 27 43 58 7 29 51 45 57 30 53 11 54 46 13 19 21 35 37 14 5 3 22 25 41 38 26 49 42 6 9 50 17 28 33 10 44 1 56 52 18 34 2 12 20 36 24 40 48 4 8 16 32 0 

63 62 61 59 55 60 58 47 57 54 31 53 51 46 56 23 45 39 21 19 25 41 49 26 44 42 12 50 29 33 52 17 18 36 34 28 32 24 16 13 48 30 22 8 40 20 4 0 5 11 9 6 1 37 10 3 35 2 43 14 38 7 27 15 

0.000696290000 0.058063000000 0.112990000000 0.479570000000 0.230090000000 0.601970000000 0.642270000000 0.907310000000 0.351830000000 0.682710000000 0.657910000000 0.912210000000 0.634140000000 0.880850000000 0.846540000000 0.987910000000 0.379460000000 0.682890000000 0.641860000000 0.904920000000 0.590420000000 0.855190000000 0.819580000000 0.980060000000 0.552850000000 0.836080000000 0.772400000000 0.968280000000 0.754630000000 0.935870000000 0.893070000000 0.998380000000 0.362590000000 0.656770000000 0.619040000000 0.889750000000 0.576150000000 0.844520000000 0.811600000000 0.975960000000 0.513320000000 0.804360000000 0.746040000000 0.953560000000 0.735550000000 0.929000000000 0.887330000000 0.997590000000 0.460000000000 0.774160000000 0.730090000000 0.944840000000 0.672290000000 0.898410000000 0.880450000000 0.996710000000 0.613770000000 0.873730000000 0.792400000000 0.991820000000 0.795640000000 0.943490000000 0.907000000000 0.999680000000 

0.001520000000 0.137990000000 0.241810000000 0.807830000000 0.485770000000 0.927310000000 0.967370000000 0.995730000000 0.796300000000 0.986410000000 0.992500000000 0.996050000000 0.994000000000 0.996040000000 0.995950000000 0.996090000000 0.954210000000 0.995100000000 0.995800000000 0.996000000000 0.996210000000 0.996020000000 0.995940000000 0.996090000000 0.995810000000 0.996240000000 0.996170000000 0.996070000000 0.996190000000 0.996070000000 0.996050000000 0.996090000000 0.989540000000 0.996090000000 0.996050000000 0.996080000000 0.996680000000 0.995960000000 0.995930000000 0.996090000000 0.995770000000 0.996090000000 0.995840000000 0.996100000000 0.995920000000 0.996060000000 0.996050000000 0.996090000000 0.996730000000 0.996220000000 0.996090000000 0.996030000000 0.996110000000 0.996170000000 0.996110000000 0.996090000000 0.996340000000 0.996110000000 0.996100000000 0.996100000000 0.996190000000 0.996190000000 0.996160000000 0.996100000000 

N_obs: 8000

File Format:
1- most to least reliable channels (taken entropies)
2- most to least reliable channels (taken error probabilities)
3- channels entropies (flipped)
4- channels error probabilities (flipped)
5- number of MontCarlo simulations
