63 62 61 60 59 58 57 56 55 54 53 52 51 50 49 47 46 45 44 43 42 41 39 38 37 35 31 30 29 28 27 26 25 23 22 21 19 15 14 13 11 7 40 48 36 24 20 18 34 33 10 12 9 17 6 5 3 32 16 8 4 2 1 0 

63 62 61 60 59 58 57 56 55 54 53 52 51 50 49 47 46 45 44 43 42 41 39 38 37 35 31 30 29 28 27 26 25 23 22 21 19 15 14 13 11 7 40 48 36 24 20 18 34 33 10 12 9 17 6 5 3 32 16 8 4 2 1 0 

0.000000000000 0.000000000000 0.000000000000 0.000000000000 0.000000000000 0.000000000000 0.000000000000 0.000000000000 0.000000000000 0.000000000000 0.000000000000 0.000000000000 0.000000000000 0.000000000000 0.000000000000 0.000000001088 0.000000000000 0.000000000000 0.000000000000 0.000000000000 0.000000000000 0.000000000000 0.000000000000 0.000000000442 0.000000000000 0.000000000000 0.000000000000 0.000000015544 0.000000000000 0.000000452070 0.000001099700 0.003980100000 0.000000000000 0.000000000000 0.000000000000 0.000000000000 0.000000000000 0.000000000000 0.000000000000 0.000000029371 0.000000000000 0.000000000000 0.000000000000 0.000000060656 0.000000000000 0.000000176210 0.000014494000 0.009633400000 0.000000000000 0.000000000000 0.000000000000 0.000004633300 0.000000000000 0.000001887700 0.000011074000 0.023464000000 0.000000000000 0.000129720000 0.000314960000 0.060123000000 0.003742200000 0.138290000000 0.269030000000 0.723520000000 

0.000000000000 0.000000000000 0.000000000000 0.000000000000 0.000000000000 0.000000000000 0.000000000000 0.000000000000 0.000000000000 0.000000000000 0.000000000000 0.000000000000 0.000000000000 0.000000000000 0.000000000000 0.000000000420 0.000000000000 0.000000000000 0.000000000000 0.000000000000 0.000000000000 0.000000000000 0.000000000000 0.000000000149 0.000000000000 0.000000000000 0.000000000000 0.000000007484 0.000000000000 0.000000366240 0.000000966560 0.010725000000 0.000000000000 0.000000000000 0.000000000000 0.000000000000 0.000000000000 0.000000000000 0.000000000000 0.000000014094 0.000000000000 0.000000000000 0.000000000000 0.000000027202 0.000000000000 0.000000090623 0.000106040000 0.024204000000 0.000000000000 0.000000000000 0.000000000000 0.000005304900 0.000000000000 0.000001232200 0.000009845200 0.054869000000 0.000000000000 0.000196920000 0.000933790000 0.134430000000 0.008529500000 0.283700000000 0.487840000000 0.956020000000 

N_obs: 8000

File Format:
1- most to least reliable channels (taken entropies)
2- most to least reliable channels (taken error probabilities)
3- channels entropies (flipped)
4- channels error probabilities (flipped)
5- number of MontCarlo simulations
