63 62 61 60 59 58 57 55 54 53 51 47 46 45 43 39 31 30 29 27 23 56 52 44 50 15 49 42 41 37 35 38 28 25 26 21 22 19 48 14 40 13 36 34 11 24 33 20 18 7 17 12 10 32 9 6 16 5 3 8 4 1 2 0 

63 62 61 60 59 58 57 55 54 53 51 47 46 45 43 39 31 30 29 27 23 56 52 44 50 15 49 42 41 37 35 38 28 25 26 21 22 19 48 40 14 13 36 34 11 24 33 20 18 7 17 12 10 32 9 6 16 5 3 8 4 2 1 0 

0.000000000000 0.000000000000 0.000000000000 0.000000000000 0.000000000000 0.000000000000 0.000000000000 0.000000000000 0.000000000000 0.000000000000 0.000000000000 0.000000000000 0.000000000000 0.000000000000 0.000000000003 0.000209030000 0.000000000000 0.000000000000 0.000000000000 0.000000000000 0.000000000000 0.000000000003 0.000000000009 0.000347960000 0.000000000000 0.000000002419 0.000000000168 0.000873980000 0.000000001912 0.002216500000 0.005416500000 0.206730000000 0.000000000000 0.000000000000 0.000000000000 0.000000116820 0.000000000000 0.000000506260 0.000000304270 0.004996100000 0.000000000000 0.000002207600 0.000001319300 0.012023000000 0.000069621000 0.024537000000 0.056145000000 0.429240000000 0.000000000002 0.000347050000 0.000771280000 0.072469000000 0.004638700000 0.138730000000 0.243310000000 0.671750000000 0.043384000000 0.334940000000 0.458460000000 0.804960000000 0.537470000000 0.830540000000 0.814970000000 0.979650000000 

0.000000000000 0.000000000000 0.000000000000 0.000000000000 0.000000000000 0.000000000000 0.000000000000 0.000000000000 0.000000000000 0.000000000000 0.000000000000 0.000000000000 0.000000000000 0.000000000000 0.000000000001 0.000370850000 0.000000000000 0.000000000000 0.000000000000 0.000000000000 0.000000000000 0.000000000001 0.000000000002 0.000524100000 0.000000000000 0.000000000931 0.000000000053 0.001910700000 0.000000000658 0.005286600000 0.011814000000 0.405240000000 0.000000000000 0.000000000000 0.000000000000 0.000000059149 0.000000000000 0.000000413650 0.000000191380 0.010654000000 0.000000000000 0.000001787500 0.000001069400 0.027184000000 0.000173320000 0.053566000000 0.113000000000 0.717440000000 0.000000000000 0.000669680000 0.001336100000 0.155340000000 0.009146700000 0.279100000000 0.444520000000 0.927090000000 0.096267000000 0.630110000000 0.784690000000 0.986300000000 0.922460000000 0.994470000000 0.995410000000 0.996080000000 

N_obs: 8000

File Format:
1- most to least reliable channels (taken entropies)
2- most to least reliable channels (taken error probabilities)
3- channels entropies (flipped)
4- channels error probabilities (flipped)
5- number of MontCarlo simulations
