63 62 61 60 59 58 57 56 55 54 53 52 51 50 49 47 46 45 44 43 42 41 39 38 37 35 31 30 29 28 27 26 23 22 15 25 21 19 13 11 14 7 48 40 36 33 24 34 20 18 17 12 10 9 6 5 32 16 3 8 4 2 1 0 

63 62 61 60 59 58 57 56 55 54 53 52 51 50 49 47 46 45 44 43 42 41 39 38 37 35 31 30 29 28 27 26 23 22 15 25 21 19 13 11 7 14 48 40 36 33 24 20 34 18 17 10 12 9 6 5 32 16 3 8 4 2 1 0 

0.000000000000 0.000000000000 0.000000000000 0.000000000000 0.000000000000 0.000000000000 0.000000000000 0.000000000000 0.000000000000 0.000000000000 0.000000000000 0.000000000000 0.000000000000 0.000000000000 0.000000000000 0.000000086589 0.000000000000 0.000000000000 0.000000000000 0.000000000000 0.000000000000 0.000000000000 0.000000000000 0.000000089695 0.000000000000 0.000000000000 0.000000000000 0.000000248840 0.000000000000 0.000009748500 0.000004114200 0.013973000000 0.000000000000 0.000000000000 0.000000000000 0.000000000000 0.000000000000 0.000000000000 0.000000000000 0.000007863200 0.000000000000 0.000000000000 0.000000000000 0.000025731000 0.000000000000 0.000054442000 0.000110150000 0.034055000000 0.000000000000 0.000000000355 0.000000000001 0.000287920000 0.000000000001 0.000302040000 0.001024100000 0.084304000000 0.000000000432 0.003287300000 0.007089700000 0.190220000000 0.039471000000 0.346020000000 0.502900000000 0.855370000000 

0.000000000000 0.000000000000 0.000000000000 0.000000000000 0.000000000000 0.000000000000 0.000000000000 0.000000000000 0.000000000000 0.000000000000 0.000000000000 0.000000000000 0.000000000000 0.000000000000 0.000000000000 0.000000051437 0.000000000000 0.000000000000 0.000000000000 0.000000000000 0.000000000000 0.000000000000 0.000000000000 0.000000052529 0.000000000000 0.000000000000 0.000000000000 0.000000154340 0.000000000000 0.000109660000 0.000003442300 0.034946000000 0.000000000000 0.000000000000 0.000000000000 0.000000000000 0.000000000000 0.000000000000 0.000000000000 0.000009495100 0.000000000000 0.000000000000 0.000000000000 0.000097689000 0.000000000000 0.000127620000 0.000376390000 0.079255000000 0.000000000000 0.000000000132 0.000000000000 0.000851410000 0.000000000000 0.000780500000 0.002427000000 0.184120000000 0.000000000128 0.008385000000 0.015397000000 0.375650000000 0.083007000000 0.624880000000 0.809460000000 0.989880000000 

N_obs: 8000

File Format:
1- most to least reliable channels (taken entropies)
2- most to least reliable channels (taken error probabilities)
3- channels entropies (flipped)
4- channels error probabilities (flipped)
5- number of MontCarlo simulations
