63 62 61 60 59 58 57 55 47 31 54 53 46 51 45 43 39 56 30 29 52 50 49 27 44 42 41 38 23 37 28 35 26 48 15 25 40 22 21 36 34 19 14 24 13 33 11 7 20 18 17 3 5 9 12 10 6 32 1 2 16 4 8 0 

63 62 61 60 59 58 57 55 47 31 54 53 46 51 45 43 39 30 56 29 49 50 27 52 44 42 41 38 23 37 28 35 26 48 25 15 40 22 21 36 34 19 14 24 33 13 20 11 18 7 17 32 12 10 9 5 3 16 6 2 8 0 4 1 

0.000000000000 0.000000000000 0.000000000000 0.000000000000 0.000000000000 0.000000000000 0.000000000000 0.000004062000 0.000000000000 0.000000000000 0.000000000000 0.000035636000 0.000000000000 0.000056928000 0.000060378000 0.037216000000 0.000000000000 0.000000000000 0.000000000000 0.000137600000 0.000000000004 0.000286730000 0.000577270000 0.079174000000 0.000000024618 0.002189200000 0.004395900000 0.166930000000 0.024467000000 0.294650000000 0.448530000000 0.826470000000 0.000000000000 0.000004250600 0.000006677500 0.011392000000 0.000091057000 0.024965000000 0.052170000000 0.387490000000 0.002213400000 0.087797000000 0.161530000000 0.562670000000 0.296070000000 0.669560000000 0.709030000000 0.939680000000 0.045314000000 0.314410000000 0.422150000000 0.771500000000 0.476010000000 0.782770000000 0.763760000000 0.960750000000 0.487170000000 0.786760000000 0.738230000000 0.950420000000 0.720050000000 0.923180000000 0.882840000000 0.996620000000 

0.000000000000 0.000000000000 0.000000000000 0.000000000000 0.000000000000 0.000000000000 0.000000000000 0.000003524200 0.000000000000 0.000000000000 0.000000000000 0.000130590000 0.000000000000 0.000094552000 0.000076303000 0.078035000000 0.000000000000 0.000000000000 0.000000000000 0.000263410000 0.000000000001 0.000667220000 0.001232400000 0.159660000000 0.000000011983 0.005128900000 0.008950500000 0.319110000000 0.048277000000 0.528310000000 0.720770000000 0.983970000000 0.000000000000 0.000003375200 0.000005191900 0.025747000000 0.000127280000 0.054748000000 0.105830000000 0.670970000000 0.005973700000 0.188490000000 0.314000000000 0.861180000000 0.570050000000 0.951750000000 0.976560000000 0.995950000000 0.109270000000 0.634590000000 0.786840000000 0.985740000000 0.912360000000 0.994250000000 0.995190000000 0.996080000000 0.969690000000 0.995960000000 0.995720000000 0.996100000000 0.995950000000 0.996040000000 0.996140000000 0.996080000000 

N_obs: 8000

File Format:
1- most to least reliable channels (taken entropies)
2- most to least reliable channels (taken error probabilities)
3- channels entropies (flipped)
4- channels error probabilities (flipped)
5- number of MontCarlo simulations
