63 62 61 59 55 58 60 47 57 53 54 31 51 46 45 43 56 52 30 39 50 29 49 44 27 42 41 23 15 38 28 37 35 7 48 26 25 11 19 13 21 22 14 3 40 33 5 36 9 17 6 34 10 1 24 18 12 20 2 32 4 8 16 0 

63 62 61 59 55 58 60 47 57 53 54 31 51 46 45 43 56 52 50 30 39 49 29 44 42 27 41 38 23 28 48 37 26 15 35 40 25 22 36 21 19 14 34 13 33 24 11 7 9 20 12 1 18 8 32 0 3 4 16 2 17 5 10 6 

0.000000000000 0.000000000000 0.000000000000 0.000000044967 0.000000000000 0.000000021390 0.000002093700 0.005613700000 0.000000000000 0.000012623000 0.000003827500 0.011630000000 0.000114760000 0.025046000000 0.050704000000 0.418500000000 0.000000057378 0.000297520000 0.000504250000 0.057165000000 0.003037100000 0.107550000000 0.180260000000 0.631570000000 0.022603000000 0.250920000000 0.341530000000 0.765320000000 0.399770000000 0.796360000000 0.741820000000 0.974950000000 0.000039965000 0.020891000000 0.040355000000 0.315730000000 0.101490000000 0.439740000000 0.482670000000 0.857150000000 0.196500000000 0.548880000000 0.531460000000 0.883760000000 0.490120000000 0.861630000000 0.786680000000 0.986390000000 0.249970000000 0.577550000000 0.526350000000 0.878330000000 0.484450000000 0.850960000000 0.780520000000 0.985070000000 0.414170000000 0.790260000000 0.754550000000 0.982390000000 0.630910000000 0.950810000000 0.855630000000 0.998910000000 

0.000000000000 0.000000000000 0.000000000000 0.000000017701 0.000000000000 0.000000007578 0.000001368100 0.011051000000 0.000000000000 0.000015391000 0.000002342300 0.023878000000 0.000267010000 0.046714000000 0.095542000000 0.643440000000 0.000000025074 0.000511540000 0.001351800000 0.112690000000 0.007377400000 0.211880000000 0.347640000000 0.863340000000 0.055384000000 0.482880000000 0.654530000000 0.955630000000 0.813570000000 0.976830000000 0.980160000000 0.984380000000 0.000158410000 0.055147000000 0.103510000000 0.609500000000 0.266250000000 0.787240000000 0.880770000000 0.980670000000 0.555720000000 0.929200000000 0.957720000000 0.984010000000 0.970410000000 0.984070000000 0.984460000000 0.984440000000 0.811390000000 0.976070000000 0.979380000000 0.984030000000 0.981040000000 0.984890000000 0.983860000000 0.984260000000 0.982750000000 0.984930000000 0.984610000000 0.984440000000 0.984420000000 0.984460000000 0.984060000000 0.984390000000 

N_obs: 8000

File Format:
1- most to least reliable channels (taken entropies)
2- most to least reliable channels (taken error probabilities)
3- channels entropies (flipped)
4- channels error probabilities (flipped)
5- number of MontCarlo simulations
