63 31 62 47 61 55 59 15 23 39 27 7 29 51 43 30 45 53 57 13 46 11 19 35 54 3 58 14 60 25 21 22 49 37 26 38 41 6 5 28 9 17 33 1 50 42 44 52 12 56 10 18 34 2 24 20 48 36 40 4 8 16 32 0 

63 62 61 59 55 47 60 31 45 58 15 29 44 11 21 39 19 5 22 33 27 6 46 50 53 10 28 20 24 36 40 56 8 0 16 4 32 2 12 48 34 41 42 18 57 13 37 14 25 54 52 49 38 26 35 1 9 3 17 43 7 23 30 51 

0.052290000000 0.274670000000 0.315030000000 0.692260000000 0.327370000000 0.681540000000 0.631840000000 0.937000000000 0.317180000000 0.660240000000 0.601660000000 0.921030000000 0.524470000000 0.888140000000 0.806720000000 0.990940000000 0.300120000000 0.632060000000 0.576980000000 0.906690000000 0.539730000000 0.898850000000 0.820730000000 0.993990000000 0.438340000000 0.820290000000 0.808430000000 0.993950000000 0.653030000000 0.957370000000 0.863920000000 0.999590000000 0.249920000000 0.551100000000 0.488390000000 0.855220000000 0.449860000000 0.818030000000 0.741110000000 0.975350000000 0.422790000000 0.806120000000 0.788130000000 0.990910000000 0.648330000000 0.956840000000 0.861870000000 0.999470000000 0.333560000000 0.682190000000 0.631990000000 0.928820000000 0.632410000000 0.953000000000 0.860600000000 0.999400000000 0.455590000000 0.838560000000 0.849960000000 0.999280000000 0.669920000000 0.959620000000 0.870850000000 0.999900000000 

0.198210000000 0.723340000000 0.848060000000 0.977300000000 0.928860000000 0.983110000000 0.984530000000 0.984360000000 0.962710000000 0.984570000000 0.984310000000 0.984570000000 0.985750000000 0.984290000000 0.984580000000 0.984410000000 0.975870000000 0.984250000000 0.982770000000 0.983980000000 0.984860000000 0.984470000000 0.984450000000 0.984340000000 0.984090000000 0.984590000000 0.984540000000 0.984330000000 0.984660000000 0.984420000000 0.984190000000 0.984380000000 0.980320000000 0.985130000000 0.983840000000 0.984320000000 0.984210000000 0.984650000000 0.984550000000 0.984330000000 0.985100000000 0.984170000000 0.984070000000 0.984330000000 0.984140000000 0.984510000000 0.984770000000 0.984370000000 0.983660000000 0.984540000000 0.984530000000 0.984410000000 0.984020000000 0.984320000000 0.984740000000 0.984370000000 0.984890000000 0.984230000000 0.984160000000 0.984380000000 0.984760000000 0.984400000000 0.984700000000 0.984370000000 

N_obs: 8000

File Format:
1- most to least reliable channels (taken entropies)
2- most to least reliable channels (taken error probabilities)
3- channels entropies (flipped)
4- channels error probabilities (flipped)
5- number of MontCarlo simulations
