63 61 59 62 55 60 47 58 57 54 53 51 31 46 45 56 43 52 30 39 15 29 23 27 50 7 49 44 11 35 19 13 42 41 37 21 14 38 3 25 22 26 28 5 6 9 33 17 48 1 10 34 12 18 40 36 20 24 2 4 8 32 16 0 

63 61 59 62 55 60 58 47 57 54 53 51 46 31 56 45 52 43 50 30 39 49 44 29 42 27 41 23 38 15 48 28 37 35 26 25 11 40 34 22 17 10 33 13 5 2 21 9 20 36 24 0 32 8 14 4 1 16 3 6 12 18 19 7 

0.000000000000 0.000000104300 0.000000000004 0.000662270000 0.000000006956 0.001131300000 0.002461500000 0.115110000000 0.000033852000 0.005308200000 0.013007000000 0.215740000000 0.041651000000 0.343450000000 0.435850000000 0.839630000000 0.000837220000 0.054350000000 0.100880000000 0.470630000000 0.187370000000 0.580910000000 0.589000000000 0.914970000000 0.271590000000 0.643080000000 0.607770000000 0.926360000000 0.541450000000 0.901230000000 0.817340000000 0.993030000000 0.043378000000 0.267630000000 0.323410000000 0.709270000000 0.342100000000 0.706880000000 0.653450000000 0.944830000000 0.334610000000 0.685410000000 0.626660000000 0.936040000000 0.557410000000 0.908590000000 0.822200000000 0.993840000000 0.300260000000 0.630350000000 0.574080000000 0.904760000000 0.527940000000 0.891490000000 0.813650000000 0.992520000000 0.431050000000 0.812120000000 0.793400000000 0.991430000000 0.644730000000 0.956480000000 0.862030000000 0.999450000000 

0.000000000000 0.000000049053 0.000000000001 0.001275700000 0.000000002411 0.002537200000 0.005456600000 0.224230000000 0.000117760000 0.011478000000 0.027244000000 0.392030000000 0.091055000000 0.595260000000 0.745440000000 0.969420000000 0.002666800000 0.128530000000 0.227950000000 0.767140000000 0.447390000000 0.892100000000 0.936980000000 0.983690000000 0.708130000000 0.962040000000 0.974390000000 0.984300000000 0.978650000000 0.983980000000 0.984060000000 0.984370000000 0.151060000000 0.667490000000 0.798380000000 0.973010000000 0.901800000000 0.981660000000 0.982120000000 0.984310000000 0.950060000000 0.984030000000 0.984200000000 0.984280000000 0.985000000000 0.984540000000 0.984030000000 0.984460000000 0.965310000000 0.984400000000 0.984080000000 0.984490000000 0.983660000000 0.984040000000 0.984210000000 0.984380000000 0.985210000000 0.984470000000 0.984100000000 0.984440000000 0.984460000000 0.984170000000 0.984460000000 0.984370000000 

N_obs: 8000

File Format:
1- most to least reliable channels (taken entropies)
2- most to least reliable channels (taken error probabilities)
3- channels entropies (flipped)
4- channels error probabilities (flipped)
5- number of MontCarlo simulations
