63 62 31 47 61 55 59 15 23 39 27 7 29 51 43 30 45 53 57 11 13 46 19 35 54 3 58 60 14 25 21 22 37 49 26 41 38 6 5 28 9 17 33 1 50 42 44 52 12 56 10 18 34 2 24 20 48 36 40 4 8 16 32 0 

63 62 61 59 55 47 60 31 57 58 29 51 54 46 25 13 22 35 45 9 41 49 28 6 33 19 14 15 53 34 52 20 4 12 18 27 40 0 10 32 16 23 36 8 48 11 38 2 42 24 21 56 37 1 43 50 17 7 3 44 39 5 26 30 

0.040108000000 0.248470000000 0.299930000000 0.675780000000 0.319040000000 0.671930000000 0.628750000000 0.934800000000 0.314620000000 0.654780000000 0.595530000000 0.918260000000 0.525910000000 0.886400000000 0.805100000000 0.990610000000 0.297590000000 0.631790000000 0.577170000000 0.903610000000 0.533050000000 0.894520000000 0.817210000000 0.993300000000 0.437540000000 0.817790000000 0.804530000000 0.993260000000 0.649910000000 0.957040000000 0.862990000000 0.999560000000 0.250080000000 0.546840000000 0.485330000000 0.854220000000 0.448360000000 0.813690000000 0.740260000000 0.975270000000 0.421660000000 0.803240000000 0.782340000000 0.989890000000 0.645200000000 0.955970000000 0.860950000000 0.999400000000 0.332730000000 0.683570000000 0.631270000000 0.928600000000 0.630040000000 0.952160000000 0.859900000000 0.999330000000 0.454740000000 0.839380000000 0.850020000000 0.999230000000 0.669430000000 0.959670000000 0.870870000000 0.999880000000 

0.145180000000 0.663540000000 0.801910000000 0.974540000000 0.909600000000 0.982710000000 0.982480000000 0.984450000000 0.957730000000 0.983580000000 0.984290000000 0.984320000000 0.983210000000 0.984510000000 0.984010000000 0.984410000000 0.971970000000 0.983630000000 0.983940000000 0.984630000000 0.984510000000 0.984430000000 0.983990000000 0.984360000000 0.984840000000 0.984410000000 0.984450000000 0.984400000000 0.983900000000 0.984300000000 0.984210000000 0.984370000000 0.979460000000 0.985610000000 0.983000000000 0.984030000000 0.984360000000 0.984990000000 0.983650000000 0.984430000000 0.984400000000 0.983850000000 0.984440000000 0.984320000000 0.984220000000 0.984350000000 0.984530000000 0.984380000000 0.984280000000 0.984240000000 0.983720000000 0.984350000000 0.984410000000 0.984370000000 0.983960000000 0.984410000000 0.984580000000 0.984120000000 0.984940000000 0.984350000000 0.984590000000 0.984420000000 0.984490000000 0.984370000000 

N_obs: 8000

File Format:
1- most to least reliable channels (taken entropies)
2- most to least reliable channels (taken error probabilities)
3- channels entropies (flipped)
4- channels error probabilities (flipped)
5- number of MontCarlo simulations
