63 62 61 60 59 58 57 55 54 53 47 31 45 51 46 43 39 30 56 52 29 44 50 27 49 23 42 41 38 37 28 35 26 15 25 48 22 40 21 36 19 34 14 24 13 33 20 11 7 18 17 12 3 32 10 5 9 6 1 16 2 4 8 0 

63 62 61 60 59 58 57 55 54 53 47 31 45 51 46 43 39 30 56 52 29 44 50 27 49 42 23 41 38 37 28 35 26 15 25 48 22 40 21 36 19 34 14 24 33 13 20 11 18 7 17 12 32 10 9 6 16 3 5 2 1 0 8 4 

0.000000000000 0.000000000000 0.000000000000 0.000000000000 0.000000000000 0.000000000000 0.000000000000 0.000000109860 0.000000000000 0.000000000000 0.000000000000 0.000001472300 0.000000000000 0.000009092200 0.000016781000 0.013727000000 0.000000000000 0.000000000000 0.000000000000 0.000005732100 0.000000000000 0.000058133000 0.000087718000 0.031586000000 0.000000000001 0.000342080000 0.000501860000 0.068024000000 0.003525500000 0.139610000000 0.262230000000 0.709200000000 0.000000000000 0.000000020326 0.000002323000 0.002343900000 0.000015286000 0.003936000000 0.009405100000 0.205050000000 0.000041773000 0.020865000000 0.042970000000 0.350270000000 0.118190000000 0.492360000000 0.599140000000 0.892410000000 0.006279500000 0.144520000000 0.244470000000 0.640220000000 0.360930000000 0.711410000000 0.719150000000 0.942390000000 0.437500000000 0.753970000000 0.714570000000 0.939050000000 0.697420000000 0.913050000000 0.875550000000 0.995200000000 

0.000000000000 0.000000000000 0.000000000000 0.000000000000 0.000000000000 0.000000000000 0.000000000000 0.000000066254 0.000000000000 0.000000000000 0.000000000000 0.000001078200 0.000000000000 0.000013911000 0.000042423000 0.029096000000 0.000000000000 0.000000000000 0.000000000000 0.000004357600 0.000000000000 0.000074358000 0.000216990000 0.068192000000 0.000000000000 0.000941400000 0.001264600000 0.138510000000 0.007959300000 0.272670000000 0.452290000000 0.942000000000 0.000000000000 0.000000009066 0.000001870100 0.005729400000 0.000040375000 0.008479800000 0.018804000000 0.395230000000 0.000114300000 0.047034000000 0.088910000000 0.623210000000 0.239820000000 0.805760000000 0.909610000000 0.994450000000 0.014522000000 0.313600000000 0.483540000000 0.928770000000 0.718430000000 0.976860000000 0.989550000000 0.996120000000 0.901570000000 0.993950000000 0.995490000000 0.996150000000 0.995310000000 0.996080000000 0.996100000000 0.996110000000 

N_obs: 8000

File Format:
1- most to least reliable channels (taken entropies)
2- most to least reliable channels (taken error probabilities)
3- channels entropies (flipped)
4- channels error probabilities (flipped)
5- number of MontCarlo simulations
