63 62 61 60 59 55 47 31 58 53 54 57 46 51 45 43 30 39 29 56 52 50 27 49 44 42 41 23 38 37 28 26 15 35 25 48 22 40 21 36 19 14 13 34 7 11 24 33 20 3 17 18 5 9 12 6 10 1 32 2 16 4 8 0 

63 62 61 60 59 55 47 31 58 53 54 57 46 51 45 43 30 39 56 29 52 50 49 27 44 42 41 23 38 37 28 26 35 15 48 25 22 40 21 36 19 14 34 24 13 33 20 11 18 7 17 12 32 10 9 6 5 3 16 8 0 4 1 2 

0.000000000000 0.000000000000 0.000000000000 0.000000000000 0.000000000000 0.000000000000 0.000000000000 0.000026898000 0.000000000000 0.000000000000 0.000000000000 0.000035161000 0.000000000000 0.000113170000 0.000155530000 0.048181000000 0.000000000000 0.000000000000 0.000000000002 0.000197640000 0.000000000068 0.000714470000 0.001442800000 0.099313000000 0.000002643000 0.004017400000 0.008314200000 0.198310000000 0.033901000000 0.326610000000 0.429230000000 0.843790000000 0.000000000000 0.000002553900 0.000023852000 0.010430000000 0.000133300000 0.022857000000 0.044783000000 0.368340000000 0.001594500000 0.077302000000 0.132440000000 0.537370000000 0.226160000000 0.639860000000 0.637400000000 0.938780000000 0.026525000000 0.243330000000 0.317350000000 0.720790000000 0.362390000000 0.746130000000 0.696210000000 0.960220000000 0.361770000000 0.727580000000 0.675890000000 0.957440000000 0.592800000000 0.930740000000 0.839030000000 0.996820000000 

0.000000000000 0.000000000000 0.000000000000 0.000000000000 0.000000000000 0.000000000000 0.000000000000 0.000021937000 0.000000000000 0.000000000000 0.000000000000 0.000038089000 0.000000000000 0.000255970000 0.000299190000 0.090963000000 0.000000000000 0.000000000000 0.000000000000 0.000517060000 0.000000000016 0.001622800000 0.002944400000 0.181330000000 0.000002107600 0.008042500000 0.017332000000 0.346680000000 0.069571000000 0.546130000000 0.708640000000 0.967700000000 0.000000000000 0.000001557200 0.000029304000 0.023309000000 0.000358570000 0.049956000000 0.093351000000 0.614900000000 0.004351700000 0.171560000000 0.278280000000 0.814060000000 0.497300000000 0.917430000000 0.952840000000 0.983920000000 0.077298000000 0.533290000000 0.694620000000 0.961990000000 0.841880000000 0.978150000000 0.980990000000 0.984260000000 0.926750000000 0.982760000000 0.982840000000 0.984370000000 0.983330000000 0.984630000000 0.984570000000 0.984330000000 

N_obs: 8000

File Format:
1- most to least reliable channels (taken entropies)
2- most to least reliable channels (taken error probabilities)
3- channels entropies (flipped)
4- channels error probabilities (flipped)
5- number of MontCarlo simulations
