63 62 61 59 55 47 60 54 58 57 53 51 31 46 45 43 39 56 52 30 50 29 49 44 27 42 41 38 23 37 28 48 26 35 15 25 40 22 36 21 19 14 34 7 11 13 24 33 20 3 5 17 18 9 6 10 12 1 32 2 4 16 8 0 

63 62 61 59 55 47 60 54 58 53 57 51 31 46 45 43 39 56 52 30 50 29 49 44 27 42 41 38 23 37 28 48 35 26 25 15 40 22 36 21 34 19 14 24 33 13 20 11 7 18 17 32 12 10 3 5 16 4 6 1 8 0 2 9 

0.000000000000 0.000000000000 0.000000000000 0.000000000000 0.000000000000 0.000000000000 0.000000000000 0.000025229000 0.000000000000 0.000000000000 0.000000000000 0.000104110000 0.000000000001 0.000265230000 0.000614330000 0.091183000000 0.000000000000 0.000000000006 0.000000000052 0.000959870000 0.000000065583 0.003015300000 0.006252900000 0.185100000000 0.000005647800 0.014665000000 0.032478000000 0.331720000000 0.103850000000 0.489740000000 0.609100000000 0.899290000000 0.000000000004 0.000178580000 0.000474060000 0.048404000000 0.002070600000 0.093405000000 0.174370000000 0.589200000000 0.020757000000 0.235130000000 0.351880000000 0.730580000000 0.453020000000 0.776760000000 0.770130000000 0.964000000000 0.141310000000 0.482850000000 0.539440000000 0.844890000000 0.536910000000 0.819630000000 0.790110000000 0.970410000000 0.514840000000 0.808820000000 0.753600000000 0.958350000000 0.736510000000 0.929220000000 0.887740000000 0.997500000000 

0.000000000000 0.000000000000 0.000000000000 0.000000000000 0.000000000000 0.000000000000 0.000000000000 0.000133550000 0.000000000000 0.000000000000 0.000000000000 0.000148410000 0.000000000000 0.000594110000 0.001607800000 0.182050000000 0.000000000000 0.000000000001 0.000000000014 0.001906300000 0.000000035579 0.006245600000 0.014059000000 0.346340000000 0.000004015600 0.030087000000 0.061470000000 0.576100000000 0.197090000000 0.784880000000 0.899070000000 0.993750000000 0.000000000001 0.000411970000 0.001111500000 0.106900000000 0.004390600000 0.198740000000 0.334380000000 0.875110000000 0.049609000000 0.475470000000 0.650790000000 0.967450000000 0.834860000000 0.990800000000 0.993680000000 0.996030000000 0.343990000000 0.867320000000 0.940630000000 0.995130000000 0.977040000000 0.995840000000 0.996270000000 0.996070000000 0.988600000000 0.996060000000 0.995970000000 0.996040000000 0.995930000000 0.996140000000 0.996070000000 0.996090000000 

N_obs: 8000

File Format:
1- most to least reliable channels (taken entropies)
2- most to least reliable channels (taken error probabilities)
3- channels entropies (flipped)
4- channels error probabilities (flipped)
5- number of MontCarlo simulations
