63 62 61 60 59 58 57 56 55 54 53 52 51 50 49 47 46 45 44 43 42 41 39 38 37 35 31 30 29 28 27 26 25 23 22 21 19 15 14 13 11 7 48 40 34 36 24 20 33 12 18 17 10 9 6 5 3 32 16 8 4 2 1 0 

63 62 61 60 59 58 57 56 55 54 53 52 51 50 49 47 46 45 44 43 42 41 39 38 37 35 31 30 29 28 27 26 25 23 22 21 19 15 14 13 11 7 48 40 34 36 24 20 33 12 18 17 9 6 10 5 3 32 16 8 4 2 1 0 

0.000000000000 0.000000000000 0.000000000000 0.000000000000 0.000000000000 0.000000000000 0.000000000000 0.000000000000 0.000000000000 0.000000000000 0.000000000000 0.000000000000 0.000000000000 0.000000000000 0.000000000000 0.000000000054 0.000000000000 0.000000000000 0.000000000000 0.000000000000 0.000000000000 0.000000000000 0.000000000000 0.000000002200 0.000000000000 0.000000000000 0.000000000000 0.000000037375 0.000000000000 0.000000008036 0.000001084000 0.004320900000 0.000000000000 0.000000000000 0.000000000000 0.000000000000 0.000000000000 0.000000000000 0.000000000000 0.000000049499 0.000000000000 0.000000000000 0.000000000000 0.000000725760 0.000000000000 0.000001708600 0.000002830100 0.008807900000 0.000000000000 0.000000000000 0.000000000000 0.000001316100 0.000000000000 0.000036704000 0.000044664000 0.018925000000 0.000000000000 0.000086021000 0.000190960000 0.046375000000 0.002038900000 0.099462000000 0.185110000000 0.664880000000 

0.000000000000 0.000000000000 0.000000000000 0.000000000000 0.000000000000 0.000000000000 0.000000000000 0.000000000000 0.000000000000 0.000000000000 0.000000000000 0.000000000000 0.000000000000 0.000000000000 0.000000000000 0.000000000012 0.000000000000 0.000000000000 0.000000000000 0.000000000000 0.000000000000 0.000000000000 0.000000000000 0.000000000664 0.000000000000 0.000000000000 0.000000000000 0.000000014326 0.000000000000 0.000000002588 0.000000641640 0.008733400000 0.000000000000 0.000000000000 0.000000000000 0.000000000000 0.000000000000 0.000000000000 0.000000000000 0.000000019051 0.000000000000 0.000000000000 0.000000000000 0.000000434950 0.000000000000 0.000001027100 0.000001668300 0.017961000000 0.000000000000 0.000000000000 0.000000000000 0.000000686540 0.000000000000 0.000251370000 0.000070334000 0.035826000000 0.000000000000 0.000080770000 0.000410990000 0.091575000000 0.004222000000 0.189400000000 0.335580000000 0.876920000000 

N_obs: 8000

File Format:
1- most to least reliable channels (taken entropies)
2- most to least reliable channels (taken error probabilities)
3- channels entropies (flipped)
4- channels error probabilities (flipped)
5- number of MontCarlo simulations
