63 62 61 60 59 58 57 55 54 53 51 47 46 45 43 31 39 30 29 27 23 52 50 49 56 44 41 37 38 42 35 15 28 26 25 22 48 21 40 36 19 14 34 24 13 33 20 11 18 7 17 12 32 10 9 3 5 6 16 1 2 8 4 0 

63 62 61 60 59 58 57 55 54 53 51 47 46 45 43 31 39 30 29 27 23 52 50 56 49 44 41 37 38 42 35 15 28 26 25 22 48 21 40 36 19 14 34 13 24 33 20 11 18 17 7 12 32 10 9 6 16 5 3 8 1 4 2 0 

0.000000000000 0.000000000000 0.000000000000 0.000000000000 0.000000000000 0.000000000000 0.000000000000 0.000000075199 0.000000000000 0.000000000000 0.000000000000 0.000000027456 0.000000000000 0.000000052234 0.000000068757 0.004516300000 0.000000000000 0.000000000000 0.000000000000 0.000004555500 0.000000000000 0.000054414000 0.000006504000 0.009130700000 0.000000000000 0.000042326000 0.000010523000 0.020582000000 0.000145360000 0.044444000000 0.102520000000 0.547710000000 0.000000000000 0.000000000000 0.000000000000 0.000271270000 0.000000000045 0.000423650000 0.001039400000 0.079936000000 0.000000001025 0.002501600000 0.005027600000 0.157900000000 0.022742000000 0.269720000000 0.415000000000 0.797260000000 0.000187170000 0.039512000000 0.081629000000 0.433460000000 0.185010000000 0.567070000000 0.632070000000 0.905080000000 0.333390000000 0.685600000000 0.675430000000 0.920650000000 0.665890000000 0.897420000000 0.863820000000 0.992730000000 

0.000000000000 0.000000000000 0.000000000000 0.000000000000 0.000000000000 0.000000000000 0.000000000000 0.000000039673 0.000000000000 0.000000000000 0.000000000000 0.000000011805 0.000000000000 0.000000024244 0.000000039788 0.009624500000 0.000000000000 0.000000000000 0.000000000000 0.000005562000 0.000000000000 0.000094598000 0.000005834100 0.021124000000 0.000000000000 0.000061459000 0.000008944000 0.044388000000 0.000482920000 0.093438000000 0.191490000000 0.828640000000 0.000000000000 0.000000000000 0.000000000000 0.000715480000 0.000000000015 0.000861030000 0.002209700000 0.169210000000 0.000000000401 0.006641000000 0.010824000000 0.316980000000 0.046159000000 0.505770000000 0.689990000000 0.978620000000 0.000587360000 0.090973000000 0.167880000000 0.740300000000 0.384270000000 0.887790000000 0.951630000000 0.995270000000 0.707480000000 0.976920000000 0.988350000000 0.996070000000 0.993050000000 0.996070000000 0.995990000000 0.996080000000 

N_obs: 8000

File Format:
1- most to least reliable channels (taken entropies)
2- most to least reliable channels (taken error probabilities)
3- channels entropies (flipped)
4- channels error probabilities (flipped)
5- number of MontCarlo simulations
