63 62 59 61 55 60 58 47 57 54 53 51 46 31 56 45 52 43 39 15 30 50 23 27 29 49 7 44 11 35 42 19 13 37 41 21 38 14 22 25 3 26 5 28 9 6 17 33 48 10 1 34 18 12 36 40 20 2 24 4 8 16 32 0 

63 62 59 61 55 60 58 47 57 54 53 51 46 56 31 45 52 43 50 39 30 49 44 29 42 27 41 23 38 48 15 37 28 35 11 22 26 9 17 5 33 25 40 36 20 24 12 3 2 0 4 16 10 8 32 34 18 13 6 19 1 21 14 7 

0.000000000000 0.000000000004 0.000000091575 0.001321100000 0.000000006135 0.002252800000 0.005322200000 0.172210000000 0.000036294000 0.010164000000 0.024640000000 0.302540000000 0.083373000000 0.445150000000 0.570380000000 0.878050000000 0.003161800000 0.105930000000 0.193300000000 0.591560000000 0.314750000000 0.680850000000 0.700100000000 0.934200000000 0.407210000000 0.734280000000 0.699350000000 0.932630000000 0.680430000000 0.904380000000 0.867600000000 0.993300000000 0.127220000000 0.443720000000 0.491880000000 0.809640000000 0.490760000000 0.788450000000 0.761600000000 0.960120000000 0.456850000000 0.759600000000 0.709390000000 0.936600000000 0.681280000000 0.904480000000 0.866090000000 0.993090000000 0.433440000000 0.735040000000 0.693140000000 0.929700000000 0.636070000000 0.880480000000 0.848470000000 0.989390000000 0.589460000000 0.860160000000 0.789730000000 0.982250000000 0.778770000000 0.941790000000 0.901730000000 0.999310000000 

0.000000000000 0.000000000001 0.000000054782 0.002699800000 0.000000002392 0.004938700000 0.010802000000 0.325270000000 0.000095283000 0.022473000000 0.047723000000 0.534490000000 0.162520000000 0.734820000000 0.865370000000 0.991900000000 0.006912000000 0.232380000000 0.378720000000 0.892900000000 0.625560000000 0.963900000000 0.983370000000 0.996020000000 0.851640000000 0.991230000000 0.993990000000 0.996050000000 0.995280000000 0.996130000000 0.995980000000 0.996130000000 0.344100000000 0.864770000000 0.938110000000 0.994860000000 0.977130000000 0.995920000000 0.996010000000 0.996070000000 0.988430000000 0.995890000000 0.996280000000 0.996060000000 0.996160000000 0.996140000000 0.995940000000 0.996090000000 0.991960000000 0.996320000000 0.996140000000 0.996070000000 0.995860000000 0.996100000000 0.995920000000 0.996110000000 0.996560000000 0.996150000000 0.995960000000 0.996090000000 0.996080000000 0.996090000000 0.996230000000 0.996090000000 

N_obs: 8000

File Format:
1- most to least reliable channels (taken entropies)
2- most to least reliable channels (taken error probabilities)
3- channels entropies (flipped)
4- channels error probabilities (flipped)
5- number of MontCarlo simulations
