63 61 62 59 55 60 58 47 57 54 53 31 51 46 56 45 15 43 23 39 27 29 30 52 7 11 50 19 13 35 49 21 37 14 41 44 22 38 25 3 42 5 26 28 9 6 17 33 10 1 18 34 12 48 2 20 36 40 24 4 8 16 32 0 

63 61 62 59 55 60 58 57 47 54 53 51 46 56 31 45 52 43 50 39 30 49 44 29 27 23 42 41 15 37 5 48 21 3 10 28 12 33 20 18 24 4 34 6 8 36 0 16 38 13 11 32 2 40 1 22 17 25 7 35 26 14 9 19 

0.000000000000 0.000005911500 0.000002359600 0.010568000000 0.000042054000 0.022811000000 0.049306000000 0.390530000000 0.001242900000 0.082672000000 0.157070000000 0.566660000000 0.293030000000 0.677120000000 0.714290000000 0.941270000000 0.043101000000 0.313840000000 0.422770000000 0.771760000000 0.476770000000 0.783450000000 0.762150000000 0.960150000000 0.481250000000 0.779930000000 0.730490000000 0.946980000000 0.707660000000 0.917590000000 0.877780000000 0.995620000000 0.249840000000 0.565300000000 0.552510000000 0.850860000000 0.527350000000 0.811410000000 0.780950000000 0.967000000000 0.477090000000 0.773560000000 0.722450000000 0.942680000000 0.697180000000 0.912480000000 0.872180000000 0.994490000000 0.443540000000 0.747320000000 0.703680000000 0.934190000000 0.647150000000 0.887870000000 0.856810000000 0.991680000000 0.594830000000 0.863350000000 0.791210000000 0.985270000000 0.783310000000 0.942480000000 0.903170000000 0.999440000000 

0.000000000000 0.000008427700 0.000001541200 0.022492000000 0.000099976000 0.047997000000 0.096036000000 0.653300000000 0.002620900000 0.174740000000 0.293740000000 0.850810000000 0.544450000000 0.950420000000 0.975690000000 0.995930000000 0.101130000000 0.621860000000 0.783840000000 0.984660000000 0.908190000000 0.994230000000 0.995090000000 0.996110000000 0.968000000000 0.996100000000 0.995740000000 0.996090000000 0.996250000000 0.996070000000 0.996040000000 0.996100000000 0.701720000000 0.974860000000 0.987170000000 0.996020000000 0.993240000000 0.996250000000 0.996180000000 0.996060000000 0.994070000000 0.996160000000 0.995990000000 0.996050000000 0.996350000000 0.996050000000 0.996160000000 0.996090000000 0.995550000000 0.996300000000 0.996100000000 0.996040000000 0.996100000000 0.996020000000 0.996340000000 0.996080000000 0.996210000000 0.996080000000 0.995810000000 0.996070000000 0.996000000000 0.996100000000 0.996150000000 0.996090000000 

N_obs: 8000

File Format:
1- most to least reliable channels (taken entropies)
2- most to least reliable channels (taken error probabilities)
3- channels entropies (flipped)
4- channels error probabilities (flipped)
5- number of MontCarlo simulations
