63 62 61 60 59 58 57 56 55 54 53 52 51 47 46 45 43 39 31 30 29 27 23 15 44 50 38 42 41 49 35 28 37 25 26 22 21 19 14 13 48 40 11 34 36 24 33 7 20 18 17 12 10 9 6 32 5 16 3 8 4 2 1 0 

63 62 61 60 59 58 57 56 55 54 53 52 51 47 46 45 43 39 31 30 29 27 23 15 44 50 38 42 41 49 35 28 37 25 26 22 21 19 14 13 48 40 11 34 36 24 33 20 7 18 17 12 10 9 6 32 5 16 3 8 4 2 1 0 

0.000000000000 0.000000000000 0.000000000000 0.000000000000 0.000000000000 0.000000000000 0.000000000000 0.000000000000 0.000000000000 0.000000000000 0.000000000000 0.000000000000 0.000000000000 0.000000000000 0.000000000000 0.000008402100 0.000000000000 0.000000000000 0.000000000000 0.000000000000 0.000000000000 0.000000000000 0.000000000000 0.000020594000 0.000000000000 0.000000000000 0.000000000002 0.000194980000 0.000000000000 0.000185020000 0.000614050000 0.077932000000 0.000000000000 0.000000000000 0.000000000000 0.000000000001 0.000000000000 0.000000000005 0.000000000003 0.000440740000 0.000000000000 0.000000000094 0.000000000115 0.000804610000 0.000000012574 0.001903800000 0.005069300000 0.169700000000 0.000000000000 0.000000281660 0.000001178100 0.006858100000 0.000037690000 0.014772000000 0.029647000000 0.335570000000 0.000729410000 0.059139000000 0.107890000000 0.519950000000 0.209220000000 0.639900000000 0.649370000000 0.944620000000 

0.000000000000 0.000000000000 0.000000000000 0.000000000000 0.000000000000 0.000000000000 0.000000000000 0.000000000000 0.000000000000 0.000000000000 0.000000000000 0.000000000000 0.000000000000 0.000000000000 0.000000000000 0.000005291100 0.000000000000 0.000000000000 0.000000000000 0.000000000000 0.000000000000 0.000000000000 0.000000000000 0.000013381000 0.000000000000 0.000000000000 0.000000000000 0.000501920000 0.000000000000 0.000295920000 0.001180200000 0.150210000000 0.000000000000 0.000000000000 0.000000000000 0.000000000000 0.000000000000 0.000000000001 0.000000000000 0.000950140000 0.000000000000 0.000000000022 0.000000000028 0.001517000000 0.000000004448 0.004134300000 0.009776400000 0.302690000000 0.000000000000 0.000000141230 0.000000683190 0.013454000000 0.000084353000 0.031291000000 0.059811000000 0.548420000000 0.001651000000 0.121960000000 0.218720000000 0.774920000000 0.436230000000 0.901600000000 0.946950000000 0.983860000000 

N_obs: 8000

File Format:
1- most to least reliable channels (taken entropies)
2- most to least reliable channels (taken error probabilities)
3- channels entropies (flipped)
4- channels error probabilities (flipped)
5- number of MontCarlo simulations
