63 62 61 60 59 58 57 55 54 53 51 47 46 45 43 39 31 30 27 23 29 50 56 42 44 52 49 41 15 38 37 35 28 25 26 22 21 19 48 14 40 13 36 34 11 24 33 20 18 7 17 12 10 9 32 6 5 3 16 8 1 4 2 0 

63 62 61 60 59 58 57 55 54 53 51 47 46 45 43 39 31 30 27 23 29 50 56 42 44 52 49 41 15 38 37 35 28 25 26 22 21 19 48 40 14 13 36 34 24 11 33 20 18 7 17 12 10 32 9 6 16 5 3 8 4 2 1 0 

0.000000000000 0.000000000000 0.000000000000 0.000000000000 0.000000000000 0.000000000000 0.000000000000 0.000000000029 0.000000000000 0.000000000000 0.000000000000 0.000000000465 0.000000000000 0.000000000001 0.000000000490 0.000670580000 0.000000000000 0.000000000000 0.000000000000 0.000000000138 0.000000000000 0.000000000050 0.000000001142 0.001558200000 0.000000000000 0.000000007387 0.000000014561 0.002841500000 0.000000100470 0.007010500000 0.015961000000 0.290940000000 0.000000000000 0.000000000000 0.000000000000 0.000000538490 0.000000000000 0.000007250900 0.000006470900 0.010945000000 0.000000000000 0.000048101000 0.000088890000 0.022030000000 0.000381380000 0.047459000000 0.093782000000 0.519940000000 0.000000001260 0.001267700000 0.002404800000 0.101000000000 0.010373000000 0.179760000000 0.273400000000 0.721130000000 0.052444000000 0.351380000000 0.424560000000 0.822030000000 0.452370000000 0.832080000000 0.769910000000 0.982520000000 

0.000000000000 0.000000000000 0.000000000000 0.000000000000 0.000000000000 0.000000000000 0.000000000000 0.000000000007 0.000000000000 0.000000000000 0.000000000000 0.000000000129 0.000000000000 0.000000000000 0.000000000133 0.001449000000 0.000000000000 0.000000000000 0.000000000000 0.000000000034 0.000000000000 0.000000000011 0.000000000319 0.003155600000 0.000000000000 0.000000002426 0.000000004989 0.005745800000 0.000000036155 0.013001000000 0.031787000000 0.477550000000 0.000000000000 0.000000000000 0.000000000000 0.000000249360 0.000000000000 0.000006276200 0.000004357900 0.020750000000 0.000000000000 0.000111950000 0.000381240000 0.043479000000 0.001213500000 0.096439000000 0.178330000000 0.754850000000 0.000000000369 0.003311200000 0.005725700000 0.200100000000 0.023794000000 0.345620000000 0.505750000000 0.921100000000 0.128390000000 0.646020000000 0.783450000000 0.972350000000 0.888510000000 0.981830000000 0.982170000000 0.984380000000 

N_obs: 8000

File Format:
1- most to least reliable channels (taken entropies)
2- most to least reliable channels (taken error probabilities)
3- channels entropies (flipped)
4- channels error probabilities (flipped)
5- number of MontCarlo simulations
