63 62 61 59 55 60 47 58 31 57 15 54 23 39 27 53 51 43 7 29 45 46 30 11 19 13 35 3 14 21 56 25 37 49 22 41 38 26 50 52 42 5 28 6 9 17 44 33 1 12 10 18 34 2 20 24 36 48 40 4 8 16 32 0 

63 62 61 59 55 60 58 57 47 54 53 31 51 56 46 45 43 52 39 30 29 50 49 11 27 44 23 6 19 21 24 17 25 42 12 48 14 10 16 40 8 9 5 4 33 0 34 32 18 36 1 20 38 26 2 22 28 15 35 37 3 13 41 7 

0.000000015574 0.001719500000 0.003145600000 0.111320000000 0.015065000000 0.199900000000 0.286330000000 0.712990000000 0.070893000000 0.366630000000 0.417000000000 0.808350000000 0.425600000000 0.805870000000 0.742670000000 0.975150000000 0.179870000000 0.505180000000 0.480760000000 0.847180000000 0.445490000000 0.818580000000 0.750290000000 0.977360000000 0.396330000000 0.767930000000 0.721620000000 0.973050000000 0.613060000000 0.943560000000 0.848590000000 0.998100000000 0.220000000000 0.505960000000 0.451290000000 0.828470000000 0.413130000000 0.783540000000 0.713860000000 0.966000000000 0.380640000000 0.748260000000 0.699030000000 0.965750000000 0.606020000000 0.939040000000 0.844380000000 0.997600000000 0.320970000000 0.665890000000 0.609690000000 0.920940000000 0.581720000000 0.928120000000 0.840970000000 0.997180000000 0.447280000000 0.828920000000 0.827380000000 0.996810000000 0.660360000000 0.959120000000 0.867240000000 0.999780000000 

0.000000005826 0.004695600000 0.008751500000 0.249090000000 0.038546000000 0.422430000000 0.584820000000 0.939750000000 0.195120000000 0.728300000000 0.843950000000 0.977690000000 0.919860000000 0.983040000000 0.983730000000 0.984320000000 0.587030000000 0.940030000000 0.963570000000 0.983970000000 0.975080000000 0.984300000000 0.984860000000 0.984350000000 0.978870000000 0.984420000000 0.984750000000 0.984400000000 0.984590000000 0.984370000000 0.984370000000 0.984380000000 0.871760000000 0.979940000000 0.982840000000 0.984530000000 0.983870000000 0.984460000000 0.984280000000 0.984240000000 0.984020000000 0.984520000000 0.984220000000 0.984420000000 0.984200000000 0.984400000000 0.984270000000 0.984350000000 0.984530000000 0.984330000000 0.984840000000 0.984310000000 0.983750000000 0.984330000000 0.984360000000 0.984360000000 0.985480000000 0.984110000000 0.984360000000 0.984360000000 0.984830000000 0.984490000000 0.984420000000 0.984370000000 

N_obs: 8000

File Format:
1- most to least reliable channels (taken entropies)
2- most to least reliable channels (taken error probabilities)
3- channels entropies (flipped)
4- channels error probabilities (flipped)
5- number of MontCarlo simulations
