63 62 61 31 59 47 55 15 23 39 27 7 29 51 43 30 45 53 57 60 46 11 13 58 19 54 35 3 14 25 21 37 22 49 41 38 26 6 5 28 9 17 33 1 50 42 44 52 56 12 10 18 34 2 24 20 48 36 40 4 8 16 32 0 

63 62 61 59 55 60 47 31 58 57 54 15 7 35 46 29 53 51 38 50 22 13 43 19 17 42 11 24 41 9 5 36 40 34 4 21 16 0 8 48 32 6 10 18 20 45 56 49 2 27 1 52 3 12 23 33 39 14 44 28 30 26 25 37 

0.011984000000 0.155440000000 0.219840000000 0.600080000000 0.282400000000 0.635260000000 0.598520000000 0.920520000000 0.295450000000 0.638700000000 0.583190000000 0.911380000000 0.513150000000 0.878430000000 0.798760000000 0.989280000000 0.288430000000 0.615630000000 0.561650000000 0.896440000000 0.513790000000 0.879200000000 0.805140000000 0.990890000000 0.425550000000 0.811030000000 0.788200000000 0.990290000000 0.644290000000 0.955690000000 0.860890000000 0.999390000000 0.245480000000 0.543540000000 0.486880000000 0.852590000000 0.440670000000 0.812310000000 0.735920000000 0.973130000000 0.412390000000 0.793090000000 0.765880000000 0.985940000000 0.638470000000 0.953950000000 0.858330000000 0.999180000000 0.332920000000 0.678610000000 0.629850000000 0.928620000000 0.621890000000 0.948950000000 0.856410000000 0.999030000000 0.453120000000 0.836810000000 0.846230000000 0.998920000000 0.668260000000 0.959790000000 0.869980000000 0.999900000000 

0.042519000000 0.437620000000 0.608300000000 0.943770000000 0.804790000000 0.975830000000 0.977740000000 0.984450000000 0.916420000000 0.981630000000 0.983730000000 0.984540000000 0.983770000000 0.983900000000 0.984450000000 0.984380000000 0.960780000000 0.983490000000 0.984410000000 0.984740000000 0.984170000000 0.984290000000 0.984340000000 0.984360000000 0.984720000000 0.983800000000 0.984920000000 0.984350000000 0.983360000000 0.984360000000 0.984710000000 0.984380000000 0.973870000000 0.984820000000 0.983530000000 0.984800000000 0.984470000000 0.984830000000 0.984870000000 0.984300000000 0.984610000000 0.983950000000 0.984360000000 0.984400000000 0.984170000000 0.984400000000 0.984250000000 0.984370000000 0.982100000000 0.984720000000 0.984010000000 0.984600000000 0.984300000000 0.984400000000 0.984340000000 0.984380000000 0.983210000000 0.984390000000 0.984350000000 0.984360000000 0.984580000000 0.984470000000 0.984490000000 0.984370000000 

N_obs: 8000

File Format:
1- most to least reliable channels (taken entropies)
2- most to least reliable channels (taken error probabilities)
3- channels entropies (flipped)
4- channels error probabilities (flipped)
5- number of MontCarlo simulations
