63 62 61 59 55 60 47 58 57 54 53 51 46 31 45 56 52 43 50 39 30 15 29 23 49 44 27 42 7 11 41 35 19 37 38 13 21 14 25 22 26 28 3 5 48 9 6 33 17 10 34 1 18 40 36 12 20 2 24 4 8 32 16 0 

63 62 61 59 55 60 47 58 57 54 53 51 46 31 45 56 52 43 50 39 49 30 44 29 42 27 41 38 48 23 37 15 28 35 40 26 25 7 22 11 14 34 12 10 18 36 3 5 24 13 0 32 8 2 4 6 16 1 19 20 21 9 17 33 

0.000000000000 0.000000000001 0.000000000001 0.000383740000 0.000000000003 0.000615940000 0.001099500000 0.096227000000 0.000000138130 0.003225700000 0.006979200000 0.179280000000 0.029503000000 0.302450000000 0.448550000000 0.820820000000 0.000402160000 0.044621000000 0.091143000000 0.454890000000 0.193430000000 0.578670000000 0.646610000000 0.909220000000 0.332820000000 0.683260000000 0.673500000000 0.919120000000 0.658590000000 0.895180000000 0.859640000000 0.991410000000 0.066662000000 0.348630000000 0.434100000000 0.771540000000 0.464860000000 0.767350000000 0.745700000000 0.954580000000 0.443190000000 0.747890000000 0.701390000000 0.932340000000 0.672820000000 0.901300000000 0.862830000000 0.992240000000 0.427650000000 0.728920000000 0.683700000000 0.925280000000 0.628630000000 0.878470000000 0.844280000000 0.988240000000 0.582770000000 0.857940000000 0.787540000000 0.980370000000 0.775600000000 0.940960000000 0.900480000000 0.999240000000 

0.000000000000 0.000000000000 0.000000000000 0.000790150000 0.000000000001 0.001299300000 0.001787000000 0.190180000000 0.000000087473 0.007028000000 0.013316000000 0.337490000000 0.057890000000 0.535640000000 0.715590000000 0.980610000000 0.000953100000 0.097250000000 0.183220000000 0.755980000000 0.391450000000 0.891990000000 0.951100000000 0.995420000000 0.704750000000 0.974070000000 0.987390000000 0.996010000000 0.992130000000 0.995980000000 0.996310000000 0.996090000000 0.177260000000 0.727330000000 0.861490000000 0.991520000000 0.945550000000 0.995540000000 0.995650000000 0.996080000000 0.981440000000 0.995820000000 0.996130000000 0.996120000000 0.996110000000 0.996000000000 0.996260000000 0.996110000000 0.990250000000 0.995920000000 0.996080000000 0.995980000000 0.995910000000 0.995990000000 0.996230000000 0.996100000000 0.995730000000 0.996100000000 0.996040000000 0.996100000000 0.996020000000 0.996100000000 0.996110000000 0.996090000000 

N_obs: 8000

File Format:
1- most to least reliable channels (taken entropies)
2- most to least reliable channels (taken error probabilities)
3- channels entropies (flipped)
4- channels error probabilities (flipped)
5- number of MontCarlo simulations
