63 62 61 59 55 60 47 31 15 58 23 39 57 27 43 54 29 7 51 53 45 30 46 11 13 19 21 35 37 14 5 3 22 25 41 38 49 26 42 56 50 6 9 17 28 33 52 44 10 1 18 34 12 2 20 36 24 40 48 4 8 16 32 0 

63 62 61 59 55 60 58 47 57 54 31 53 51 46 56 45 39 23 43 30 22 37 25 15 52 19 18 49 50 3 29 44 41 10 26 8 12 0 24 32 21 16 36 4 48 27 1 13 33 6 20 34 14 28 40 2 38 11 9 42 5 35 17 7 

0.000046682000 0.017274000000 0.035262000000 0.317350000000 0.103430000000 0.459660000000 0.556300000000 0.864600000000 0.253350000000 0.609310000000 0.623490000000 0.892140000000 0.611270000000 0.866490000000 0.835710000000 0.984700000000 0.353350000000 0.661700000000 0.627880000000 0.896590000000 0.582300000000 0.848880000000 0.814970000000 0.978050000000 0.540390000000 0.826370000000 0.767700000000 0.964870000000 0.748490000000 0.933550000000 0.891180000000 0.998020000000 0.353910000000 0.647600000000 0.610160000000 0.884860000000 0.566580000000 0.837480000000 0.806590000000 0.974770000000 0.502940000000 0.798930000000 0.744240000000 0.951650000000 0.726490000000 0.925940000000 0.884270000000 0.996960000000 0.454560000000 0.768630000000 0.725390000000 0.942670000000 0.667670000000 0.897450000000 0.876170000000 0.995920000000 0.610190000000 0.873910000000 0.792560000000 0.990660000000 0.792830000000 0.943380000000 0.906030000000 0.999630000000 

0.000082825000 0.041557000000 0.079870000000 0.597650000000 0.223000000000 0.788270000000 0.892880000000 0.993110000000 0.572900000000 0.949000000000 0.978790000000 0.996010000000 0.988750000000 0.996040000000 0.996020000000 0.996110000000 0.881020000000 0.992850000000 0.994390000000 0.996060000000 0.995650000000 0.996190000000 0.996070000000 0.996150000000 0.995360000000 0.996180000000 0.995870000000 0.996110000000 0.996230000000 0.996130000000 0.996120000000 0.996100000000 0.978420000000 0.995740000000 0.996060000000 0.996140000000 0.996110000000 0.996090000000 0.995920000000 0.996100000000 0.995420000000 0.995780000000 0.996100000000 0.996130000000 0.996010000000 0.996020000000 0.996250000000 0.996100000000 0.995920000000 0.996140000000 0.996120000000 0.996100000000 0.996190000000 0.996090000000 0.996190000000 0.996100000000 0.996620000000 0.996130000000 0.996210000000 0.996110000000 0.996040000000 0.996150000000 0.996110000000 0.996100000000 

N_obs: 8000

File Format:
1- most to least reliable channels (taken entropies)
2- most to least reliable channels (taken error probabilities)
3- channels entropies (flipped)
4- channels error probabilities (flipped)
5- number of MontCarlo simulations
