63 62 61 60 59 58 57 55 54 53 51 47 46 45 43 39 31 30 29 27 23 56 50 52 42 49 44 41 37 38 35 15 26 28 25 22 21 48 19 40 36 14 34 13 24 33 11 20 18 7 17 12 10 32 9 6 5 3 16 8 1 2 4 0 

63 62 61 60 59 58 57 55 54 53 51 47 46 45 43 39 31 30 29 27 23 56 50 52 42 49 44 41 37 38 35 15 26 28 25 22 21 48 19 40 36 14 34 13 33 24 11 20 18 17 7 12 10 32 9 6 16 5 3 8 4 1 2 0 

0.000000000000 0.000000000000 0.000000000000 0.000000000000 0.000000000000 0.000000000000 0.000000000000 0.000000000001 0.000000000000 0.000000000000 0.000000000000 0.000000000722 0.000000000000 0.000000000005 0.000000006072 0.000855930000 0.000000000000 0.000000000000 0.000000000000 0.000000008956 0.000000000000 0.000000005853 0.000000018767 0.002191500000 0.000000000000 0.000000076584 0.000000048527 0.004742200000 0.000000930780 0.011297000000 0.026074000000 0.363150000000 0.000000000000 0.000000000000 0.000000000000 0.000036403000 0.000000000000 0.000025326000 0.000069383000 0.023488000000 0.000000000000 0.000103940000 0.000177540000 0.050752000000 0.001825100000 0.103430000000 0.197080000000 0.639050000000 0.000001018000 0.005672500000 0.013459000000 0.213740000000 0.047591000000 0.344690000000 0.473320000000 0.823920000000 0.176860000000 0.551020000000 0.605910000000 0.885460000000 0.619560000000 0.873140000000 0.845580000000 0.988100000000 

0.000000000000 0.000000000000 0.000000000000 0.000000000000 0.000000000000 0.000000000000 0.000000000000 0.000000000000 0.000000000000 0.000000000000 0.000000000000 0.000000000248 0.000000000000 0.000000000001 0.000000002614 0.002064400000 0.000000000000 0.000000000000 0.000000000000 0.000000003788 0.000000000000 0.000000002460 0.000000009814 0.004711400000 0.000000000000 0.000000041158 0.000000021196 0.012168000000 0.000000564900 0.024615000000 0.052281000000 0.637220000000 0.000000000000 0.000000000000 0.000000000000 0.000072852000 0.000000000000 0.000062073000 0.000107800000 0.052298000000 0.000000000000 0.000216390000 0.000220640000 0.106170000000 0.004092700000 0.210630000000 0.361240000000 0.903850000000 0.000000935830 0.012945000000 0.029215000000 0.422030000000 0.098821000000 0.622340000000 0.788980000000 0.986560000000 0.379040000000 0.888300000000 0.950730000000 0.995380000000 0.980120000000 0.996010000000 0.995980000000 0.996080000000 

N_obs: 8000

File Format:
1- most to least reliable channels (taken entropies)
2- most to least reliable channels (taken error probabilities)
3- channels entropies (flipped)
4- channels error probabilities (flipped)
5- number of MontCarlo simulations
