63 62 61 60 59 58 57 56 55 54 53 52 51 47 46 45 44 43 39 31 30 29 27 23 15 49 50 37 41 35 28 26 25 42 38 21 22 19 14 13 11 48 40 7 34 36 24 33 20 18 17 12 10 9 6 5 32 16 3 8 4 2 1 0 

63 62 61 60 59 58 57 56 55 54 53 52 51 47 46 45 44 43 39 31 30 29 27 23 15 49 50 37 41 35 28 26 25 42 38 21 22 19 14 13 11 48 40 24 20 34 36 33 7 18 17 12 10 9 6 5 32 16 3 8 4 2 1 0 

0.000000000000 0.000000000000 0.000000000000 0.000000000000 0.000000000000 0.000000000000 0.000000000000 0.000000000000 0.000000000000 0.000000000000 0.000000000000 0.000000000000 0.000000000000 0.000000000000 0.000000000000 0.000000231360 0.000000000000 0.000000000000 0.000000000000 0.000000000000 0.000000000000 0.000000000000 0.000000000000 0.000005050100 0.000000000000 0.000000000000 0.000000000000 0.000038892000 0.000000000000 0.000038392000 0.000052523000 0.033802000000 0.000000000000 0.000000000000 0.000000000000 0.000000000000 0.000000000000 0.000000000000 0.000000000000 0.000047302000 0.000000000000 0.000000000000 0.000000000000 0.000073756000 0.000000000003 0.000284080000 0.000673550000 0.076278000000 0.000000000000 0.000000000006 0.000000002313 0.000880510000 0.000000007279 0.002233300000 0.004206800000 0.164490000000 0.000021294000 0.013119000000 0.027438000000 0.309350000000 0.080903000000 0.460880000000 0.538030000000 0.898510000000 

0.000000000000 0.000000000000 0.000000000000 0.000000000000 0.000000000000 0.000000000000 0.000000000000 0.000000000000 0.000000000000 0.000000000000 0.000000000000 0.000000000000 0.000000000000 0.000000000000 0.000000000000 0.000000091250 0.000000000000 0.000000000000 0.000000000000 0.000000000000 0.000000000000 0.000000000000 0.000000000000 0.000003242300 0.000000000000 0.000000000000 0.000000000000 0.000128990000 0.000000000000 0.000073693000 0.000139610000 0.066388000000 0.000000000000 0.000000000000 0.000000000000 0.000000000000 0.000000000000 0.000000000000 0.000000000000 0.000050898000 0.000000000000 0.000000000000 0.000000000000 0.000057368000 0.000000000001 0.000348140000 0.001045200000 0.143780000000 0.000000000000 0.000000000001 0.000000000736 0.001914800000 0.000000002403 0.004634700000 0.008246900000 0.288560000000 0.000148270000 0.027139000000 0.054971000000 0.521480000000 0.170110000000 0.723560000000 0.849650000000 0.979850000000 

N_obs: 8000

File Format:
1- most to least reliable channels (taken entropies)
2- most to least reliable channels (taken error probabilities)
3- channels entropies (flipped)
4- channels error probabilities (flipped)
5- number of MontCarlo simulations
