63 62 31 61 47 59 55 15 23 39 27 7 29 51 43 30 45 53 57 46 11 13 19 54 35 60 58 3 14 25 21 22 37 49 26 41 38 6 5 28 9 17 33 1 50 42 44 52 12 56 10 18 34 2 24 20 48 36 40 4 8 16 32 0 

63 62 61 59 55 60 47 31 58 57 53 14 22 45 11 27 39 6 3 5 15 33 1 2 8 48 32 52 12 0 42 4 36 16 24 28 18 46 20 40 10 21 13 17 44 34 9 50 56 26 19 51 30 41 37 23 54 38 43 29 35 49 25 7 

0.028164000000 0.220420000000 0.272910000000 0.654000000000 0.310390000000 0.662310000000 0.619580000000 0.931130000000 0.310460000000 0.648010000000 0.590260000000 0.916270000000 0.525020000000 0.884790000000 0.803030000000 0.990200000000 0.293770000000 0.625210000000 0.572720000000 0.902430000000 0.527520000000 0.890650000000 0.814130000000 0.992600000000 0.436870000000 0.815750000000 0.799650000000 0.992420000000 0.650010000000 0.957030000000 0.862240000000 0.999520000000 0.250820000000 0.546850000000 0.483540000000 0.853520000000 0.445170000000 0.813460000000 0.738360000000 0.974370000000 0.417930000000 0.799000000000 0.777760000000 0.988600000000 0.643030000000 0.955410000000 0.860290000000 0.999350000000 0.330860000000 0.681680000000 0.630580000000 0.927590000000 0.628810000000 0.951280000000 0.858550000000 0.999250000000 0.454660000000 0.836770000000 0.848150000000 0.999130000000 0.668330000000 0.959550000000 0.870680000000 0.999900000000 

0.101970000000 0.598840000000 0.753230000000 0.968010000000 0.885200000000 0.981920000000 0.982570000000 0.984630000000 0.948010000000 0.984930000000 0.983200000000 0.984370000000 0.984750000000 0.984630000000 0.985210000000 0.984370000000 0.969600000000 0.984450000000 0.983650000000 0.984580000000 0.985000000000 0.984380000000 0.984810000000 0.984450000000 0.983790000000 0.984960000000 0.984840000000 0.984380000000 0.985140000000 0.984620000000 0.984200000000 0.984370000000 0.974620000000 0.984750000000 0.985010000000 0.984390000000 0.983790000000 0.984730000000 0.985350000000 0.984380000000 0.984860000000 0.983610000000 0.984520000000 0.984450000000 0.984740000000 0.984430000000 0.984570000000 0.984380000000 0.984170000000 0.983300000000 0.984550000000 0.984370000000 0.983680000000 0.984500000000 0.984620000000 0.984360000000 0.985830000000 0.983970000000 0.984120000000 0.984380000000 0.984050000000 0.984330000000 0.984320000000 0.984370000000 

N_obs: 8000

File Format:
1- most to least reliable channels (taken entropies)
2- most to least reliable channels (taken error probabilities)
3- channels entropies (flipped)
4- channels error probabilities (flipped)
5- number of MontCarlo simulations
