63 62 61 59 31 55 47 15 23 39 27 7 29 43 51 60 30 45 53 57 58 46 11 54 13 19 35 3 14 25 21 37 22 49 41 38 26 6 5 28 9 17 33 42 1 50 44 52 56 12 10 18 34 2 24 20 36 48 40 4 8 16 32 0 

63 62 61 59 55 60 47 58 31 57 54 53 39 51 45 19 26 21 7 43 15 22 28 17 49 44 46 3 25 35 9 29 50 42 2 48 10 34 1 32 8 0 36 16 4 40 24 11 12 27 37 5 18 33 56 20 52 38 30 6 41 14 23 13 

0.003313300000 0.090937000000 0.151620000000 0.515610000000 0.230220000000 0.590140000000 0.570120000000 0.906910000000 0.281460000000 0.622150000000 0.568350000000 0.903960000000 0.505170000000 0.870950000000 0.792670000000 0.987940000000 0.282740000000 0.609700000000 0.549030000000 0.890250000000 0.499930000000 0.868000000000 0.795370000000 0.988700000000 0.424350000000 0.802690000000 0.777260000000 0.987870000000 0.639180000000 0.954320000000 0.858710000000 0.999220000000 0.244460000000 0.538830000000 0.478440000000 0.849110000000 0.433650000000 0.807230000000 0.733730000000 0.972180000000 0.408110000000 0.783230000000 0.752670000000 0.982530000000 0.632950000000 0.951750000000 0.855880000000 0.998960000000 0.331290000000 0.678420000000 0.625670000000 0.926880000000 0.613580000000 0.945880000000 0.854100000000 0.998790000000 0.453890000000 0.835740000000 0.843020000000 0.998630000000 0.665760000000 0.959770000000 0.869830000000 0.999900000000 

0.011327000000 0.255860000000 0.417120000000 0.876310000000 0.653520000000 0.953330000000 0.968290000000 0.984520000000 0.856120000000 0.979690000000 0.982620000000 0.984560000000 0.983750000000 0.984270000000 0.984090000000 0.984330000000 0.942050000000 0.984130000000 0.983820000000 0.984110000000 0.983890000000 0.984300000000 0.984770000000 0.984400000000 0.983520000000 0.984660000000 0.984470000000 0.984370000000 0.984200000000 0.984350000000 0.984520000000 0.984360000000 0.967640000000 0.984700000000 0.984260000000 0.984070000000 0.984470000000 0.983840000000 0.984180000000 0.984400000000 0.985250000000 0.984060000000 0.983870000000 0.984550000000 0.983830000000 0.984500000000 0.984070000000 0.984370000000 0.984040000000 0.984920000000 0.985470000000 0.984430000000 0.984410000000 0.984330000000 0.984230000000 0.984360000000 0.983880000000 0.984760000000 0.984480000000 0.984380000000 0.984140000000 0.984300000000 0.984360000000 0.984370000000 

N_obs: 8000

File Format:
1- most to least reliable channels (taken entropies)
2- most to least reliable channels (taken error probabilities)
3- channels entropies (flipped)
4- channels error probabilities (flipped)
5- number of MontCarlo simulations
