63 62 61 59 31 55 47 15 23 39 60 27 43 7 29 51 45 58 30 57 53 11 46 54 13 19 21 35 37 14 5 3 22 25 41 38 26 49 42 6 9 50 17 28 33 10 1 44 52 56 18 34 2 12 20 36 24 40 48 4 8 16 32 0 

63 62 61 59 55 60 58 47 57 31 54 53 51 27 46 45 56 11 22 49 7 52 3 1 9 17 18 28 20 33 26 44 8 16 42 32 48 0 2 40 34 24 4 37 36 12 38 29 41 50 23 6 35 10 43 30 14 5 15 25 19 39 13 21 

0.002518200000 0.093585000000 0.168480000000 0.553330000000 0.289260000000 0.652200000000 0.668890000000 0.920930000000 0.386630000000 0.704440000000 0.669200000000 0.918030000000 0.646270000000 0.886060000000 0.849670000000 0.988800000000 0.387160000000 0.692800000000 0.647460000000 0.907410000000 0.595550000000 0.857430000000 0.821580000000 0.980660000000 0.553300000000 0.837340000000 0.774800000000 0.969870000000 0.758830000000 0.936670000000 0.894520000000 0.998540000000 0.364420000000 0.654120000000 0.621250000000 0.890600000000 0.580760000000 0.848180000000 0.814150000000 0.976680000000 0.518290000000 0.810890000000 0.748450000000 0.955480000000 0.739370000000 0.930420000000 0.888970000000 0.997780000000 0.462520000000 0.777580000000 0.731780000000 0.945480000000 0.674580000000 0.899830000000 0.882600000000 0.997100000000 0.616740000000 0.875830000000 0.791430000000 0.992130000000 0.794100000000 0.943640000000 0.907190000000 0.999700000000 

0.006347600000 0.216370000000 0.357460000000 0.880320000000 0.621310000000 0.958510000000 0.982070000000 0.995880000000 0.870090000000 0.991880000000 0.993820000000 0.995990000000 0.994910000000 0.996140000000 0.995970000000 0.996090000000 0.968560000000 0.995610000000 0.995710000000 0.996080000000 0.996220000000 0.996090000000 0.996140000000 0.996090000000 0.996340000000 0.996140000000 0.996110000000 0.996120000000 0.996170000000 0.996100000000 0.996060000000 0.996090000000 0.990950000000 0.996230000000 0.996140000000 0.996060000000 0.995520000000 0.996070000000 0.996320000000 0.996100000000 0.996160000000 0.995920000000 0.996450000000 0.996060000000 0.996340000000 0.996060000000 0.996060000000 0.996080000000 0.996310000000 0.996250000000 0.996390000000 0.996130000000 0.995910000000 0.996190000000 0.996050000000 0.996080000000 0.995980000000 0.996170000000 0.996290000000 0.996100000000 0.996000000000 0.996090000000 0.996030000000 0.996090000000 

N_obs: 8000

File Format:
1- most to least reliable channels (taken entropies)
2- most to least reliable channels (taken error probabilities)
3- channels entropies (flipped)
4- channels error probabilities (flipped)
5- number of MontCarlo simulations
