63 31 47 55 62 15 59 61 23 39 27 7 29 51 30 43 45 53 13 11 57 46 19 35 54 3 14 58 60 25 21 49 22 37 26 38 41 6 5 28 9 17 33 1 50 42 44 52 12 56 10 18 34 2 24 48 20 40 36 4 8 16 32 0 

63 62 61 59 55 47 31 60 43 58 14 30 11 46 35 3 23 41 27 2 21 5 54 44 33 12 10 17 1 38 56 8 40 20 25 32 0 34 4 18 16 6 52 24 48 36 22 39 37 57 13 53 28 15 45 26 42 49 7 50 9 29 51 19 

0.079245000000 0.324270000000 0.340750000000 0.717660000000 0.335080000000 0.693010000000 0.640600000000 0.940590000000 0.318220000000 0.667580000000 0.607120000000 0.924220000000 0.535130000000 0.892030000000 0.809420000000 0.991560000000 0.307100000000 0.641690000000 0.585240000000 0.910030000000 0.553020000000 0.907650000000 0.827340000000 0.995140000000 0.441300000000 0.824020000000 0.816030000000 0.995150000000 0.654530000000 0.958580000000 0.864930000000 0.999680000000 0.252780000000 0.551160000000 0.492090000000 0.857670000000 0.450020000000 0.819350000000 0.742350000000 0.975910000000 0.430330000000 0.810020000000 0.798720000000 0.992730000000 0.651160000000 0.957400000000 0.863450000000 0.999580000000 0.332230000000 0.683830000000 0.631900000000 0.928820000000 0.636040000000 0.954260000000 0.862120000000 0.999530000000 0.456830000000 0.838690000000 0.852600000000 0.999420000000 0.668810000000 0.959700000000 0.871300000000 0.999920000000 

0.314020000000 0.824730000000 0.904610000000 0.981930000000 0.951660000000 0.983430000000 0.984500000000 0.984340000000 0.970440000000 0.984240000000 0.984550000000 0.984400000000 0.984960000000 0.984720000000 0.984680000000 0.984410000000 0.977250000000 0.983860000000 0.984620000000 0.984260000000 0.982920000000 0.984650000000 0.984080000000 0.984360000000 0.984440000000 0.984320000000 0.984450000000 0.984410000000 0.983880000000 0.984380000000 0.984260000000 0.984370000000 0.980420000000 0.983700000000 0.984920000000 0.984560000000 0.984180000000 0.984620000000 0.984370000000 0.984400000000 0.984050000000 0.984420000000 0.984210000000 0.984370000000 0.985540000000 0.984390000000 0.984290000000 0.984400000000 0.984590000000 0.983570000000 0.984540000000 0.984280000000 0.983750000000 0.984280000000 0.984810000000 0.984350000000 0.984700000000 0.984400000000 0.984240000000 0.984390000000 0.983950000000 0.984190000000 0.984300000000 0.984370000000 

N_obs: 8000

File Format:
1- most to least reliable channels (taken entropies)
2- most to least reliable channels (taken error probabilities)
3- channels entropies (flipped)
4- channels error probabilities (flipped)
5- number of MontCarlo simulations
