63 62 61 59 55 60 58 47 57 54 53 31 51 46 15 45 23 39 43 56 27 29 30 7 52 11 19 35 13 49 50 14 3 21 37 25 41 22 38 44 42 26 28 5 6 9 17 33 1 10 12 18 34 48 20 36 2 24 40 4 8 16 32 0 

63 62 61 59 55 60 58 47 57 54 53 51 31 46 56 45 52 43 50 30 39 49 29 44 27 23 42 15 41 38 25 37 19 26 48 22 28 40 1 18 3 12 24 10 2 16 0 32 20 8 4 6 36 7 33 34 5 17 11 35 9 13 21 14 

0.000000000000 0.000001760200 0.000004895200 0.011426000000 0.000061317000 0.022431000000 0.046002000000 0.374210000000 0.001664000000 0.080804000000 0.140210000000 0.549170000000 0.234800000000 0.642950000000 0.637950000000 0.937820000000 0.033955000000 0.265620000000 0.334690000000 0.732790000000 0.368340000000 0.746860000000 0.693220000000 0.959720000000 0.364230000000 0.728770000000 0.672650000000 0.955370000000 0.586970000000 0.928110000000 0.836180000000 0.996370000000 0.148700000000 0.432920000000 0.412060000000 0.795490000000 0.388950000000 0.754030000000 0.692290000000 0.959050000000 0.360400000000 0.719310000000 0.663960000000 0.951170000000 0.581040000000 0.925480000000 0.834270000000 0.996040000000 0.315710000000 0.650150000000 0.593230000000 0.913770000000 0.556050000000 0.911110000000 0.828200000000 0.995210000000 0.440550000000 0.822470000000 0.812020000000 0.994510000000 0.653470000000 0.958250000000 0.864710000000 0.999640000000 

0.000000000000 0.000001078700 0.000003464800 0.026989000000 0.000172010000 0.049294000000 0.098929000000 0.632630000000 0.004593900000 0.183080000000 0.304510000000 0.832490000000 0.530780000000 0.923910000000 0.953500000000 0.984020000000 0.098754000000 0.586790000000 0.737850000000 0.966980000000 0.870600000000 0.979900000000 0.981650000000 0.984230000000 0.935150000000 0.983270000000 0.983560000000 0.984460000000 0.984720000000 0.984520000000 0.984520000000 0.984400000000 0.560780000000 0.930480000000 0.958830000000 0.984120000000 0.974230000000 0.984020000000 0.983540000000 0.984330000000 0.978280000000 0.984090000000 0.985180000000 0.984420000000 0.983620000000 0.984260000000 0.984570000000 0.984360000000 0.981420000000 0.985730000000 0.984910000000 0.984320000000 0.984680000000 0.984350000000 0.984840000000 0.984420000000 0.984480000000 0.984440000000 0.984560000000 0.984430000000 0.984280000000 0.984360000000 0.984260000000 0.984370000000 

N_obs: 8000

File Format:
1- most to least reliable channels (taken entropies)
2- most to least reliable channels (taken error probabilities)
3- channels entropies (flipped)
4- channels error probabilities (flipped)
5- number of MontCarlo simulations
