63 62 61 60 59 58 57 56 55 54 53 52 51 50 49 47 46 45 44 43 42 39 31 30 29 27 23 15 41 38 35 25 37 28 21 19 26 22 14 11 13 40 48 36 34 33 20 24 7 18 17 12 10 9 6 32 5 16 3 8 4 2 1 0 

63 62 61 60 59 58 57 56 55 54 53 52 51 50 49 47 46 45 44 43 42 39 31 30 29 27 23 15 41 38 35 25 37 28 21 19 26 22 14 11 13 40 34 48 36 20 33 7 24 18 17 12 10 9 6 32 5 16 3 8 4 2 1 0 

0.000000000000 0.000000000000 0.000000000000 0.000000000000 0.000000000000 0.000000000000 0.000000000000 0.000000000000 0.000000000000 0.000000000000 0.000000000000 0.000000000000 0.000000000000 0.000000000000 0.000000000000 0.000011842000 0.000000000000 0.000000000000 0.000000000000 0.000000000000 0.000000000000 0.000000000000 0.000000000000 0.000001816000 0.000000000000 0.000000000000 0.000000000000 0.000018011000 0.000000000000 0.000022356000 0.000109220000 0.038063000000 0.000000000000 0.000000000000 0.000000000000 0.000000000000 0.000000000000 0.000000000001 0.000000000000 0.000139640000 0.000000000000 0.000000000001 0.000000000000 0.000128960000 0.000000000001 0.000345000000 0.000778620000 0.096735000000 0.000000000000 0.000000000063 0.000000012292 0.001829900000 0.000000009253 0.004403400000 0.009934300000 0.222140000000 0.000181320000 0.026651000000 0.058543000000 0.414390000000 0.175380000000 0.580660000000 0.669990000000 0.927620000000 

0.000000000000 0.000000000000 0.000000000000 0.000000000000 0.000000000000 0.000000000000 0.000000000000 0.000000000000 0.000000000000 0.000000000000 0.000000000000 0.000000000000 0.000000000000 0.000000000000 0.000000000000 0.000022648000 0.000000000000 0.000000000000 0.000000000000 0.000000000000 0.000000000000 0.000000000000 0.000000000000 0.000001198600 0.000000000000 0.000000000000 0.000000000000 0.000054183000 0.000000000000 0.000021154000 0.000263690000 0.086074000000 0.000000000000 0.000000000000 0.000000000000 0.000000000000 0.000000000000 0.000000000000 0.000000000000 0.000673730000 0.000000000000 0.000000000000 0.000000000000 0.000210940000 0.000000000000 0.000865900000 0.001800700000 0.210750000000 0.000000000000 0.000000000018 0.000000005795 0.003823500000 0.000000003599 0.009643300000 0.021537000000 0.432980000000 0.000449180000 0.057684000000 0.117600000000 0.705840000000 0.341710000000 0.886950000000 0.954980000000 0.995710000000 

N_obs: 8000

File Format:
1- most to least reliable channels (taken entropies)
2- most to least reliable channels (taken error probabilities)
3- channels entropies (flipped)
4- channels error probabilities (flipped)
5- number of MontCarlo simulations
