63 62 61 59 55 47 60 58 54 57 53 31 51 46 45 43 56 52 39 30 50 29 49 44 27 42 41 23 38 28 15 37 48 26 35 25 7 22 19 11 21 40 13 14 3 36 33 34 5 9 17 6 24 18 10 20 1 12 2 32 4 16 8 0 

63 62 61 59 55 47 60 58 54 57 53 31 51 46 45 43 56 52 39 30 50 29 49 44 42 27 41 38 23 28 37 48 26 35 15 40 25 22 36 21 19 34 14 24 33 13 11 7 20 18 17 9 3 12 32 5 6 4 1 0 16 8 2 10 

0.000000000000 0.000000000000 0.000000000000 0.000000004755 0.000000000000 0.000000012949 0.000000046974 0.002396700000 0.000000000000 0.000000046856 0.000000151510 0.004328700000 0.000002930100 0.008812200000 0.018094000000 0.289130000000 0.000000000000 0.000059161000 0.000079580000 0.023001000000 0.000503590000 0.046186000000 0.085809000000 0.489260000000 0.005244400000 0.137280000000 0.216800000000 0.656810000000 0.310720000000 0.731250000000 0.700060000000 0.962130000000 0.000000194000 0.006405500000 0.011910000000 0.189800000000 0.037695000000 0.303350000000 0.384110000000 0.791320000000 0.117430000000 0.452760000000 0.476400000000 0.849820000000 0.457710000000 0.835250000000 0.768550000000 0.981740000000 0.208950000000 0.538200000000 0.503840000000 0.864110000000 0.466160000000 0.837080000000 0.768340000000 0.981920000000 0.407420000000 0.779980000000 0.738750000000 0.978460000000 0.624050000000 0.948140000000 0.852920000000 0.998630000000 

0.000000000000 0.000000000000 0.000000000000 0.000000001547 0.000000000000 0.000000004116 0.000000018728 0.005579300000 0.000000000000 0.000000017285 0.000000057663 0.008649100000 0.000001541700 0.017914000000 0.035451000000 0.473860000000 0.000000000000 0.000087819000 0.000164190000 0.047177000000 0.000965500000 0.093085000000 0.166220000000 0.731570000000 0.012556000000 0.277920000000 0.426580000000 0.889380000000 0.642180000000 0.952360000000 0.969790000000 0.984170000000 0.000000089102 0.016429000000 0.030735000000 0.401450000000 0.095525000000 0.592020000000 0.740190000000 0.968710000000 0.319580000000 0.831740000000 0.907880000000 0.981930000000 0.945340000000 0.983350000000 0.983580000000 0.984380000000 0.666980000000 0.955850000000 0.970420000000 0.984060000000 0.978190000000 0.984590000000 0.983620000000 0.984410000000 0.980270000000 0.984290000000 0.984210000000 0.984300000000 0.983860000000 0.984440000000 0.984310000000 0.984380000000 

N_obs: 8000

File Format:
1- most to least reliable channels (taken entropies)
2- most to least reliable channels (taken error probabilities)
3- channels entropies (flipped)
4- channels error probabilities (flipped)
5- number of MontCarlo simulations
