63 62 61 59 55 47 31 60 58 57 54 51 53 46 45 43 39 30 56 52 29 50 49 27 44 42 41 23 38 37 28 26 15 48 35 25 22 40 21 19 36 14 7 11 13 34 24 33 3 20 17 5 9 18 6 10 12 1 32 2 16 4 8 0 

63 62 61 59 55 47 31 60 58 57 54 51 53 46 45 43 39 30 29 52 56 50 49 27 44 42 41 23 38 37 28 26 48 35 15 25 40 22 21 36 19 34 14 24 33 13 11 20 7 18 17 32 12 10 3 9 6 16 8 0 5 2 4 1 

0.000000000000 0.000000000000 0.000000000000 0.000000000000 0.000000000000 0.000000000000 0.000000000000 0.000213250000 0.000000000000 0.000000000002 0.000000000006 0.000231350000 0.000000000005 0.000408850000 0.001119700000 0.096427000000 0.000000000000 0.000000000244 0.000000000540 0.001774200000 0.000000035389 0.003858600000 0.007640600000 0.198030000000 0.000064751000 0.016973000000 0.034835000000 0.345130000000 0.098108000000 0.494520000000 0.553110000000 0.904920000000 0.000000000000 0.000119060000 0.000242540000 0.036780000000 0.001251500000 0.074003000000 0.128720000000 0.541940000000 0.011775000000 0.183270000000 0.265240000000 0.688890000000 0.340900000000 0.738380000000 0.699490000000 0.961620000000 0.078357000000 0.374420000000 0.414970000000 0.798170000000 0.410990000000 0.788630000000 0.729060000000 0.970850000000 0.380430000000 0.749490000000 0.701480000000 0.966200000000 0.603270000000 0.938630000000 0.845070000000 0.997650000000 

0.000000000000 0.000000000000 0.000000000000 0.000000000000 0.000000000000 0.000000000000 0.000000000000 0.000537300000 0.000000000000 0.000000000000 0.000000000001 0.000537140000 0.000000000001 0.000561440000 0.002595100000 0.173990000000 0.000000000000 0.000000000063 0.000000000138 0.003405100000 0.000000012416 0.008018300000 0.014834000000 0.346000000000 0.000120030000 0.035573000000 0.069980000000 0.566630000000 0.204520000000 0.756180000000 0.865420000000 0.980220000000 0.000000000000 0.000237060000 0.000497910000 0.083523000000 0.002806400000 0.158270000000 0.269200000000 0.813100000000 0.031479000000 0.392900000000 0.553380000000 0.931190000000 0.744030000000 0.967320000000 0.974960000000 0.984220000000 0.233640000000 0.770160000000 0.869650000000 0.980340000000 0.931090000000 0.983190000000 0.983560000000 0.984280000000 0.961170000000 0.983980000000 0.984380000000 0.984440000000 0.983230000000 0.984430000000 0.984910000000 0.984360000000 

N_obs: 8000

File Format:
1- most to least reliable channels (taken entropies)
2- most to least reliable channels (taken error probabilities)
3- channels entropies (flipped)
4- channels error probabilities (flipped)
5- number of MontCarlo simulations
