63 62 61 59 31 55 47 15 23 39 27 7 60 29 43 51 30 45 57 53 58 46 54 11 13 19 35 3 14 25 21 37 22 49 41 38 26 6 5 28 9 17 33 42 50 1 44 56 52 12 10 18 34 2 24 20 36 48 40 4 8 16 32 0 

63 62 61 59 55 60 47 58 57 31 54 53 51 46 22 11 14 5 39 56 26 41 3 19 7 29 38 49 10 45 13 52 6 24 34 48 8 1 25 36 4 0 33 32 16 21 42 18 40 20 2 50 12 28 30 9 37 23 43 35 44 17 15 27 

0.002010500000 0.069352000000 0.120110000000 0.466460000000 0.201620000000 0.560250000000 0.549210000000 0.895620000000 0.265480000000 0.605310000000 0.557770000000 0.897690000000 0.500230000000 0.866070000000 0.788650000000 0.987120000000 0.276920000000 0.599690000000 0.544630000000 0.886700000000 0.493720000000 0.860980000000 0.790050000000 0.987580000000 0.421730000000 0.800070000000 0.769890000000 0.986350000000 0.635800000000 0.953430000000 0.857700000000 0.999130000000 0.242670000000 0.533110000000 0.475460000000 0.845240000000 0.433840000000 0.803220000000 0.730300000000 0.971590000000 0.400950000000 0.779510000000 0.744360000000 0.980680000000 0.629210000000 0.950810000000 0.854790000000 0.998840000000 0.326260000000 0.675400000000 0.624200000000 0.925810000000 0.609860000000 0.944240000000 0.852120000000 0.998650000000 0.451590000000 0.834080000000 0.841330000000 0.998440000000 0.665440000000 0.959680000000 0.869170000000 0.999880000000 

0.006531600000 0.194540000000 0.327930000000 0.839780000000 0.563750000000 0.933980000000 0.961900000000 0.983870000000 0.809970000000 0.975660000000 0.979180000000 0.984250000000 0.981660000000 0.984440000000 0.984180000000 0.984330000000 0.927590000000 0.983020000000 0.984240000000 0.984800000000 0.984620000000 0.984400000000 0.984030000000 0.984410000000 0.983760000000 0.984140000000 0.984580000000 0.984350000000 0.984790000000 0.984320000000 0.984380000000 0.984380000000 0.966160000000 0.984550000000 0.984120000000 0.984540000000 0.985400000000 0.983980000000 0.984350000000 0.984290000000 0.984580000000 0.983540000000 0.984390000000 0.984420000000 0.984080000000 0.984410000000 0.984880000000 0.984380000000 0.985380000000 0.983640000000 0.984250000000 0.984450000000 0.983600000000 0.984240000000 0.984550000000 0.984330000000 0.984120000000 0.984260000000 0.983710000000 0.984370000000 0.984030000000 0.984430000000 0.984340000000 0.984370000000 

N_obs: 8000

File Format:
1- most to least reliable channels (taken entropies)
2- most to least reliable channels (taken error probabilities)
3- channels entropies (flipped)
4- channels error probabilities (flipped)
5- number of MontCarlo simulations
