63 62 61 59 55 47 60 58 57 54 53 51 46 45 31 56 43 52 50 39 30 49 44 29 42 27 23 15 41 38 37 7 35 28 48 11 19 13 21 26 25 14 22 3 5 40 9 33 6 17 34 36 10 18 1 12 20 24 2 4 32 8 16 0 

63 62 61 59 55 47 60 57 54 58 53 51 46 45 31 56 43 52 50 39 49 30 44 29 42 41 27 38 48 23 37 28 35 15 26 40 25 22 36 21 19 34 14 33 8 12 11 16 2 18 0 4 20 13 32 6 24 9 5 10 17 1 7 3 

0.000000000000 0.000000000000 0.000000000000 0.000001010500 0.000000000000 0.000029215000 0.000031759000 0.018954000000 0.000000000000 0.000040178000 0.000163530000 0.038610000000 0.000919260000 0.076893000000 0.157530000000 0.605140000000 0.000000001874 0.002340700000 0.005738800000 0.161860000000 0.023342000000 0.272800000000 0.410800000000 0.787450000000 0.112210000000 0.474000000000 0.562240000000 0.861020000000 0.590670000000 0.857790000000 0.832430000000 0.984180000000 0.005847800000 0.126850000000 0.215540000000 0.596590000000 0.325420000000 0.673830000000 0.684260000000 0.927930000000 0.390100000000 0.706700000000 0.669750000000 0.918180000000 0.645640000000 0.886610000000 0.850860000000 0.989320000000 0.402100000000 0.705520000000 0.664340000000 0.916550000000 0.611980000000 0.866950000000 0.831660000000 0.984590000000 0.569090000000 0.848830000000 0.783030000000 0.975360000000 0.767900000000 0.939610000000 0.898200000000 0.998880000000 

0.000000000000 0.000000000000 0.000000000000 0.000000677840 0.000000000000 0.000057873000 0.000036515000 0.038745000000 0.000000000000 0.000043035000 0.000238570000 0.080113000000 0.001886900000 0.152580000000 0.282050000000 0.868020000000 0.000000000660 0.005560800000 0.012590000000 0.318530000000 0.050467000000 0.506020000000 0.683290000000 0.974270000000 0.232850000000 0.797460000000 0.901420000000 0.993890000000 0.960580000000 0.995720000000 0.996000000000 0.996100000000 0.015292000000 0.296580000000 0.455690000000 0.918010000000 0.695650000000 0.973660000000 0.986770000000 0.996110000000 0.890010000000 0.993490000000 0.995010000000 0.996100000000 0.995240000000 0.996090000000 0.996180000000 0.996090000000 0.969470000000 0.995740000000 0.996100000000 0.996060000000 0.996060000000 0.996160000000 0.996120000000 0.996060000000 0.996200000000 0.996110000000 0.996140000000 0.996090000000 0.996350000000 0.996090000000 0.996190000000 0.996090000000 

N_obs: 8000

File Format:
1- most to least reliable channels (taken entropies)
2- most to least reliable channels (taken error probabilities)
3- channels entropies (flipped)
4- channels error probabilities (flipped)
5- number of MontCarlo simulations
