63 62 61 60 59 58 57 55 54 53 51 47 46 45 43 39 31 30 29 27 23 15 56 52 50 49 42 41 44 38 28 37 26 35 25 22 21 19 14 13 48 40 11 36 34 24 33 20 7 18 17 12 10 9 32 6 5 16 3 8 4 1 2 0 

63 62 61 60 59 58 57 55 54 53 51 47 46 45 43 39 31 30 29 27 23 15 56 52 50 49 42 41 44 38 28 37 26 35 25 22 21 19 13 48 14 40 11 36 34 24 33 20 7 18 17 12 10 9 32 6 5 16 3 8 4 2 1 0 

0.000000000000 0.000000000000 0.000000000000 0.000000000000 0.000000000000 0.000000000000 0.000000000000 0.000000000000 0.000000000000 0.000000000000 0.000000000000 0.000000000000 0.000000000000 0.000000000000 0.000000000000 0.000137280000 0.000000000000 0.000000000000 0.000000000000 0.000000000002 0.000000000000 0.000000000000 0.000000000002 0.000383190000 0.000000000000 0.000000000025 0.000000000142 0.000881300000 0.000000002615 0.001598800000 0.003311200000 0.161870000000 0.000000000000 0.000000000000 0.000000000000 0.000000000093 0.000000000000 0.000000002191 0.000000073987 0.002287200000 0.000000000000 0.000000080774 0.000000156970 0.005552800000 0.000004532800 0.011587000000 0.025185000000 0.323130000000 0.000000000000 0.000082594000 0.000086432000 0.031417000000 0.000803790000 0.061539000000 0.111190000000 0.537720000000 0.009943700000 0.175960000000 0.265170000000 0.704450000000 0.351820000000 0.762280000000 0.722550000000 0.970120000000 

0.000000000000 0.000000000000 0.000000000000 0.000000000000 0.000000000000 0.000000000000 0.000000000000 0.000000000000 0.000000000000 0.000000000000 0.000000000000 0.000000000000 0.000000000000 0.000000000000 0.000000000000 0.000167940000 0.000000000000 0.000000000000 0.000000000000 0.000000000000 0.000000000000 0.000000000000 0.000000000000 0.000589050000 0.000000000000 0.000000000005 0.000000000035 0.002272800000 0.000000000790 0.003577900000 0.006292100000 0.289050000000 0.000000000000 0.000000000000 0.000000000000 0.000000000021 0.000000000000 0.000000000673 0.000000025772 0.004253800000 0.000000000000 0.000000031586 0.000000063882 0.010006000000 0.000003192300 0.024532000000 0.050425000000 0.529770000000 0.000000000000 0.000195910000 0.000085724000 0.062173000000 0.001466400000 0.123280000000 0.215590000000 0.777560000000 0.022712000000 0.347100000000 0.508940000000 0.923380000000 0.723030000000 0.965600000000 0.974730000000 0.984220000000 

N_obs: 8000

File Format:
1- most to least reliable channels (taken entropies)
2- most to least reliable channels (taken error probabilities)
3- channels entropies (flipped)
4- channels error probabilities (flipped)
5- number of MontCarlo simulations
