63 62 61 59 55 60 31 47 15 58 23 39 57 27 7 51 29 43 54 53 45 30 46 11 13 19 35 3 14 21 25 37 22 49 41 38 26 56 6 5 50 42 28 9 17 33 52 44 1 12 10 18 34 2 24 20 36 48 40 4 8 16 32 0 

63 62 61 59 55 60 58 47 57 54 31 53 51 46 56 45 43 39 50 52 30 22 29 19 37 1 35 28 6 12 42 10 21 5 17 24 41 15 16 2 32 0 8 36 4 20 48 49 40 18 34 23 38 33 7 9 25 26 11 14 27 44 13 3 

0.000009957700 0.007961300000 0.018662000000 0.222840000000 0.056071000000 0.342270000000 0.412970000000 0.808650000000 0.150780000000 0.488130000000 0.488570000000 0.855450000000 0.458930000000 0.833440000000 0.765080000000 0.981030000000 0.232860000000 0.552880000000 0.510490000000 0.865220000000 0.464540000000 0.835920000000 0.766420000000 0.981490000000 0.407430000000 0.780170000000 0.740190000000 0.978680000000 0.623400000000 0.947850000000 0.852350000000 0.998570000000 0.230070000000 0.519450000000 0.461860000000 0.836090000000 0.421770000000 0.791560000000 0.720870000000 0.968300000000 0.388510000000 0.760530000000 0.714220000000 0.971270000000 0.614440000000 0.943570000000 0.848500000000 0.998120000000 0.327810000000 0.669470000000 0.614140000000 0.922820000000 0.591460000000 0.934690000000 0.845420000000 0.997810000000 0.446480000000 0.830900000000 0.833040000000 0.997520000000 0.661670000000 0.959220000000 0.867990000000 0.999810000000 

0.000008204200 0.022999000000 0.047086000000 0.471080000000 0.149370000000 0.670500000000 0.804840000000 0.975810000000 0.433030000000 0.885050000000 0.935350000000 0.983550000000 0.960650000000 0.983520000000 0.984420000000 0.984410000000 0.773740000000 0.968720000000 0.977430000000 0.984890000000 0.979010000000 0.984200000000 0.984320000000 0.984420000000 0.982430000000 0.984490000000 0.984020000000 0.984380000000 0.984100000000 0.984430000000 0.984540000000 0.984370000000 0.924050000000 0.983620000000 0.983740000000 0.984120000000 0.984790000000 0.984650000000 0.984650000000 0.984310000000 0.984470000000 0.983690000000 0.984230000000 0.984410000000 0.983940000000 0.984420000000 0.984310000000 0.984350000000 0.984350000000 0.984770000000 0.984990000000 0.984170000000 0.984730000000 0.984230000000 0.984630000000 0.984380000000 0.984600000000 0.984160000000 0.984280000000 0.984400000000 0.985310000000 0.984360000000 0.984020000000 0.984380000000 

N_obs: 8000

File Format:
1- most to least reliable channels (taken entropies)
2- most to least reliable channels (taken error probabilities)
3- channels entropies (flipped)
4- channels error probabilities (flipped)
5- number of MontCarlo simulations
