63 62 61 59 55 60 58 47 31 57 15 54 23 39 53 27 43 51 29 45 7 46 30 11 13 19 21 35 37 14 56 3 5 22 25 41 49 38 26 42 50 52 9 6 28 17 44 33 10 1 18 34 12 2 20 36 24 40 48 4 8 16 32 0 

63 62 61 59 55 60 58 57 47 54 53 31 51 56 46 45 43 52 39 30 15 50 7 29 25 13 14 44 49 38 12 28 17 21 24 20 48 10 26 35 36 16 5 22 34 32 33 8 0 27 2 4 40 1 3 18 23 9 42 6 41 19 37 11 

0.000000002863 0.002445600000 0.006103600000 0.161310000000 0.024827000000 0.269110000000 0.398870000000 0.775800000000 0.114960000000 0.465750000000 0.548010000000 0.848170000000 0.568170000000 0.843240000000 0.815200000000 0.978950000000 0.281490000000 0.613810000000 0.602500000000 0.881920000000 0.567050000000 0.837610000000 0.805450000000 0.975600000000 0.525330000000 0.816650000000 0.759730000000 0.960560000000 0.738850000000 0.930340000000 0.887970000000 0.997480000000 0.343760000000 0.638220000000 0.598390000000 0.878350000000 0.557320000000 0.831640000000 0.801040000000 0.973540000000 0.499700000000 0.793090000000 0.737950000000 0.949450000000 0.719570000000 0.922160000000 0.880440000000 0.996320000000 0.453410000000 0.764040000000 0.717950000000 0.940610000000 0.663540000000 0.894700000000 0.870050000000 0.994770000000 0.607290000000 0.870710000000 0.792310000000 0.989320000000 0.789550000000 0.943250000000 0.905370000000 0.999590000000 

0.000000001098 0.004824100000 0.014519000000 0.331520000000 0.052269000000 0.513790000000 0.684650000000 0.975060000000 0.257770000000 0.814600000000 0.912260000000 0.994440000000 0.960170000000 0.995510000000 0.996010000000 0.996070000000 0.703480000000 0.976320000000 0.988540000000 0.995990000000 0.993030000000 0.996180000000 0.996190000000 0.996110000000 0.994630000000 0.996010000000 0.996240000000 0.996080000000 0.996080000000 0.996080000000 0.996090000000 0.996090000000 0.955020000000 0.995440000000 0.995800000000 0.996020000000 0.996090000000 0.996080000000 0.995860000000 0.996060000000 0.996150000000 0.996080000000 0.996060000000 0.996060000000 0.996190000000 0.996140000000 0.996060000000 0.996080000000 0.995480000000 0.995980000000 0.995980000000 0.996020000000 0.996260000000 0.996070000000 0.996160000000 0.996090000000 0.995780000000 0.996180000000 0.996080000000 0.996110000000 0.996130000000 0.996100000000 0.996110000000 0.996090000000 

N_obs: 8000

File Format:
1- most to least reliable channels (taken entropies)
2- most to least reliable channels (taken error probabilities)
3- channels entropies (flipped)
4- channels error probabilities (flipped)
5- number of MontCarlo simulations
