63 62 61 59 55 60 58 47 57 31 54 15 53 23 39 51 27 43 46 45 29 7 30 11 56 19 13 35 21 37 14 3 22 5 25 41 49 38 52 50 26 42 9 6 44 28 17 33 10 1 18 34 12 2 20 36 24 40 48 4 8 16 32 0 

63 62 61 59 55 60 58 57 47 54 53 51 31 56 46 45 52 43 39 30 50 29 27 49 23 17 35 14 19 44 38 41 33 20 18 13 12 36 24 40 2 0 8 32 48 6 16 4 37 42 9 11 34 21 1 10 25 22 26 5 28 3 7 15 

0.000000001406 0.000824280000 0.001832200000 0.101020000000 0.009471000000 0.178740000000 0.297550000000 0.707040000000 0.060722000000 0.369730000000 0.478380000000 0.813510000000 0.529670000000 0.820540000000 0.802170000000 0.974350000000 0.226380000000 0.570260000000 0.583480000000 0.869830000000 0.553920000000 0.829530000000 0.799200000000 0.973380000000 0.519830000000 0.811900000000 0.753950000000 0.958060000000 0.732670000000 0.928110000000 0.885840000000 0.997180000000 0.330220000000 0.624790000000 0.593580000000 0.874550000000 0.551700000000 0.827940000000 0.797810000000 0.972160000000 0.496020000000 0.788580000000 0.733640000000 0.947830000000 0.712050000000 0.919870000000 0.879070000000 0.995940000000 0.447490000000 0.760770000000 0.717060000000 0.939950000000 0.659130000000 0.892560000000 0.867280000000 0.994180000000 0.603770000000 0.869280000000 0.792960000000 0.988590000000 0.788400000000 0.943010000000 0.904810000000 0.999550000000 

0.000000000586 0.002015100000 0.004172200000 0.209630000000 0.021123000000 0.354520000000 0.528240000000 0.948620000000 0.132860000000 0.681660000000 0.825320000000 0.988760000000 0.923730000000 0.995050000000 0.995480000000 0.996100000000 0.559260000000 0.949250000000 0.978340000000 0.995980000000 0.988980000000 0.996110000000 0.996010000000 0.996090000000 0.993070000000 0.996000000000 0.996110000000 0.996050000000 0.995900000000 0.996120000000 0.996030000000 0.996090000000 0.931900000000 0.995000000000 0.995090000000 0.996260000000 0.995310000000 0.996230000000 0.996190000000 0.996080000000 0.995680000000 0.996220000000 0.996130000000 0.996040000000 0.995980000000 0.996040000000 0.995900000000 0.996100000000 0.996610000000 0.995950000000 0.996040000000 0.996050000000 0.996120000000 0.996140000000 0.996110000000 0.996090000000 0.996560000000 0.996100000000 0.996250000000 0.996110000000 0.996260000000 0.996090000000 0.996130000000 0.996090000000 

N_obs: 8000

File Format:
1- most to least reliable channels (taken entropies)
2- most to least reliable channels (taken error probabilities)
3- channels entropies (flipped)
4- channels error probabilities (flipped)
5- number of MontCarlo simulations
