63 62 61 59 55 60 58 47 57 54 53 31 51 46 15 23 39 45 56 43 27 29 30 7 11 52 19 13 35 21 37 50 14 49 41 22 3 25 5 38 42 26 44 9 28 6 17 33 10 1 18 34 12 2 20 36 48 40 24 4 8 16 32 0 

63 62 61 59 55 60 58 57 47 54 53 51 46 56 31 45 52 43 50 39 30 49 44 29 27 15 42 23 41 26 38 48 7 11 14 36 33 17 13 37 32 1 18 0 16 22 24 2 20 8 4 12 40 19 28 6 34 10 5 3 9 25 35 21 

0.000000000000 0.000062458000 0.000103660000 0.026106000000 0.000507190000 0.053689000000 0.108090000000 0.512230000000 0.007129200000 0.161530000000 0.274100000000 0.676800000000 0.397560000000 0.746380000000 0.754080000000 0.957720000000 0.091315000000 0.416040000000 0.500780000000 0.819420000000 0.512580000000 0.805450000000 0.778570000000 0.965830000000 0.498080000000 0.795690000000 0.740030000000 0.951540000000 0.719990000000 0.922600000000 0.881020000000 0.996290000000 0.289460000000 0.596700000000 0.571200000000 0.861580000000 0.533900000000 0.817740000000 0.787480000000 0.968910000000 0.483550000000 0.783600000000 0.727940000000 0.944270000000 0.702320000000 0.914780000000 0.874490000000 0.994950000000 0.445430000000 0.753920000000 0.709720000000 0.936550000000 0.654230000000 0.889780000000 0.860580000000 0.992590000000 0.599650000000 0.866660000000 0.792180000000 0.986530000000 0.785310000000 0.942610000000 0.903790000000 0.999470000000 

0.000000000000 0.000079243000 0.000224370000 0.055074000000 0.001105000000 0.114350000000 0.204520000000 0.793290000000 0.015983000000 0.330470000000 0.497800000000 0.934150000000 0.731090000000 0.978500000000 0.989530000000 0.996010000000 0.224630000000 0.785160000000 0.895500000000 0.992680000000 0.959500000000 0.995630000000 0.995720000000 0.996120000000 0.981720000000 0.995980000000 0.996090000000 0.996070000000 0.996340000000 0.996160000000 0.996070000000 0.996090000000 0.809080000000 0.989450000000 0.993200000000 0.996130000000 0.994710000000 0.995880000000 0.996280000000 0.996100000000 0.995710000000 0.996100000000 0.996420000000 0.996110000000 0.996130000000 0.996090000000 0.996070000000 0.996100000000 0.995570000000 0.996060000000 0.996090000000 0.996110000000 0.996060000000 0.996160000000 0.996230000000 0.996110000000 0.996010000000 0.996150000000 0.996170000000 0.996110000000 0.996210000000 0.996100000000 0.996090000000 0.996090000000 

N_obs: 8000

File Format:
1- most to least reliable channels (taken entropies)
2- most to least reliable channels (taken error probabilities)
3- channels entropies (flipped)
4- channels error probabilities (flipped)
5- number of MontCarlo simulations
