63 62 61 60 59 58 57 56 55 54 53 52 51 50 49 47 46 45 44 43 42 41 39 38 37 31 30 29 28 27 25 23 22 15 21 35 19 14 26 13 11 7 36 40 48 34 33 20 24 12 18 17 10 9 6 5 32 3 16 8 4 2 1 0 

63 62 61 60 59 58 57 56 55 54 53 52 51 50 49 47 46 45 44 43 42 41 39 38 37 31 30 29 28 27 25 23 22 15 21 35 19 14 26 13 11 7 36 40 48 34 33 20 24 12 17 18 10 9 6 5 32 3 16 8 4 2 1 0 

0.000000000000 0.000000000000 0.000000000000 0.000000000000 0.000000000000 0.000000000000 0.000000000000 0.000000000000 0.000000000000 0.000000000000 0.000000000000 0.000000000000 0.000000000000 0.000000000000 0.000000000000 0.000000498600 0.000000000000 0.000000000000 0.000000000000 0.000000000000 0.000000000000 0.000000000000 0.000000000000 0.000000159340 0.000000000000 0.000000000000 0.000000000000 0.000000078460 0.000000000000 0.000000880950 0.000001789900 0.013003000000 0.000000000000 0.000000000000 0.000000000000 0.000000000000 0.000000000000 0.000000000000 0.000000000000 0.000005214400 0.000000000000 0.000000000000 0.000000000000 0.000003159200 0.000000000000 0.000070369000 0.000088235000 0.028477000000 0.000000000000 0.000000000000 0.000000000000 0.000038891000 0.000000000008 0.000300940000 0.000417820000 0.063194000000 0.000000000333 0.001640400000 0.003250700000 0.139230000000 0.016467000000 0.256020000000 0.368740000000 0.812080000000 

0.000000000000 0.000000000000 0.000000000000 0.000000000000 0.000000000000 0.000000000000 0.000000000000 0.000000000000 0.000000000000 0.000000000000 0.000000000000 0.000000000000 0.000000000000 0.000000000000 0.000000000000 0.000000292700 0.000000000000 0.000000000000 0.000000000000 0.000000000000 0.000000000000 0.000000000000 0.000000000000 0.000000074052 0.000000000000 0.000000000000 0.000000000000 0.000000027244 0.000000000000 0.000000455150 0.000000827560 0.025660000000 0.000000000000 0.000000000000 0.000000000000 0.000000000000 0.000000000000 0.000000000000 0.000000000000 0.000004893900 0.000000000000 0.000000000000 0.000000000000 0.000002164200 0.000000000000 0.000156760000 0.000109040000 0.057435000000 0.000000000000 0.000000000000 0.000000000000 0.000026113000 0.000000000002 0.000853030000 0.001084400000 0.121050000000 0.000000000080 0.003533300000 0.006142500000 0.251550000000 0.035080000000 0.444220000000 0.626120000000 0.957740000000 

N_obs: 8000

File Format:
1- most to least reliable channels (taken entropies)
2- most to least reliable channels (taken error probabilities)
3- channels entropies (flipped)
4- channels error probabilities (flipped)
5- number of MontCarlo simulations
