63 62 61 59 55 60 58 47 57 54 53 31 51 46 45 56 15 43 39 23 27 29 30 7 52 11 50 35 19 49 13 14 3 21 37 41 44 25 38 22 42 26 28 5 6 9 17 33 1 10 12 48 34 18 20 36 40 24 2 4 8 16 32 0 

63 62 61 59 55 60 58 47 57 54 53 51 31 46 56 45 52 43 50 30 39 49 29 44 27 42 23 41 15 38 7 37 48 35 28 26 33 25 10 34 2 9 1 4 14 17 16 5 0 13 40 24 8 19 32 36 21 20 6 3 22 18 11 12 

0.000000000000 0.000000173130 0.000000189270 0.004854200000 0.000000871460 0.010209000000 0.020871000000 0.275070000000 0.000537210000 0.042353000000 0.077078000000 0.442230000000 0.163330000000 0.568350000000 0.590390000000 0.917850000000 0.014183000000 0.184320000000 0.266970000000 0.670960000000 0.330100000000 0.713490000000 0.670060000000 0.950390000000 0.342860000000 0.707290000000 0.655330000000 0.948160000000 0.572670000000 0.920590000000 0.831910000000 0.995660000000 0.117410000000 0.395410000000 0.393650000000 0.776600000000 0.379240000000 0.744070000000 0.684830000000 0.955840000000 0.356110000000 0.711850000000 0.653060000000 0.946880000000 0.576000000000 0.920620000000 0.830060000000 0.995410000000 0.301410000000 0.643200000000 0.592320000000 0.911220000000 0.546110000000 0.904570000000 0.823930000000 0.994470000000 0.435880000000 0.819200000000 0.806620000000 0.993720000000 0.651320000000 0.957660000000 0.863680000000 0.999570000000 

0.000000000000 0.000000082875 0.000000089675 0.010258000000 0.000000408070 0.022147000000 0.043688000000 0.482140000000 0.001434800000 0.094340000000 0.169280000000 0.710140000000 0.368730000000 0.862060000000 0.920080000000 0.983010000000 0.041464000000 0.431460000000 0.596350000000 0.940250000000 0.778950000000 0.972370000000 0.977740000000 0.984380000000 0.896570000000 0.982390000000 0.982810000000 0.984420000000 0.983230000000 0.984220000000 0.983990000000 0.984410000000 0.430510000000 0.877670000000 0.935990000000 0.983790000000 0.962480000000 0.983850000000 0.984110000000 0.984390000000 0.973550000000 0.984560000000 0.984430000000 0.984450000000 0.984400000000 0.984640000000 0.984350000000 0.984360000000 0.979170000000 0.984330000000 0.984370000000 0.984920000000 0.984760000000 0.984200000000 0.984300000000 0.984400000000 0.982520000000 0.984480000000 0.984360000000 0.984320000000 0.984540000000 0.984290000000 0.984310000000 0.984370000000 

N_obs: 8000

File Format:
1- most to least reliable channels (taken entropies)
2- most to least reliable channels (taken error probabilities)
3- channels entropies (flipped)
4- channels error probabilities (flipped)
5- number of MontCarlo simulations
