63 62 61 60 59 58 57 55 54 53 47 31 51 46 43 39 45 30 29 56 52 27 50 49 44 23 42 41 38 37 28 15 26 35 25 48 22 21 40 36 19 14 34 13 24 11 33 7 20 18 17 3 12 5 9 10 6 32 1 16 2 8 4 0 

63 62 61 60 59 58 57 55 54 53 47 31 51 46 43 39 45 30 29 56 52 27 49 50 44 42 23 41 38 37 28 26 35 15 25 48 22 40 21 36 19 14 34 24 13 33 20 11 18 7 17 12 32 10 9 6 16 5 3 1 8 2 0 4 

0.000000000000 0.000000000000 0.000000000000 0.000000000000 0.000000000000 0.000000000000 0.000000000000 0.000000495500 0.000000000000 0.000000000000 0.000000000000 0.000001908000 0.000000000000 0.000031412000 0.000040339000 0.020832000000 0.000000000000 0.000000000000 0.000000000109 0.000102930000 0.000000000001 0.000150480000 0.000251890000 0.045195000000 0.000000000052 0.000595750000 0.001434100000 0.092591000000 0.006492100000 0.178130000000 0.282540000000 0.749600000000 0.000000000000 0.000000000575 0.000000002231 0.002109500000 0.000002282600 0.005448000000 0.011238000000 0.205240000000 0.000124630000 0.021033000000 0.042139000000 0.352640000000 0.106320000000 0.484350000000 0.542720000000 0.896710000000 0.005093500000 0.122500000000 0.193200000000 0.601110000000 0.276600000000 0.673650000000 0.648260000000 0.941980000000 0.323510000000 0.691340000000 0.645720000000 0.943640000000 0.569250000000 0.919210000000 0.830680000000 0.995560000000 

0.000000000000 0.000000000000 0.000000000000 0.000000000000 0.000000000000 0.000000000000 0.000000000000 0.000000241350 0.000000000000 0.000000000000 0.000000000000 0.000001011400 0.000000000000 0.000161870000 0.000043095000 0.039838000000 0.000000000000 0.000000000000 0.000000000028 0.000177980000 0.000000000000 0.000286530000 0.000855120000 0.090093000000 0.000000000012 0.001284900000 0.003028600000 0.171740000000 0.013485000000 0.319410000000 0.489760000000 0.927060000000 0.000000000000 0.000000000158 0.000000000648 0.004542100000 0.000001437600 0.011452000000 0.024829000000 0.380510000000 0.000402360000 0.045581000000 0.091019000000 0.594160000000 0.236540000000 0.773200000000 0.870030000000 0.980420000000 0.013888000000 0.279870000000 0.427490000000 0.887350000000 0.648700000000 0.952840000000 0.968970000000 0.984240000000 0.828780000000 0.976800000000 0.980750000000 0.984450000000 0.982050000000 0.984290000000 0.984170000000 0.984320000000 

N_obs: 8000

File Format:
1- most to least reliable channels (taken entropies)
2- most to least reliable channels (taken error probabilities)
3- channels entropies (flipped)
4- channels error probabilities (flipped)
5- number of MontCarlo simulations
