63 62 61 59 55 47 58 60 57 54 53 51 31 46 45 56 43 52 30 50 39 29 49 44 27 15 23 42 7 41 38 35 11 37 19 13 28 21 25 14 26 3 22 48 5 33 9 6 17 40 1 34 10 36 18 12 20 24 2 32 4 8 16 0 

63 62 61 59 55 58 47 60 57 54 53 51 46 31 45 56 43 52 50 30 39 49 44 29 42 27 41 38 23 48 28 37 15 35 26 40 25 22 21 19 36 13 11 33 17 14 1 3 34 6 18 20 8 9 0 16 32 5 4 24 2 7 10 12 

0.000000000000 0.000000000000 0.000000000000 0.000052391000 0.000000000000 0.000042149000 0.000074683000 0.031791000000 0.000000000004 0.000195320000 0.000857930000 0.065922000000 0.003618500000 0.129160000000 0.213080000000 0.679100000000 0.000014097000 0.006448700000 0.013759000000 0.220260000000 0.045297000000 0.342600000000 0.425920000000 0.827750000000 0.135530000000 0.497600000000 0.519560000000 0.879250000000 0.497630000000 0.866230000000 0.792080000000 0.987800000000 0.005344400000 0.115580000000 0.180060000000 0.564760000000 0.258600000000 0.626250000000 0.599090000000 0.920540000000 0.296690000000 0.644630000000 0.592130000000 0.918200000000 0.530940000000 0.891070000000 0.809410000000 0.991330000000 0.280950000000 0.613180000000 0.556030000000 0.895120000000 0.510080000000 0.874240000000 0.799780000000 0.989630000000 0.424680000000 0.803370000000 0.776830000000 0.987860000000 0.639780000000 0.954720000000 0.859260000000 0.999270000000 

0.000000000000 0.000000000000 0.000000000000 0.000186260000 0.000000000000 0.000037532000 0.000193270000 0.063182000000 0.000000000001 0.000258960000 0.001980800000 0.129010000000 0.007253600000 0.243180000000 0.394960000000 0.893510000000 0.000106260000 0.015514000000 0.031698000000 0.413930000000 0.106330000000 0.610960000000 0.752530000000 0.971140000000 0.336470000000 0.845420000000 0.911600000000 0.982670000000 0.949810000000 0.984030000000 0.983730000000 0.984390000000 0.017091000000 0.304320000000 0.465580000000 0.905260000000 0.694590000000 0.958480000000 0.971590000000 0.984430000000 0.854960000000 0.979310000000 0.981290000000 0.984300000000 0.981350000000 0.984130000000 0.983880000000 0.984390000000 0.932040000000 0.983890000000 0.982850000000 0.984600000000 0.982990000000 0.984560000000 0.984350000000 0.984330000000 0.984440000000 0.984040000000 0.984390000000 0.984420000000 0.983980000000 0.984430000000 0.983980000000 0.984370000000 

N_obs: 8000

File Format:
1- most to least reliable channels (taken entropies)
2- most to least reliable channels (taken error probabilities)
3- channels entropies (flipped)
4- channels error probabilities (flipped)
5- number of MontCarlo simulations
