63 62 61 60 59 58 57 56 55 54 53 52 51 50 49 47 46 45 44 43 42 41 39 38 37 35 31 30 29 28 27 26 25 23 22 21 19 15 14 13 11 7 40 48 36 34 33 24 17 18 10 12 9 20 5 6 3 32 16 8 4 2 1 0 

63 62 61 60 59 58 57 56 55 54 53 52 51 50 49 47 46 45 44 43 42 41 39 38 37 35 31 30 29 28 27 26 25 23 22 21 19 15 14 13 11 7 40 48 36 34 33 24 17 18 10 12 9 20 5 6 3 32 16 8 4 2 1 0 

0.000000000000 0.000000000000 0.000000000000 0.000000000000 0.000000000000 0.000000000000 0.000000000000 0.000000000000 0.000000000000 0.000000000000 0.000000000000 0.000000000000 0.000000000000 0.000000000000 0.000000000000 0.000000000001 0.000000000000 0.000000000000 0.000000000000 0.000000000000 0.000000000000 0.000000000000 0.000000000000 0.000000000001 0.000000000000 0.000000000000 0.000000000000 0.000000000001 0.000000000000 0.000000000003 0.000000000086 0.001076700000 0.000000000000 0.000000000000 0.000000000000 0.000000000000 0.000000000000 0.000000000000 0.000000000000 0.000000000262 0.000000000000 0.000000000000 0.000000000000 0.000000348900 0.000000000000 0.000000000800 0.000000000525 0.002507400000 0.000000000000 0.000000000000 0.000000000000 0.000000013034 0.000000000000 0.000000009476 0.000000014633 0.005183700000 0.000000000000 0.000016119000 0.000000572070 0.013964000000 0.000041307000 0.036347000000 0.088545000000 0.524960000000 

0.000000000000 0.000000000000 0.000000000000 0.000000000000 0.000000000000 0.000000000000 0.000000000000 0.000000000000 0.000000000000 0.000000000000 0.000000000000 0.000000000000 0.000000000000 0.000000000000 0.000000000000 0.000000000000 0.000000000000 0.000000000000 0.000000000000 0.000000000000 0.000000000000 0.000000000000 0.000000000000 0.000000000000 0.000000000000 0.000000000000 0.000000000000 0.000000000000 0.000000000000 0.000000000001 0.000000000026 0.002836400000 0.000000000000 0.000000000000 0.000000000000 0.000000000000 0.000000000000 0.000000000000 0.000000000000 0.000000000093 0.000000000000 0.000000000000 0.000000000000 0.000000271230 0.000000000000 0.000000000286 0.000000000169 0.006466300000 0.000000000000 0.000000000000 0.000000000000 0.000000006226 0.000000000000 0.000000003856 0.000000006917 0.012488000000 0.000000000000 0.000072311000 0.000000309750 0.034845000000 0.000196220000 0.079897000000 0.180170000000 0.831690000000 

N_obs: 8000

File Format:
1- most to least reliable channels (taken entropies)
2- most to least reliable channels (taken error probabilities)
3- channels entropies (flipped)
4- channels error probabilities (flipped)
5- number of MontCarlo simulations
