63 62 61 60 59 58 57 56 55 54 53 52 51 50 49 47 46 45 44 43 42 41 39 38 37 35 31 30 29 28 27 26 25 23 22 21 19 15 14 13 11 7 48 40 36 34 24 20 12 17 18 33 10 9 6 5 3 32 16 8 4 2 1 0 

63 62 61 60 59 58 57 56 55 54 53 52 51 50 49 47 46 45 44 43 42 41 39 38 37 35 31 30 29 28 27 26 25 23 22 21 19 15 14 13 11 7 48 40 36 34 24 20 12 17 18 33 10 9 6 5 3 32 16 8 4 2 1 0 

0.000000000000 0.000000000000 0.000000000000 0.000000000000 0.000000000000 0.000000000000 0.000000000000 0.000000000000 0.000000000000 0.000000000000 0.000000000000 0.000000000000 0.000000000000 0.000000000000 0.000000000000 0.000000000000 0.000000000000 0.000000000000 0.000000000000 0.000000000000 0.000000000000 0.000000000000 0.000000000000 0.000000000000 0.000000000000 0.000000000000 0.000000000000 0.000000000000 0.000000000000 0.000000000000 0.000000000011 0.000187180000 0.000000000000 0.000000000000 0.000000000000 0.000000000000 0.000000000000 0.000000000000 0.000000000000 0.000000000000 0.000000000000 0.000000000000 0.000000000000 0.000000000001 0.000000000000 0.000000000011 0.000000000007 0.000498510000 0.000000000000 0.000000000000 0.000000000000 0.000000000001 0.000000000000 0.000000000039 0.000000000265 0.000939340000 0.000000000000 0.000000001146 0.000000002951 0.002133500000 0.000002715100 0.006171700000 0.016983000000 0.317270000000 

0.000000000000 0.000000000000 0.000000000000 0.000000000000 0.000000000000 0.000000000000 0.000000000000 0.000000000000 0.000000000000 0.000000000000 0.000000000000 0.000000000000 0.000000000000 0.000000000000 0.000000000000 0.000000000000 0.000000000000 0.000000000000 0.000000000000 0.000000000000 0.000000000000 0.000000000000 0.000000000000 0.000000000000 0.000000000000 0.000000000000 0.000000000000 0.000000000000 0.000000000000 0.000000000000 0.000000000003 0.000418990000 0.000000000000 0.000000000000 0.000000000000 0.000000000000 0.000000000000 0.000000000000 0.000000000000 0.000000000000 0.000000000000 0.000000000000 0.000000000000 0.000000000000 0.000000000000 0.000000000003 0.000000000002 0.001362900000 0.000000000000 0.000000000000 0.000000000000 0.000000000000 0.000000000000 0.000000000011 0.000000000090 0.002600000000 0.000000000000 0.000000000440 0.000000001107 0.004957800000 0.000002099200 0.014221000000 0.036298000000 0.605930000000 

N_obs: 8000

File Format:
1- most to least reliable channels (taken entropies)
2- most to least reliable channels (taken error probabilities)
3- channels entropies (flipped)
4- channels error probabilities (flipped)
5- number of MontCarlo simulations
