63 62 61 59 55 31 47 15 60 23 39 27 7 58 29 51 43 57 30 45 53 54 46 11 13 19 35 3 14 25 21 37 22 41 49 38 26 6 5 28 9 42 17 50 33 56 1 44 52 12 10 18 34 2 24 20 36 48 40 4 8 16 32 0 

63 62 61 59 55 60 58 47 57 31 54 53 51 46 56 45 43 23 27 37 49 50 39 29 34 25 52 38 14 19 4 10 32 0 8 33 9 24 16 12 36 6 48 21 2 17 20 26 40 3 18 42 28 5 44 1 41 11 22 7 13 30 35 15 

0.000167390000 0.029084000000 0.057065000000 0.348920000000 0.126210000000 0.466060000000 0.496170000000 0.864300000000 0.221460000000 0.561670000000 0.531660000000 0.882650000000 0.483370000000 0.853340000000 0.780540000000 0.984890000000 0.261290000000 0.583530000000 0.529500000000 0.878770000000 0.484280000000 0.851180000000 0.779950000000 0.985010000000 0.416210000000 0.790990000000 0.756180000000 0.983050000000 0.629840000000 0.951110000000 0.855000000000 0.998910000000 0.235910000000 0.529190000000 0.470730000000 0.842160000000 0.426640000000 0.797150000000 0.726660000000 0.970200000000 0.397330000000 0.770260000000 0.730240000000 0.976240000000 0.623920000000 0.947920000000 0.851700000000 0.998530000000 0.330030000000 0.675050000000 0.621780000000 0.925500000000 0.603420000000 0.939790000000 0.849010000000 0.998300000000 0.451310000000 0.833450000000 0.837710000000 0.998040000000 0.664630000000 0.959620000000 0.868450000000 0.999820000000 

0.000887950000 0.079085000000 0.158640000000 0.682990000000 0.346160000000 0.844010000000 0.914150000000 0.982710000000 0.655890000000 0.953150000000 0.969230000000 0.984270000000 0.976220000000 0.984170000000 0.984090000000 0.984440000000 0.872640000000 0.980000000000 0.982780000000 0.984640000000 0.983070000000 0.984580000000 0.984820000000 0.984490000000 0.984190000000 0.984280000000 0.984080000000 0.984420000000 0.985570000000 0.984250000000 0.984380000000 0.984370000000 0.949990000000 0.985400000000 0.984220000000 0.984620000000 0.983630000000 0.984480000000 0.984260000000 0.984390000000 0.983510000000 0.984910000000 0.984440000000 0.984470000000 0.984350000000 0.984540000000 0.984460000000 0.984390000000 0.986140000000 0.984340000000 0.985050000000 0.984400000000 0.984870000000 0.984370000000 0.984390000000 0.984380000000 0.984950000000 0.984430000000 0.984620000000 0.984350000000 0.984530000000 0.984450000000 0.984690000000 0.984380000000 

N_obs: 8000

File Format:
1- most to least reliable channels (taken entropies)
2- most to least reliable channels (taken error probabilities)
3- channels entropies (flipped)
4- channels error probabilities (flipped)
5- number of MontCarlo simulations
