63 62 31 61 47 59 55 15 23 39 27 7 29 43 51 30 45 53 57 46 11 60 13 19 54 35 58 3 14 25 21 37 22 49 41 38 26 6 5 28 9 17 33 1 50 42 44 52 56 12 10 18 34 2 24 20 48 36 40 4 8 16 32 0 

63 62 61 59 55 60 47 31 58 57 39 53 54 51 13 30 42 21 19 11 5 49 52 56 29 46 37 40 17 45 34 24 26 20 10 32 36 4 0 8 16 38 12 48 41 14 22 35 2 50 44 18 33 1 9 6 27 43 23 25 15 28 3 7 

0.018262000000 0.186000000000 0.248900000000 0.626280000000 0.295150000000 0.651280000000 0.607820000000 0.926670000000 0.303540000000 0.642950000000 0.584240000000 0.913590000000 0.519820000000 0.881570000000 0.801260000000 0.989760000000 0.292490000000 0.620550000000 0.565690000000 0.899290000000 0.516860000000 0.883970000000 0.808040000000 0.991690000000 0.432440000000 0.811940000000 0.794060000000 0.991530000000 0.645630000000 0.956400000000 0.861520000000 0.999420000000 0.248760000000 0.545430000000 0.486600000000 0.853600000000 0.442660000000 0.813880000000 0.736580000000 0.973480000000 0.419590000000 0.795100000000 0.771140000000 0.987340000000 0.642060000000 0.954840000000 0.859690000000 0.999270000000 0.331940000000 0.680080000000 0.628880000000 0.927920000000 0.625050000000 0.950150000000 0.857600000000 0.999160000000 0.454720000000 0.835800000000 0.847400000000 0.999030000000 0.668950000000 0.959930000000 0.870360000000 0.999880000000 

0.067170000000 0.516410000000 0.685250000000 0.957200000000 0.846070000000 0.978180000000 0.980420000000 0.984160000000 0.934130000000 0.983360000000 0.983070000000 0.984110000000 0.983800000000 0.984570000000 0.984080000000 0.984430000000 0.965910000000 0.984230000000 0.984270000000 0.984580000000 0.984710000000 0.983950000000 0.984430000000 0.984250000000 0.981470000000 0.984390000000 0.984240000000 0.984370000000 0.984520000000 0.984270000000 0.984620000000 0.984360000000 0.976480000000 0.983900000000 0.984180000000 0.984920000000 0.984660000000 0.984290000000 0.984900000000 0.984280000000 0.984720000000 0.984500000000 0.983980000000 0.984340000000 0.984000000000 0.984590000000 0.984260000000 0.984380000000 0.984900000000 0.984440000000 0.983850000000 0.984410000000 0.984020000000 0.984360000000 0.984640000000 0.984380000000 0.985130000000 0.984650000000 0.984040000000 0.984370000000 0.985110000000 0.984530000000 0.984630000000 0.984370000000 

N_obs: 8000

File Format:
1- most to least reliable channels (taken entropies)
2- most to least reliable channels (taken error probabilities)
3- channels entropies (flipped)
4- channels error probabilities (flipped)
5- number of MontCarlo simulations
