63 62 61 60 59 58 57 55 54 53 51 47 46 45 43 31 39 29 30 27 56 52 50 23 49 44 42 41 38 15 37 35 28 25 26 22 21 48 19 40 14 36 13 34 24 11 33 20 18 7 17 12 10 9 32 3 6 5 16 1 8 2 4 0 

63 62 61 60 59 58 57 55 54 53 51 47 46 45 43 31 39 29 30 27 56 52 50 23 49 44 42 41 15 38 35 28 37 25 26 22 21 48 19 40 14 36 13 34 24 33 11 20 18 7 17 12 10 32 9 6 16 5 3 8 4 2 1 0 

0.000000000000 0.000000000000 0.000000000000 0.000000000000 0.000000000000 0.000000000000 0.000000000000 0.000000000073 0.000000000000 0.000000000000 0.000000000000 0.000000000383 0.000000000000 0.000000001031 0.000000019159 0.002407900000 0.000000000000 0.000000000000 0.000000000000 0.000000070338 0.000000000000 0.000000090623 0.000000796930 0.005750400000 0.000000000000 0.000015801000 0.000020303000 0.012027000000 0.000050091000 0.026607000000 0.055114000000 0.452400000000 0.000000000000 0.000000000000 0.000000000000 0.000064488000 0.000000000000 0.000185100000 0.000158960000 0.037182000000 0.000000004036 0.000458310000 0.001231200000 0.073424000000 0.004524600000 0.138790000000 0.230160000000 0.695570000000 0.000017513000 0.009066400000 0.017922000000 0.243150000000 0.054956000000 0.366490000000 0.447100000000 0.843220000000 0.149360000000 0.521020000000 0.535180000000 0.887650000000 0.501990000000 0.874210000000 0.800200000000 0.989520000000 

0.000000000000 0.000000000000 0.000000000000 0.000000000000 0.000000000000 0.000000000000 0.000000000000 0.000000000017 0.000000000000 0.000000000000 0.000000000000 0.000000000102 0.000000000000 0.000000000269 0.000000006518 0.004797700000 0.000000000000 0.000000000000 0.000000000000 0.000000027747 0.000000000000 0.000000036276 0.000000448890 0.011775000000 0.000000000000 0.000019690000 0.000111340000 0.024735000000 0.000054332000 0.051251000000 0.104090000000 0.677460000000 0.000000000000 0.000000000000 0.000000000000 0.000088606000 0.000000000000 0.000282290000 0.000166580000 0.076999000000 0.000000001315 0.001039000000 0.002445500000 0.142670000000 0.009571600000 0.262160000000 0.421000000000 0.902320000000 0.000016935000 0.020103000000 0.040099000000 0.452250000000 0.125340000000 0.643520000000 0.779270000000 0.972860000000 0.368760000000 0.870760000000 0.924330000000 0.983060000000 0.954420000000 0.983370000000 0.983420000000 0.984410000000 

N_obs: 8000

File Format:
1- most to least reliable channels (taken entropies)
2- most to least reliable channels (taken error probabilities)
3- channels entropies (flipped)
4- channels error probabilities (flipped)
5- number of MontCarlo simulations
