63 62 61 59 55 60 47 31 58 15 57 23 39 27 54 7 51 43 29 53 45 30 46 11 19 13 35 3 14 21 25 37 49 22 41 56 38 26 50 42 6 5 28 52 9 17 33 44 1 12 10 18 34 2 24 20 36 48 40 4 8 16 32 0 

63 62 61 59 55 60 58 47 57 54 53 31 51 46 56 45 43 39 30 52 29 27 3 7 50 26 5 38 41 6 18 24 34 37 48 4 12 20 8 0 40 32 16 28 19 10 36 49 1 23 25 9 14 42 13 17 2 15 33 35 44 22 11 21 

0.000000180710 0.003942500000 0.009027700000 0.163990000000 0.030825000000 0.271850000000 0.355500000000 0.771570000000 0.110240000000 0.436730000000 0.461480000000 0.836930000000 0.447220000000 0.821550000000 0.754630000000 0.978250000000 0.214410000000 0.532600000000 0.499240000000 0.857710000000 0.457970000000 0.826830000000 0.758290000000 0.979510000000 0.400700000000 0.773800000000 0.730930000000 0.975890000000 0.618580000000 0.945550000000 0.850700000000 0.998350000000 0.226450000000 0.516000000000 0.460790000000 0.833900000000 0.414780000000 0.788040000000 0.717320000000 0.967430000000 0.384750000000 0.755550000000 0.706800000000 0.968660000000 0.608930000000 0.941540000000 0.846790000000 0.997890000000 0.318720000000 0.664060000000 0.612330000000 0.921780000000 0.588830000000 0.931520000000 0.843360000000 0.997490000000 0.444560000000 0.829500000000 0.830310000000 0.997150000000 0.663460000000 0.959140000000 0.867640000000 0.999780000000 

0.000000085554 0.011923000000 0.023763000000 0.353950000000 0.079276000000 0.550700000000 0.713480000000 0.962050000000 0.311410000000 0.825790000000 0.903050000000 0.982830000000 0.946990000000 0.983880000000 0.984450000000 0.984310000000 0.691630000000 0.960410000000 0.972810000000 0.984750000000 0.978370000000 0.984620000000 0.984140000000 0.984380000000 0.978670000000 0.984120000000 0.984300000000 0.984430000000 0.984680000000 0.984280000000 0.984660000000 0.984390000000 0.906710000000 0.982460000000 0.983060000000 0.984400000000 0.983270000000 0.984090000000 0.984460000000 0.984240000000 0.984450000000 0.984770000000 0.985270000000 0.984350000000 0.984430000000 0.984200000000 0.984630000000 0.984400000000 0.984640000000 0.984510000000 0.984630000000 0.984350000000 0.984920000000 0.984430000000 0.984490000000 0.984370000000 0.983800000000 0.984150000000 0.984100000000 0.984330000000 0.983790000000 0.984640000000 0.984450000000 0.984370000000 

N_obs: 8000

File Format:
1- most to least reliable channels (taken entropies)
2- most to least reliable channels (taken error probabilities)
3- channels entropies (flipped)
4- channels error probabilities (flipped)
5- number of MontCarlo simulations
