63 62 61 59 55 60 58 47 57 54 31 53 51 15 46 23 39 45 27 43 29 7 30 56 11 19 35 13 52 3 14 21 49 37 25 50 41 22 38 26 42 44 28 5 6 9 17 33 1 12 10 18 34 48 20 2 36 24 40 4 8 16 32 0 

63 62 61 59 55 60 58 57 47 54 53 31 51 46 56 45 52 43 39 30 50 29 49 27 44 23 15 42 37 7 35 22 10 34 1 48 6 20 9 41 24 13 16 40 0 8 32 18 4 12 26 2 11 14 36 3 38 25 5 33 28 17 21 19 

0.000000000000 0.000043663000 0.000147450000 0.023476000000 0.000298960000 0.046240000000 0.090772000000 0.473570000000 0.006160800000 0.141560000000 0.221260000000 0.642890000000 0.308720000000 0.705690000000 0.674670000000 0.953550000000 0.068103000000 0.342820000000 0.390230000000 0.779340000000 0.399250000000 0.773720000000 0.714050000000 0.966180000000 0.372350000000 0.737210000000 0.688310000000 0.960490000000 0.592060000000 0.932970000000 0.840090000000 0.996950000000 0.174240000000 0.460220000000 0.429000000000 0.805760000000 0.395550000000 0.763660000000 0.698740000000 0.961000000000 0.366890000000 0.727570000000 0.671510000000 0.955180000000 0.589600000000 0.929810000000 0.837400000000 0.996550000000 0.311980000000 0.657580000000 0.597430000000 0.915350000000 0.560190000000 0.915510000000 0.832040000000 0.995810000000 0.439700000000 0.825430000000 0.816770000000 0.995260000000 0.656430000000 0.958560000000 0.865280000000 0.999700000000 

0.000000000000 0.000059285000 0.000226730000 0.051953000000 0.000854080000 0.103900000000 0.194210000000 0.751940000000 0.015657000000 0.305260000000 0.471950000000 0.905770000000 0.681600000000 0.960890000000 0.969920000000 0.984180000000 0.205310000000 0.734960000000 0.845930000000 0.978550000000 0.923770000000 0.983430000000 0.984290000000 0.984360000000 0.955880000000 0.984630000000 0.983430000000 0.984570000000 0.983970000000 0.984130000000 0.984670000000 0.984410000000 0.676510000000 0.958120000000 0.969640000000 0.984680000000 0.976030000000 0.984450000000 0.984640000000 0.984340000000 0.980750000000 0.984060000000 0.984720000000 0.984260000000 0.984980000000 0.984420000000 0.984700000000 0.984360000000 0.981780000000 0.984560000000 0.984350000000 0.984440000000 0.984510000000 0.984060000000 0.984280000000 0.984410000000 0.983460000000 0.984250000000 0.984660000000 0.984430000000 0.984580000000 0.984460000000 0.984150000000 0.984370000000 

N_obs: 8000

File Format:
1- most to least reliable channels (taken entropies)
2- most to least reliable channels (taken error probabilities)
3- channels entropies (flipped)
4- channels error probabilities (flipped)
5- number of MontCarlo simulations
