63 62 61 60 59 58 57 56 55 54 53 52 51 50 49 47 46 45 44 43 42 41 39 38 37 35 31 30 29 28 27 26 25 23 22 21 19 15 14 13 7 11 40 48 24 34 36 18 20 33 17 12 10 6 9 5 3 32 16 8 4 2 1 0 

63 62 61 60 59 58 57 56 55 54 53 52 51 50 49 47 46 45 44 43 42 41 39 38 37 35 31 30 29 28 27 26 25 23 22 21 19 15 14 13 7 11 40 48 24 34 36 18 20 33 17 12 6 10 9 5 3 32 16 8 4 2 1 0 

0.000000000000 0.000000000000 0.000000000000 0.000000000000 0.000000000000 0.000000000000 0.000000000000 0.000000000000 0.000000000000 0.000000000000 0.000000000000 0.000000000000 0.000000000000 0.000000000000 0.000000000000 0.000000000002 0.000000000000 0.000000000000 0.000000000000 0.000000000000 0.000000000000 0.000000000000 0.000000000000 0.000000000001 0.000000000000 0.000000000000 0.000000000000 0.000000000128 0.000000000000 0.000000000105 0.000000004547 0.001133500000 0.000000000000 0.000000000000 0.000000000000 0.000000000000 0.000000000000 0.000000000000 0.000000000000 0.000000000078 0.000000000000 0.000000000000 0.000000000000 0.000000001728 0.000000000000 0.000000001004 0.000000023818 0.002383700000 0.000000000000 0.000000000000 0.000000000000 0.000000104610 0.000000000000 0.000000112540 0.000000379170 0.005312900000 0.000000000000 0.000000133330 0.000001663700 0.012333000000 0.000061879000 0.028727000000 0.064090000000 0.479550000000 

0.000000000000 0.000000000000 0.000000000000 0.000000000000 0.000000000000 0.000000000000 0.000000000000 0.000000000000 0.000000000000 0.000000000000 0.000000000000 0.000000000000 0.000000000000 0.000000000000 0.000000000000 0.000000000000 0.000000000000 0.000000000000 0.000000000000 0.000000000000 0.000000000000 0.000000000000 0.000000000000 0.000000000000 0.000000000000 0.000000000000 0.000000000000 0.000000000032 0.000000000000 0.000000000025 0.000000001485 0.002945300000 0.000000000000 0.000000000000 0.000000000000 0.000000000000 0.000000000000 0.000000000000 0.000000000000 0.000000000017 0.000000000000 0.000000000000 0.000000000000 0.000000000503 0.000000000000 0.000000000255 0.000000008624 0.005353500000 0.000000000000 0.000000000000 0.000000000000 0.000000044592 0.000000000000 0.000000051216 0.000000184880 0.011738000000 0.000000000000 0.000000048156 0.000000922800 0.024315000000 0.000214460000 0.054822000000 0.123090000000 0.716260000000 

N_obs: 8000

File Format:
1- most to least reliable channels (taken entropies)
2- most to least reliable channels (taken error probabilities)
3- channels entropies (flipped)
4- channels error probabilities (flipped)
5- number of MontCarlo simulations
