63 31 62 47 55 61 59 15 23 39 27 7 29 51 43 30 45 53 13 11 57 46 19 35 54 3 14 58 60 25 21 49 22 37 26 38 41 6 5 28 9 17 33 1 50 42 44 52 12 56 10 18 34 2 24 48 20 40 36 4 8 16 32 0 

63 62 61 59 55 47 31 60 27 39 29 51 7 54 43 33 13 46 50 58 15 12 57 56 17 5 42 6 11 48 49 20 24 36 28 8 30 32 40 25 0 44 4 18 41 16 34 37 2 10 22 9 38 21 52 14 35 3 53 1 19 26 23 45 

0.067043000000 0.301860000000 0.327260000000 0.707770000000 0.334880000000 0.686070000000 0.636940000000 0.938900000000 0.318340000000 0.663380000000 0.603320000000 0.922130000000 0.528180000000 0.889760000000 0.807610000000 0.991310000000 0.306520000000 0.643420000000 0.583310000000 0.908400000000 0.544110000000 0.903800000000 0.824290000000 0.994650000000 0.439430000000 0.822510000000 0.812570000000 0.994660000000 0.653690000000 0.958010000000 0.864500000000 0.999630000000 0.248510000000 0.551110000000 0.489570000000 0.857270000000 0.448560000000 0.819820000000 0.740780000000 0.975860000000 0.428480000000 0.809450000000 0.794150000000 0.991970000000 0.648850000000 0.957000000000 0.863030000000 0.999530000000 0.335000000000 0.682890000000 0.632370000000 0.928920000000 0.635620000000 0.953690000000 0.861180000000 0.999470000000 0.457740000000 0.838780000000 0.851910000000 0.999380000000 0.670360000000 0.959750000000 0.871370000000 0.999910000000 

0.255700000000 0.777480000000 0.880880000000 0.980420000000 0.940220000000 0.984210000000 0.984230000000 0.984230000000 0.966090000000 0.983650000000 0.984770000000 0.984550000000 0.983340000000 0.984200000000 0.984300000000 0.984300000000 0.978360000000 0.984200000000 0.985640000000 0.984380000000 0.983820000000 0.984270000000 0.984390000000 0.984370000000 0.982870000000 0.984540000000 0.984410000000 0.984340000000 0.984620000000 0.984400000000 0.984150000000 0.984370000000 0.979080000000 0.984360000000 0.983200000000 0.984360000000 0.982830000000 0.984850000000 0.984370000000 0.984340000000 0.984910000000 0.984500000000 0.984540000000 0.984340000000 0.984800000000 0.984380000000 0.984230000000 0.984400000000 0.984230000000 0.984570000000 0.984190000000 0.984230000000 0.984290000000 0.984500000000 0.984520000000 0.984360000000 0.983430000000 0.984290000000 0.984250000000 0.984380000000 0.984760000000 0.984420000000 0.984770000000 0.984370000000 

N_obs: 8000

File Format:
1- most to least reliable channels (taken entropies)
2- most to least reliable channels (taken error probabilities)
3- channels entropies (flipped)
4- channels error probabilities (flipped)
5- number of MontCarlo simulations
