63 62 61 59 55 47 60 58 57 54 53 51 31 46 45 56 43 52 30 39 50 29 15 27 23 49 44 7 42 11 41 35 19 13 37 38 21 14 25 3 28 22 26 48 5 33 9 6 17 1 40 10 34 12 18 36 20 24 2 4 32 8 16 0 

63 62 61 59 55 47 60 58 57 54 53 51 46 31 45 56 52 43 50 30 39 49 44 29 42 27 41 23 38 48 28 37 15 35 26 25 40 21 7 22 19 14 36 6 11 33 17 13 34 10 9 32 4 0 2 8 16 18 20 24 12 1 3 5 

0.000000000000 0.000000000000 0.000000000000 0.000156760000 0.000000000012 0.000207840000 0.000545080000 0.061776000000 0.000013859000 0.001706800000 0.003501900000 0.125530000000 0.014026000000 0.225170000000 0.322420000000 0.769090000000 0.000104760000 0.023595000000 0.043912000000 0.342020000000 0.106090000000 0.474530000000 0.522190000000 0.881950000000 0.212310000000 0.585160000000 0.572280000000 0.908590000000 0.523280000000 0.885880000000 0.806410000000 0.990880000000 0.018813000000 0.190020000000 0.257540000000 0.647500000000 0.305050000000 0.671580000000 0.630430000000 0.935440000000 0.319160000000 0.668020000000 0.612660000000 0.928150000000 0.545900000000 0.901300000000 0.816660000000 0.992880000000 0.291870000000 0.626720000000 0.567440000000 0.901300000000 0.518830000000 0.883130000000 0.807170000000 0.991230000000 0.429770000000 0.810130000000 0.785860000000 0.989790000000 0.643570000000 0.955960000000 0.860640000000 0.999380000000 

0.000000000000 0.000000000000 0.000000000000 0.000299770000 0.000000000003 0.000377930000 0.001471000000 0.120100000000 0.000014189000 0.003500700000 0.007373000000 0.235520000000 0.030715000000 0.409560000000 0.579910000000 0.943060000000 0.000240350000 0.058651000000 0.101100000000 0.604250000000 0.250910000000 0.786450000000 0.879610000000 0.981180000000 0.545540000000 0.926440000000 0.955810000000 0.983800000000 0.972040000000 0.984240000000 0.984100000000 0.984310000000 0.062203000000 0.489060000000 0.652040000000 0.953620000000 0.816520000000 0.975100000000 0.979460000000 0.984500000000 0.916040000000 0.982620000000 0.982410000000 0.984450000000 0.983010000000 0.984430000000 0.984150000000 0.984420000000 0.956740000000 0.983550000000 0.984150000000 0.984510000000 0.984020000000 0.984270000000 0.984300000000 0.984380000000 0.982600000000 0.984020000000 0.984660000000 0.984380000000 0.984630000000 0.984380000000 0.984510000000 0.984380000000 

N_obs: 8000

File Format:
1- most to least reliable channels (taken entropies)
2- most to least reliable channels (taken error probabilities)
3- channels entropies (flipped)
4- channels error probabilities (flipped)
5- number of MontCarlo simulations
