63 62 61 59 55 47 60 58 57 54 53 51 31 46 45 43 56 52 39 50 30 49 44 29 42 27 41 38 23 37 28 48 15 35 26 40 25 7 22 11 19 21 13 14 36 3 34 33 5 9 17 6 24 10 18 20 1 12 2 32 4 8 16 0 

63 62 61 59 55 47 60 57 58 54 53 51 31 45 46 43 56 52 39 50 30 49 44 29 42 27 41 38 37 23 48 28 35 26 40 15 25 22 36 21 34 19 14 33 24 13 11 7 20 3 17 5 1 12 18 4 2 0 8 32 16 10 6 9 

0.000000000000 0.000000000000 0.000000000000 0.000000000147 0.000000000000 0.000000000438 0.000000000491 0.001672200000 0.000000000000 0.000000006234 0.000000721360 0.004009100000 0.000001551200 0.008717700000 0.019652000000 0.306070000000 0.000000000000 0.000033113000 0.000034608000 0.024538000000 0.000260710000 0.048823000000 0.100920000000 0.509560000000 0.006135100000 0.158740000000 0.269760000000 0.686790000000 0.410820000000 0.759050000000 0.769670000000 0.963400000000 0.000007059000 0.013298000000 0.028901000000 0.279160000000 0.082239000000 0.410990000000 0.518470000000 0.843090000000 0.213410000000 0.571650000000 0.597600000000 0.878250000000 0.593050000000 0.857750000000 0.829130000000 0.982770000000 0.335650000000 0.653740000000 0.628250000000 0.897260000000 0.587630000000 0.852680000000 0.817690000000 0.979770000000 0.549500000000 0.834600000000 0.773260000000 0.968620000000 0.756620000000 0.936280000000 0.894100000000 0.998440000000 

0.000000000000 0.000000000000 0.000000000000 0.000000000049 0.000000000000 0.000000000155 0.000000000152 0.003441900000 0.000000000000 0.000000002563 0.000000609620 0.008995200000 0.000001527600 0.018464000000 0.037152000000 0.532320000000 0.000000000000 0.000046010000 0.000041312000 0.051679000000 0.000539190000 0.100320000000 0.186970000000 0.787260000000 0.013023000000 0.316440000000 0.483460000000 0.934100000000 0.732640000000 0.980830000000 0.990070000000 0.996120000000 0.000006958200 0.033073000000 0.065991000000 0.539000000000 0.178280000000 0.741940000000 0.860570000000 0.991320000000 0.490980000000 0.927530000000 0.968700000000 0.995700000000 0.984400000000 0.996050000000 0.995970000000 0.996130000000 0.824560000000 0.989230000000 0.992830000000 0.996040000000 0.994610000000 0.996170000000 0.996230000000 0.996100000000 0.994850000000 0.996180000000 0.995970000000 0.996080000000 0.995760000000 0.996080000000 0.996020000000 0.996090000000 

N_obs: 8000

File Format:
1- most to least reliable channels (taken entropies)
2- most to least reliable channels (taken error probabilities)
3- channels entropies (flipped)
4- channels error probabilities (flipped)
5- number of MontCarlo simulations
