63 62 61 59 55 47 58 54 57 60 53 31 51 46 43 45 56 39 52 30 50 49 29 44 42 27 41 38 23 37 28 48 26 35 15 40 25 22 21 36 7 19 11 14 13 34 33 24 3 5 17 9 6 18 20 10 12 1 2 32 4 8 16 0 

63 62 61 59 55 47 58 54 57 60 53 31 51 46 43 45 56 39 52 50 30 49 29 44 42 27 41 38 23 37 28 48 26 35 40 15 25 22 36 21 34 19 14 24 33 13 11 20 7 17 18 32 3 9 10 12 8 4 16 0 2 6 1 5 

0.000000000000 0.000000000000 0.000000000000 0.000000000096 0.000000000000 0.000000000000 0.000000000013 0.000411290000 0.000000000000 0.000000000001 0.000000000259 0.000831460000 0.000000001728 0.001983500000 0.004353100000 0.178030000000 0.000000000000 0.000000386060 0.000021773000 0.006644900000 0.000013284000 0.013113000000 0.029507000000 0.335170000000 0.000636860000 0.057655000000 0.116500000000 0.522060000000 0.253910000000 0.651960000000 0.705220000000 0.939860000000 0.000000001162 0.001844900000 0.004382800000 0.135000000000 0.017862000000 0.230140000000 0.353300000000 0.742100000000 0.090096000000 0.417840000000 0.510130000000 0.829500000000 0.547170000000 0.828460000000 0.805870000000 0.976140000000 0.255650000000 0.597590000000 0.599740000000 0.880090000000 0.566100000000 0.837910000000 0.806600000000 0.976000000000 0.534640000000 0.823490000000 0.765160000000 0.964190000000 0.748250000000 0.933630000000 0.891810000000 0.998110000000 

0.000000000000 0.000000000000 0.000000000000 0.000000000032 0.000000000000 0.000000000000 0.000000000003 0.000812990000 0.000000000000 0.000000000000 0.000000000089 0.002082900000 0.000000000637 0.004357700000 0.008799100000 0.336030000000 0.000000000000 0.000000258370 0.000040093000 0.014125000000 0.000012309000 0.028120000000 0.056773000000 0.579040000000 0.001367400000 0.122020000000 0.218690000000 0.804430000000 0.470530000000 0.929720000000 0.970120000000 0.995780000000 0.000000000439 0.004706900000 0.010317000000 0.281290000000 0.040040000000 0.459200000000 0.633050000000 0.966530000000 0.208380000000 0.764940000000 0.878750000000 0.992490000000 0.952190000000 0.995710000000 0.995620000000 0.996090000000 0.628600000000 0.964790000000 0.983560000000 0.996050000000 0.992060000000 0.996030000000 0.995940000000 0.996070000000 0.993780000000 0.996160000000 0.996200000000 0.996080000000 0.995890000000 0.996130000000 0.996200000000 0.996100000000 

N_obs: 8000

File Format:
1- most to least reliable channels (taken entropies)
2- most to least reliable channels (taken error probabilities)
3- channels entropies (flipped)
4- channels error probabilities (flipped)
5- number of MontCarlo simulations
