63 62 61 31 59 47 55 15 23 39 27 7 29 43 51 30 45 60 53 57 46 58 11 13 54 19 35 3 14 25 21 37 22 49 41 38 26 6 5 28 9 17 33 1 42 50 44 52 56 12 10 18 34 2 24 20 48 36 40 4 8 16 32 0 

63 62 61 59 55 60 47 58 31 57 54 53 51 43 3 35 49 37 30 23 12 52 6 34 45 7 20 21 50 42 1 56 2 32 0 4 8 16 36 18 10 24 25 40 41 48 9 5 33 38 44 46 22 28 19 26 11 17 39 13 15 29 14 27 

0.007063700000 0.124530000000 0.187970000000 0.560690000000 0.255940000000 0.617400000000 0.587260000000 0.916420000000 0.291150000000 0.628290000000 0.571840000000 0.906190000000 0.510430000000 0.874280000000 0.796890000000 0.988880000000 0.283210000000 0.612000000000 0.556160000000 0.893050000000 0.507260000000 0.873770000000 0.800230000000 0.989800000000 0.427560000000 0.806650000000 0.783260000000 0.989230000000 0.640670000000 0.955140000000 0.859900000000 0.999320000000 0.242420000000 0.541480000000 0.481760000000 0.851220000000 0.438370000000 0.809040000000 0.735520000000 0.973160000000 0.411810000000 0.787290000000 0.757170000000 0.984280000000 0.635700000000 0.953280000000 0.857430000000 0.999080000000 0.333180000000 0.681490000000 0.626430000000 0.927650000000 0.618950000000 0.947300000000 0.855500000000 0.998940000000 0.452660000000 0.836310000000 0.844630000000 0.998750000000 0.666690000000 0.959770000000 0.870010000000 0.999870000000 

0.024961000000 0.353480000000 0.514910000000 0.915650000000 0.731350000000 0.964770000000 0.974730000000 0.984350000000 0.892940000000 0.981080000000 0.981700000000 0.984180000000 0.982590000000 0.984320000000 0.983760000000 0.984500000000 0.951890000000 0.984740000000 0.984250000000 0.984660000000 0.983400000000 0.984330000000 0.984490000000 0.984460000000 0.984850000000 0.984620000000 0.983810000000 0.984410000000 0.983530000000 0.984230000000 0.984560000000 0.984360000000 0.972360000000 0.983950000000 0.985000000000 0.984750000000 0.985760000000 0.984780000000 0.984450000000 0.984440000000 0.983990000000 0.984740000000 0.984310000000 0.984300000000 0.984750000000 0.984410000000 0.984850000000 0.984390000000 0.984950000000 0.985200000000 0.984910000000 0.984100000000 0.984810000000 0.984420000000 0.984510000000 0.984380000000 0.984280000000 0.984210000000 0.984550000000 0.984380000000 0.983450000000 0.984360000000 0.984330000000 0.984370000000 

N_obs: 8000

File Format:
1- most to least reliable channels (taken entropies)
2- most to least reliable channels (taken error probabilities)
3- channels entropies (flipped)
4- channels error probabilities (flipped)
5- number of MontCarlo simulations
