63 62 61 59 55 31 47 60 15 23 58 39 27 43 57 7 29 51 45 53 54 30 11 46 13 19 21 35 37 14 5 3 22 25 41 38 49 26 42 6 50 9 17 28 56 33 10 52 44 1 18 34 2 12 20 36 24 40 48 4 8 16 32 0 

63 62 61 59 55 60 58 47 57 54 31 53 51 46 45 56 25 27 50 43 38 21 52 42 33 37 49 34 9 10 20 28 17 23 36 2 24 48 16 8 0 32 4 22 26 40 44 19 12 18 5 30 1 29 41 6 15 11 14 3 13 35 7 39 

0.000243660000 0.032997000000 0.068470000000 0.402100000000 0.163440000000 0.538280000000 0.606240000000 0.888740000000 0.307340000000 0.651790000000 0.641060000000 0.902230000000 0.621740000000 0.873520000000 0.840980000000 0.986360000000 0.367410000000 0.674470000000 0.638870000000 0.902500000000 0.587630000000 0.852320000000 0.817300000000 0.979200000000 0.546380000000 0.832070000000 0.769170000000 0.966910000000 0.751050000000 0.934610000000 0.892410000000 0.998220000000 0.360250000000 0.654750000000 0.614050000000 0.887100000000 0.574010000000 0.842670000000 0.809690000000 0.975490000000 0.510590000000 0.802680000000 0.744520000000 0.952900000000 0.731950000000 0.927100000000 0.885880000000 0.997290000000 0.458970000000 0.772880000000 0.728930000000 0.944330000000 0.670050000000 0.898020000000 0.878010000000 0.996340000000 0.611750000000 0.873460000000 0.792520000000 0.991370000000 0.793120000000 0.943430000000 0.906380000000 0.999650000000 

0.000659170000 0.079238000000 0.148740000000 0.712760000000 0.349530000000 0.876560000000 0.942060000000 0.995430000000 0.700190000000 0.975430000000 0.988620000000 0.995990000000 0.992280000000 0.995950000000 0.996030000000 0.996090000000 0.921400000000 0.994060000000 0.995380000000 0.996130000000 0.995960000000 0.996000000000 0.996190000000 0.996100000000 0.996510000000 0.995980000000 0.996020000000 0.996070000000 0.996340000000 0.996040000000 0.996000000000 0.996100000000 0.984950000000 0.996150000000 0.996190000000 0.996050000000 0.995950000000 0.996100000000 0.995860000000 0.996090000000 0.996060000000 0.996100000000 0.995980000000 0.996050000000 0.996130000000 0.996150000000 0.996050000000 0.996090000000 0.996280000000 0.996290000000 0.996330000000 0.996140000000 0.996290000000 0.996040000000 0.996040000000 0.996090000000 0.996400000000 0.996210000000 0.996150000000 0.996100000000 0.996310000000 0.996080000000 0.996160000000 0.996100000000 

N_obs: 8000

File Format:
1- most to least reliable channels (taken entropies)
2- most to least reliable channels (taken error probabilities)
3- channels entropies (flipped)
4- channels error probabilities (flipped)
5- number of MontCarlo simulations
