63 61 59 62 55 47 60 58 57 54 53 51 46 31 45 56 43 52 50 39 30 44 49 29 27 15 23 42 41 7 38 11 35 37 19 13 21 28 14 25 48 22 26 3 5 9 33 6 17 40 10 34 18 1 36 12 20 2 24 4 8 32 16 0 

63 61 59 62 55 47 60 58 57 54 53 51 46 45 31 56 43 52 50 39 49 30 44 29 42 41 27 38 48 23 37 28 35 15 40 26 25 22 36 13 21 17 5 12 33 14 1 10 18 11 34 4 32 0 6 20 16 3 8 9 24 7 2 19 

0.000000000000 0.000000000000 0.000000000000 0.000078475000 0.000000000000 0.000123100000 0.000236590000 0.047942000000 0.000000000007 0.000790590000 0.001126400000 0.091861000000 0.006642600000 0.168830000000 0.299230000000 0.726880000000 0.000000839300 0.013789000000 0.027911000000 0.294800000000 0.082970000000 0.434380000000 0.544200000000 0.860990000000 0.223710000000 0.601870000000 0.633210000000 0.899880000000 0.631390000000 0.878560000000 0.847850000000 0.988520000000 0.023793000000 0.232170000000 0.334910000000 0.700840000000 0.411060000000 0.734550000000 0.722000000000 0.943990000000 0.424700000000 0.730480000000 0.689450000000 0.926860000000 0.660420000000 0.894360000000 0.857750000000 0.991060000000 0.421920000000 0.718370000000 0.675210000000 0.921310000000 0.623070000000 0.873850000000 0.839060000000 0.986580000000 0.575830000000 0.853510000000 0.785980000000 0.978200000000 0.773920000000 0.940500000000 0.899410000000 0.999090000000 

0.000000000000 0.000000000000 0.000000000000 0.000135930000 0.000000000000 0.000172740000 0.000496760000 0.096238000000 0.000000000002 0.001679200000 0.002359300000 0.183830000000 0.013255000000 0.321840000000 0.500250000000 0.946480000000 0.000000445460 0.030976000000 0.057416000000 0.535640000000 0.168600000000 0.732420000000 0.855500000000 0.991270000000 0.473320000000 0.928060000000 0.966870000000 0.995660000000 0.985940000000 0.996070000000 0.995980000000 0.996080000000 0.064500000000 0.526210000000 0.685110000000 0.974820000000 0.864850000000 0.991490000000 0.994080000000 0.996150000000 0.954010000000 0.995460000000 0.995770000000 0.996100000000 0.996320000000 0.996060000000 0.995900000000 0.996100000000 0.986470000000 0.996030000000 0.995760000000 0.995970000000 0.996070000000 0.996060000000 0.996140000000 0.996110000000 0.996170000000 0.996100000000 0.995960000000 0.996080000000 0.996110000000 0.996190000000 0.996060000000 0.996090000000 

N_obs: 8000

File Format:
1- most to least reliable channels (taken entropies)
2- most to least reliable channels (taken error probabilities)
3- channels entropies (flipped)
4- channels error probabilities (flipped)
5- number of MontCarlo simulations
