127 126 125 124 123 122 121 120 119 118 117 116 115 114 113 112 111 110 109 108 107 106 105 104 103 102 101 99 95 94 93 92 91 90 89 87 86 85 83 79 78 77 75 71 63 62 61 60 59 58 57 55 54 53 51 47 46 45 43 39 31 30 29 27 23 15 88 82 100 84 81 76 97 74 73 52 70 56 98 69 67 50 44 49 42 38 41 37 28 35 25 26 22 21 19 80 96 14 72 13 68 48 66 40 11 65 36 34 24 33 20 7 18 17 12 10 64 9 32 6 5 16 3 8 4 1 2 0 

127 126 125 124 123 122 121 120 119 118 117 116 115 114 113 112 111 110 109 108 107 106 105 104 103 102 101 99 95 94 93 92 91 90 89 87 86 85 83 79 78 77 75 71 63 62 61 60 59 58 57 55 54 53 51 47 46 45 43 39 31 30 29 27 23 15 88 82 100 84 81 76 97 74 73 52 70 56 98 69 67 50 44 49 42 38 41 37 28 35 25 26 22 21 19 80 14 96 72 13 68 48 66 40 65 11 36 34 24 33 20 7 18 17 12 10 64 9 32 6 5 16 3 8 4 2 1 0 

0.000000000000 0.000000000000 0.000000000000 0.000000000000 0.000000000000 0.000000000000 0.000000000000 0.000000000000 0.000000000000 0.000000000000 0.000000000000 0.000000000000 0.000000000000 0.000000000000 0.000000000000 0.000000000000 0.000000000000 0.000000000000 0.000000000000 0.000000000000 0.000000000000 0.000000000000 0.000000000000 0.000000000000 0.000000000000 0.000000000000 0.000000000000 0.000000000000 0.000000000000 0.000000000000 0.000000000000 0.000004089900 0.000000000000 0.000000000000 0.000000000000 0.000000000000 0.000000000000 0.000000000000 0.000000000000 0.000000000000 0.000000000000 0.000000000000 0.000000000000 0.000000000000 0.000000000000 0.000000000000 0.000000000000 0.000003850500 0.000000000000 0.000000000000 0.000000000000 0.000000000000 0.000000000000 0.000000000000 0.000000000000 0.000009296200 0.000000000000 0.000000000000 0.000000000000 0.000021901000 0.000000000000 0.000045189000 0.000103680000 0.041570000000 0.000000000000 0.000000000000 0.000000000000 0.000000000000 0.000000000000 0.000000000000 0.000000000000 0.000000000000 0.000000000000 0.000000000000 0.000000000000 0.000000000000 0.000000000000 0.000000000000 0.000000000000 0.000037409000 0.000000000000 0.000000000000 0.000000000000 0.000000000000 0.000000000000 0.000000000000 0.000000000007 0.000081688000 0.000000000000 0.000000000000 0.000000000015 0.000174060000 0.000000000239 0.000346500000 0.000860660000 0.097528000000 0.000000000000 0.000000000000 0.000000000000 0.000000000030 0.000000000000 0.000000001000 0.000000000391 0.000784790000 0.000000000000 0.000000002104 0.000000012638 0.001631200000 0.000001112000 0.003579800000 0.008225500000 0.222400000000 0.000000000000 0.000005199100 0.000017540000 0.012280000000 0.000092242000 0.026133000000 0.054972000000 0.428520000000 0.002567600000 0.105800000000 0.182700000000 0.632300000000 0.298890000000 0.729210000000 0.709100000000 0.964890000000 

0.000000000000 0.000000000000 0.000000000000 0.000000000000 0.000000000000 0.000000000000 0.000000000000 0.000000000000 0.000000000000 0.000000000000 0.000000000000 0.000000000000 0.000000000000 0.000000000000 0.000000000000 0.000000000000 0.000000000000 0.000000000000 0.000000000000 0.000000000000 0.000000000000 0.000000000000 0.000000000000 0.000000000000 0.000000000000 0.000000000000 0.000000000000 0.000000000000 0.000000000000 0.000000000000 0.000000000000 0.000009492900 0.000000000000 0.000000000000 0.000000000000 0.000000000000 0.000000000000 0.000000000000 0.000000000000 0.000000000000 0.000000000000 0.000000000000 0.000000000000 0.000000000000 0.000000000000 0.000000000000 0.000000000000 0.000004227000 0.000000000000 0.000000000000 0.000000000000 0.000000000000 0.000000000000 0.000000000000 0.000000000000 0.000014729000 0.000000000000 0.000000000000 0.000000000000 0.000067753000 0.000000000000 0.000103920000 0.000228810000 0.093548000000 0.000000000000 0.000000000000 0.000000000000 0.000000000000 0.000000000000 0.000000000000 0.000000000000 0.000000000000 0.000000000000 0.000000000000 0.000000000000 0.000000000000 0.000000000000 0.000000000000 0.000000000000 0.000083908000 0.000000000000 0.000000000000 0.000000000000 0.000000000000 0.000000000000 0.000000000000 0.000000000002 0.000183470000 0.000000000000 0.000000000000 0.000000000005 0.000408690000 0.000000000090 0.000806670000 0.002177500000 0.206020000000 0.000000000000 0.000000000000 0.000000000000 0.000000000009 0.000000000000 0.000000000409 0.000000000143 0.001889600000 0.000000000000 0.000000000889 0.000000006326 0.003826700000 0.000003793000 0.008411900000 0.019321000000 0.420340000000 0.000000000000 0.000005423700 0.000049364000 0.028514000000 0.000239330000 0.059503000000 0.120980000000 0.701160000000 0.006884700000 0.235170000000 0.388150000000 0.896790000000 0.652180000000 0.966600000000 0.981130000000 0.992100000000 

N_obs: 160000

File Format:
1- most to least reliable channels (taken entropies)
2- most to least reliable channels (taken error probabilities)
3- channels entropies (flipped)
4- channels error probabilities (flipped)
5- number of MontCarlo simulations
