127 126 125 124 123 122 121 120 119 118 117 116 115 114 113 112 111 110 109 108 107 106 105 104 103 102 101 100 99 98 97 95 94 93 92 91 90 89 88 87 86 85 84 83 82 81 79 78 77 76 75 74 73 71 70 63 62 61 60 59 58 57 56 55 54 53 51 50 47 46 45 43 39 31 30 29 27 23 15 52 44 69 49 41 67 38 26 28 42 37 35 25 21 22 19 13 14 11 96 80 72 68 48 66 40 65 36 7 34 24 33 20 18 17 12 10 9 64 6 32 5 16 3 8 4 2 1 0 

127 126 125 124 123 122 121 120 119 118 117 116 115 114 113 112 111 110 109 108 107 106 105 104 103 102 101 100 99 98 97 95 94 93 92 91 90 89 88 87 86 85 84 83 82 81 79 78 77 76 75 74 73 71 70 63 62 61 60 59 58 57 56 55 54 53 51 50 47 46 45 43 39 31 30 29 27 23 15 52 44 69 49 41 67 38 26 28 42 37 35 25 21 22 19 13 14 11 96 80 68 72 48 66 40 65 36 7 34 24 33 20 18 17 12 10 9 64 6 32 5 16 3 8 4 2 1 0 

0.000000000000 0.000000000000 0.000000000000 0.000000000000 0.000000000000 0.000000000000 0.000000000000 0.000000000000 0.000000000000 0.000000000000 0.000000000000 0.000000000000 0.000000000000 0.000000000000 0.000000000000 0.000000000000 0.000000000000 0.000000000000 0.000000000000 0.000000000000 0.000000000000 0.000000000000 0.000000000000 0.000000000000 0.000000000000 0.000000000000 0.000000000000 0.000000000000 0.000000000000 0.000000000000 0.000000000000 0.000000092584 0.000000000000 0.000000000000 0.000000000000 0.000000000000 0.000000000000 0.000000000000 0.000000000000 0.000000000000 0.000000000000 0.000000000000 0.000000000000 0.000000000000 0.000000000000 0.000000000000 0.000000000000 0.000000768170 0.000000000000 0.000000000000 0.000000000000 0.000000000000 0.000000000000 0.000000000000 0.000000000000 0.000001197800 0.000000000000 0.000000000000 0.000000000000 0.000001803000 0.000000000000 0.000004852400 0.000010261000 0.014201000000 0.000000000000 0.000000000000 0.000000000000 0.000000000000 0.000000000000 0.000000000000 0.000000000000 0.000000000000 0.000000000000 0.000000000000 0.000000000000 0.000000000000 0.000000000000 0.000000000000 0.000000000000 0.000002505400 0.000000000000 0.000000000000 0.000000000000 0.000000000000 0.000000000000 0.000000000000 0.000000000000 0.000006268100 0.000000000000 0.000000000000 0.000000000000 0.000011408000 0.000000000000 0.000035207000 0.000060369000 0.032348000000 0.000000000000 0.000000000000 0.000000000000 0.000000000000 0.000000000000 0.000000000000 0.000000000000 0.000050990000 0.000000000000 0.000000000000 0.000000000000 0.000108530000 0.000000000006 0.000249420000 0.000542630000 0.077442000000 0.000000000000 0.000000001029 0.000000000662 0.001043100000 0.000000087058 0.002254900000 0.005258600000 0.178960000000 0.000024177000 0.015632000000 0.033035000000 0.348620000000 0.106070000000 0.515360000000 0.579530000000 0.920080000000 

0.000000000000 0.000000000000 0.000000000000 0.000000000000 0.000000000000 0.000000000000 0.000000000000 0.000000000000 0.000000000000 0.000000000000 0.000000000000 0.000000000000 0.000000000000 0.000000000000 0.000000000000 0.000000000000 0.000000000000 0.000000000000 0.000000000000 0.000000000000 0.000000000000 0.000000000000 0.000000000000 0.000000000000 0.000000000000 0.000000000000 0.000000000000 0.000000000000 0.000000000000 0.000000000000 0.000000000000 0.000000068703 0.000000000000 0.000000000000 0.000000000000 0.000000000000 0.000000000000 0.000000000000 0.000000000000 0.000000000000 0.000000000000 0.000000000000 0.000000000000 0.000000000000 0.000000000000 0.000000000000 0.000000000000 0.000001040100 0.000000000000 0.000000000000 0.000000000000 0.000000000000 0.000000000000 0.000000000000 0.000000000000 0.000002394200 0.000000000000 0.000000000000 0.000000000000 0.000002273100 0.000000000000 0.000012894000 0.000023715000 0.033070000000 0.000000000000 0.000000000000 0.000000000000 0.000000000000 0.000000000000 0.000000000000 0.000000000000 0.000000000000 0.000000000000 0.000000000000 0.000000000000 0.000000000000 0.000000000000 0.000000000000 0.000000000000 0.000005968600 0.000000000000 0.000000000000 0.000000000000 0.000000000000 0.000000000000 0.000000000000 0.000000000000 0.000014584000 0.000000000000 0.000000000000 0.000000000000 0.000030085000 0.000000000000 0.000084438000 0.000148090000 0.073253000000 0.000000000000 0.000000000000 0.000000000000 0.000000000000 0.000000000000 0.000000000000 0.000000000000 0.000116800000 0.000000000000 0.000000000000 0.000000000000 0.000244670000 0.000000000002 0.000596540000 0.001260300000 0.165060000000 0.000000000000 0.000000000433 0.000000000242 0.002460900000 0.000000066805 0.005405600000 0.012147000000 0.349080000000 0.000062784000 0.036763000000 0.075032000000 0.606110000000 0.241830000000 0.814630000000 0.912390000000 0.990550000000 

N_obs: 160000

File Format:
1- most to least reliable channels (taken entropies)
2- most to least reliable channels (taken error probabilities)
3- channels entropies (flipped)
4- channels error probabilities (flipped)
5- number of MontCarlo simulations
