127 126 125 124 123 122 121 120 119 118 117 116 115 114 113 111 110 109 108 107 106 105 103 102 101 99 95 94 93 92 91 90 89 87 86 85 83 79 78 77 75 71 63 62 61 60 59 58 57 55 54 53 51 47 46 45 43 39 31 30 29 27 112 23 104 88 84 82 97 100 74 98 76 73 81 70 50 44 52 69 56 49 15 67 42 41 28 37 38 35 26 25 22 21 96 80 72 19 68 48 66 14 40 65 13 36 34 11 24 33 20 18 7 17 12 64 10 32 9 6 5 3 16 8 1 4 2 0 

127 126 125 124 123 122 121 120 119 118 117 116 115 114 113 111 110 109 108 107 106 105 103 102 101 99 95 94 93 92 91 90 89 87 86 85 83 79 78 77 75 71 63 62 61 60 59 58 57 55 54 53 51 47 46 45 43 39 31 30 29 27 112 23 104 88 84 82 97 100 74 98 76 73 81 70 50 44 52 69 56 49 15 67 42 41 28 37 38 35 26 25 22 96 21 80 72 19 68 48 66 14 40 65 13 36 34 11 24 33 20 18 7 17 12 64 10 32 9 6 16 5 3 8 4 2 1 0 

0.000000000000 0.000000000000 0.000000000000 0.000000000000 0.000000000000 0.000000000000 0.000000000000 0.000000000000 0.000000000000 0.000000000000 0.000000000000 0.000000000000 0.000000000000 0.000000000000 0.000000000000 0.000000000000 0.000000000000 0.000000000000 0.000000000000 0.000000000000 0.000000000000 0.000000000000 0.000000000000 0.000000000000 0.000000000000 0.000000000000 0.000000000000 0.000000000000 0.000000000000 0.000000000000 0.000000000000 0.000020040000 0.000000000000 0.000000000000 0.000000000000 0.000000000000 0.000000000000 0.000000000000 0.000000000000 0.000000000000 0.000000000000 0.000000000000 0.000000000000 0.000000000000 0.000000000000 0.000000000000 0.000000000000 0.000039106000 0.000000000000 0.000000000000 0.000000000000 0.000000000000 0.000000000000 0.000000000000 0.000000000000 0.000073095000 0.000000000000 0.000000000003 0.000000000015 0.000186010000 0.000000002099 0.000410980000 0.000911900000 0.105630000000 0.000000000000 0.000000000000 0.000000000000 0.000000000000 0.000000000000 0.000000000000 0.000000000000 0.000000000079 0.000000000000 0.000000000000 0.000000000000 0.000000000014 0.000000000000 0.000000000004 0.000000000286 0.000363170000 0.000000000000 0.000000000000 0.000000000000 0.000000000010 0.000000000000 0.000000002146 0.000000016742 0.000758070000 0.000000000000 0.000000195550 0.000000101840 0.001657300000 0.000000316460 0.003853100000 0.009142100000 0.240800000000 0.000000000000 0.000000000000 0.000000000000 0.000000073413 0.000000000000 0.000001343100 0.000002871400 0.006551000000 0.000000000000 0.000010639000 0.000019824000 0.014314000000 0.000121260000 0.031516000000 0.066095000000 0.469860000000 0.000000000649 0.000499310000 0.001127300000 0.078479000000 0.005643500000 0.150330000000 0.242080000000 0.701340000000 0.042715000000 0.331860000000 0.415500000000 0.822220000000 0.450730000000 0.840450000000 0.783070000000 0.983870000000 

0.000000000000 0.000000000000 0.000000000000 0.000000000000 0.000000000000 0.000000000000 0.000000000000 0.000000000000 0.000000000000 0.000000000000 0.000000000000 0.000000000000 0.000000000000 0.000000000000 0.000000000000 0.000000000000 0.000000000000 0.000000000000 0.000000000000 0.000000000000 0.000000000000 0.000000000000 0.000000000000 0.000000000000 0.000000000000 0.000000000000 0.000000000000 0.000000000000 0.000000000000 0.000000000000 0.000000000000 0.000039886000 0.000000000000 0.000000000000 0.000000000000 0.000000000000 0.000000000000 0.000000000000 0.000000000000 0.000000000000 0.000000000000 0.000000000000 0.000000000000 0.000000000000 0.000000000000 0.000000000000 0.000000000000 0.000109380000 0.000000000000 0.000000000000 0.000000000000 0.000000000000 0.000000000000 0.000000000000 0.000000000000 0.000179040000 0.000000000000 0.000000000001 0.000000000005 0.000419120000 0.000000001008 0.001030500000 0.002116300000 0.221530000000 0.000000000000 0.000000000000 0.000000000000 0.000000000000 0.000000000000 0.000000000000 0.000000000000 0.000000000029 0.000000000000 0.000000000000 0.000000000000 0.000000000004 0.000000000000 0.000000000001 0.000000000109 0.000863020000 0.000000000000 0.000000000000 0.000000000000 0.000000000003 0.000000000000 0.000000001033 0.000000010375 0.001848900000 0.000000000000 0.000000179130 0.000000086274 0.003972700000 0.000000248310 0.008869200000 0.020503000000 0.450190000000 0.000000000000 0.000000000000 0.000000000000 0.000000039733 0.000000000000 0.000001656200 0.000006254300 0.015352000000 0.000000000000 0.000029609000 0.000042689000 0.033371000000 0.000269360000 0.070509000000 0.142090000000 0.742810000000 0.000000000243 0.001310200000 0.002926100000 0.173290000000 0.014381000000 0.315840000000 0.486170000000 0.931640000000 0.114210000000 0.648950000000 0.799610000000 0.983080000000 0.913140000000 0.990440000000 0.991100000000 0.992200000000 

N_obs: 160000

File Format:
1- most to least reliable channels (taken entropies)
2- most to least reliable channels (taken error probabilities)
3- channels entropies (flipped)
4- channels error probabilities (flipped)
5- number of MontCarlo simulations
