127 126 125 123 119 124 63 111 95 122 31 121 47 79 55 59 15 103 87 61 118 91 115 117 107 93 62 23 109 39 71 27 7 110 94 29 51 30 43 75 45 99 83 77 53 13 46 57 78 11 19 35 54 67 101 3 85 14 120 89 58 105 113 102 86 25 60 90 114 106 116 92 49 108 21 22 37 26 41 38 69 70 73 97 81 6 28 5 9 17 33 65 1 50 44 42 76 52 74 12 98 82 56 100 84 88 104 10 112 18 34 66 2 24 48 20 40 36 68 72 96 80 8 4 16 32 64 0 

127 126 125 123 119 124 122 121 111 118 117 95 115 120 110 63 109 107 103 116 93 94 87 79 91 113 114 47 7 99 75 35 62 11 31 83 106 13 59 92 53 78 67 101 22 19 60 23 90 6 58 43 86 98 82 89 85 28 66 30 61 56 70 38 100 44 36 24 84 9 34 50 32 18 48 96 16 4 33 72 0 5 64 14 88 52 8 20 80 1 68 42 104 108 81 40 112 49 10 2 39 17 65 26 12 41 69 15 74 76 3 105 51 37 73 71 25 27 97 21 77 45 102 57 54 55 29 46 

0.000001645600 0.002872700000 0.005982600000 0.130130000000 0.024366000000 0.227610000000 0.303240000000 0.718710000000 0.095009000000 0.386690000000 0.406540000000 0.799450000000 0.403750000000 0.787640000000 0.735470000000 0.971820000000 0.189830000000 0.489000000000 0.449290000000 0.831720000000 0.414480000000 0.795650000000 0.735250000000 0.970670000000 0.372910000000 0.749670000000 0.702070000000 0.963030000000 0.612390000000 0.944120000000 0.854330000000 0.997080000000 0.212220000000 0.496850000000 0.439550000000 0.826120000000 0.403640000000 0.783410000000 0.721730000000 0.966980000000 0.373390000000 0.751540000000 0.705550000000 0.964590000000 0.617640000000 0.946720000000 0.855540000000 0.997180000000 0.321230000000 0.676570000000 0.626910000000 0.930850000000 0.604620000000 0.941300000000 0.854320000000 0.996990000000 0.460340000000 0.851370000000 0.848270000000 0.996910000000 0.689650000000 0.973880000000 0.881930000000 0.999800000000 0.187710000000 0.441720000000 0.386550000000 0.777540000000 0.349270000000 0.721840000000 0.671510000000 0.951750000000 0.327450000000 0.686910000000 0.630090000000 0.934840000000 0.557530000000 0.911930000000 0.829950000000 0.993130000000 0.312630000000 0.662050000000 0.610880000000 0.924220000000 0.584400000000 0.930400000000 0.847060000000 0.995960000000 0.456200000000 0.847790000000 0.841220000000 0.995960000000 0.685870000000 0.973180000000 0.880280000000 0.999720000000 0.255390000000 0.570920000000 0.505570000000 0.873460000000 0.465690000000 0.842890000000 0.770060000000 0.980860000000 0.448310000000 0.840830000000 0.833090000000 0.994970000000 0.683330000000 0.972740000000 0.879270000000 0.999650000000 0.349370000000 0.709360000000 0.661520000000 0.943020000000 0.678930000000 0.971790000000 0.878990000000 0.999640000000 0.476880000000 0.864070000000 0.877250000000 0.999640000000 0.704840000000 0.974960000000 0.887130000000 0.999970000000 

0.000010322000 0.009879400000 0.020125000000 0.362070000000 0.081850000000 0.570400000000 0.737700000000 0.975870000000 0.339780000000 0.855270000000 0.927960000000 0.990830000000 0.966390000000 0.991970000000 0.991970000000 0.992200000000 0.752290000000 0.977420000000 0.985860000000 0.992190000000 0.989350000000 0.992120000000 0.992220000000 0.992190000000 0.990620000000 0.992270000000 0.992140000000 0.992180000000 0.992090000000 0.992170000000 0.992240000000 0.992190000000 0.939370000000 0.991360000000 0.991220000000 0.992130000000 0.991940000000 0.992160000000 0.992170000000 0.992190000000 0.991800000000 0.992160000000 0.992170000000 0.992180000000 0.992120000000 0.992170000000 0.992190000000 0.992190000000 0.991880000000 0.992130000000 0.992250000000 0.992200000000 0.992100000000 0.992200000000 0.992230000000 0.992190000000 0.992230000000 0.992180000000 0.992200000000 0.992190000000 0.992140000000 0.992170000000 0.992200000000 0.992190000000 0.978300000000 0.992110000000 0.992170000000 0.992150000000 0.992120000000 0.992160000000 0.992280000000 0.992170000000 0.992310000000 0.992300000000 0.992130000000 0.992190000000 0.992220000000 0.992180000000 0.992200000000 0.992190000000 0.992040000000 0.992370000000 0.992260000000 0.992180000000 0.992160000000 0.992190000000 0.992200000000 0.992190000000 0.992200000000 0.992180000000 0.992230000000 0.992180000000 0.992110000000 0.992180000000 0.992190000000 0.992190000000 0.992110000000 0.992170000000 0.992350000000 0.992170000000 0.992240000000 0.992200000000 0.992240000000 0.992180000000 0.992150000000 0.992140000000 0.992250000000 0.992190000000 0.992140000000 0.992190000000 0.992200000000 0.992190000000 0.992200000000 0.992190000000 0.992120000000 0.992200000000 0.992110000000 0.992200000000 0.992180000000 0.992190000000 0.992080000000 0.992160000000 0.992190000000 0.992190000000 0.992210000000 0.992200000000 0.992190000000 0.992190000000 

N_obs: 160000

File Format:
1- most to least reliable channels (taken entropies)
2- most to least reliable channels (taken error probabilities)
3- channels entropies (flipped)
4- channels error probabilities (flipped)
5- number of MontCarlo simulations
