127 126 125 123 119 111 124 122 121 117 118 95 115 110 109 107 120 116 103 94 114 93 113 63 108 91 106 105 87 102 62 92 79 31 61 101 47 59 55 112 15 99 90 23 89 71 39 27 7 29 83 75 43 86 85 51 77 104 45 30 78 53 57 46 54 60 58 11 13 19 67 35 100 14 3 97 25 21 98 69 37 81 73 22 41 70 49 38 26 88 82 28 74 42 6 5 84 9 17 33 65 50 76 44 1 52 56 12 10 18 66 34 96 24 2 20 68 36 72 80 40 48 8 4 16 32 64 0 

127 126 125 123 119 111 124 122 121 117 118 95 115 110 109 107 120 116 103 114 94 93 113 108 63 106 91 105 102 87 92 101 112 62 90 99 79 61 104 89 59 86 100 85 55 83 98 60 78 47 88 97 31 77 75 58 71 57 84 54 51 53 30 46 7 82 43 13 27 70 45 35 22 76 28 11 44 14 52 26 81 38 24 9 68 42 37 69 2 29 96 25 10 33 32 34 40 66 64 20 0 16 8 4 17 21 36 48 74 18 72 80 6 56 23 1 12 3 41 73 19 50 65 5 49 67 39 15 

0.000000000000 0.000000000000 0.000000000000 0.000000000601 0.000000000000 0.000000142360 0.000000281810 0.002185900000 0.000000000000 0.000001210300 0.000001065100 0.004555500000 0.000010725000 0.010096000000 0.022357000000 0.306270000000 0.000000000000 0.000042777000 0.000107840000 0.026725000000 0.000625430000 0.054881000000 0.103550000000 0.517250000000 0.007967400000 0.162330000000 0.248840000000 0.687980000000 0.337440000000 0.750310000000 0.716620000000 0.966090000000 0.000006979400 0.008306200000 0.017252000000 0.220600000000 0.053968000000 0.341410000000 0.409970000000 0.814820000000 0.143160000000 0.485490000000 0.492450000000 0.863810000000 0.469350000000 0.848920000000 0.783460000000 0.983350000000 0.221500000000 0.551750000000 0.510070000000 0.873280000000 0.472620000000 0.850470000000 0.783580000000 0.983150000000 0.410890000000 0.797900000000 0.762060000000 0.980950000000 0.649350000000 0.961580000000 0.868150000000 0.998760000000 0.023372000000 0.189200000000 0.239940000000 0.609930000000 0.271740000000 0.619040000000 0.580280000000 0.916560000000 0.273940000000 0.608910000000 0.553690000000 0.899510000000 0.502020000000 0.872900000000 0.801110000000 0.987410000000 0.260910000000 0.583620000000 0.525360000000 0.882430000000 0.481380000000 0.857630000000 0.789010000000 0.984510000000 0.415460000000 0.802750000000 0.768750000000 0.982350000000 0.651220000000 0.962210000000 0.868110000000 0.998740000000 0.231770000000 0.529800000000 0.469300000000 0.849060000000 0.431310000000 0.810810000000 0.744490000000 0.973480000000 0.399740000000 0.785510000000 0.749140000000 0.977840000000 0.643930000000 0.959130000000 0.865240000000 0.998380000000 0.332660000000 0.689920000000 0.642760000000 0.937000000000 0.632120000000 0.955050000000 0.864290000000 0.998290000000 0.467350000000 0.857830000000 0.860500000000 0.998320000000 0.695980000000 0.974640000000 0.884230000000 0.999890000000 

0.000000000000 0.000000000000 0.000000000000 0.000000000202 0.000000000000 0.000000114600 0.000000282080 0.005339500000 0.000000000000 0.000001418500 0.000001142600 0.011096000000 0.000038385000 0.024218000000 0.051830000000 0.557050000000 0.000000000000 0.000098511000 0.000292370000 0.064540000000 0.001691200000 0.127860000000 0.230160000000 0.805710000000 0.022237000000 0.363810000000 0.535910000000 0.939960000000 0.753180000000 0.978820000000 0.985700000000 0.992180000000 0.000014634000 0.025011000000 0.050694000000 0.496330000000 0.158330000000 0.702000000000 0.831330000000 0.985310000000 0.443040000000 0.906030000000 0.952930000000 0.991630000000 0.975080000000 0.992050000000 0.992170000000 0.992200000000 0.770920000000 0.979730000000 0.986880000000 0.992140000000 0.989480000000 0.992190000000 0.992230000000 0.992200000000 0.990500000000 0.992120000000 0.992170000000 0.992170000000 0.992290000000 0.992190000000 0.992260000000 0.992190000000 0.103300000000 0.611480000000 0.772840000000 0.979210000000 0.904030000000 0.989730000000 0.990860000000 0.992210000000 0.963320000000 0.991910000000 0.991990000000 0.992160000000 0.991940000000 0.992250000000 0.992270000000 0.992190000000 0.980940000000 0.992020000000 0.992120000000 0.992150000000 0.992090000000 0.992170000000 0.992230000000 0.992180000000 0.992310000000 0.992170000000 0.992170000000 0.992190000000 0.992130000000 0.992180000000 0.992180000000 0.992180000000 0.986620000000 0.992010000000 0.992180000000 0.992140000000 0.992120000000 0.992170000000 0.992180000000 0.992170000000 0.992210000000 0.992140000000 0.992190000000 0.992190000000 0.992230000000 0.992190000000 0.992190000000 0.992190000000 0.992330000000 0.992160000000 0.992120000000 0.992220000000 0.992150000000 0.992180000000 0.992170000000 0.992190000000 0.992050000000 0.992200000000 0.992270000000 0.992190000000 0.992220000000 0.992170000000 0.992220000000 0.992190000000 

N_obs: 160000

File Format:
1- most to least reliable channels (taken entropies)
2- most to least reliable channels (taken error probabilities)
3- channels entropies (flipped)
4- channels error probabilities (flipped)
5- number of MontCarlo simulations
