127 126 125 123 119 124 122 111 63 95 121 31 47 79 118 55 59 15 103 87 117 61 115 91 107 93 109 62 23 39 71 110 27 7 94 29 51 30 43 75 45 99 83 77 53 46 120 13 57 78 11 19 54 35 67 101 85 3 14 89 58 113 105 102 86 116 114 25 60 90 106 108 92 21 49 37 22 26 41 69 38 70 73 97 81 6 28 5 9 17 33 65 1 50 44 42 76 52 74 98 12 82 56 100 84 88 112 104 10 18 34 66 2 24 48 20 36 40 68 72 96 80 8 4 16 32 64 0 

127 126 125 123 119 124 122 121 111 118 117 95 115 120 110 63 109 107 116 103 94 93 114 91 79 113 59 62 55 87 108 53 78 11 60 25 51 43 71 29 35 6 105 89 69 74 3 26 5 21 33 102 1 98 52 14 46 9 10 88 20 54 24 37 32 16 40 0 96 64 42 72 44 4 36 8 18 97 100 76 68 2 23 34 66 65 104 48 45 80 99 112 84 38 50 12 81 17 106 82 7 49 73 85 75 56 41 61 70 58 47 22 86 39 101 27 77 30 90 92 57 28 19 31 67 13 83 15 

0.000000003445 0.001053200000 0.002314000000 0.087356000000 0.010446000000 0.162610000000 0.240840000000 0.657850000000 0.059615000000 0.322980000000 0.368370000000 0.767150000000 0.383090000000 0.768130000000 0.719900000000 0.967480000000 0.164360000000 0.462680000000 0.434570000000 0.819720000000 0.405860000000 0.786250000000 0.727570000000 0.968580000000 0.367670000000 0.743970000000 0.694900000000 0.960520000000 0.607710000000 0.941510000000 0.852550000000 0.996830000000 0.206040000000 0.488930000000 0.434290000000 0.821310000000 0.398640000000 0.777080000000 0.716860000000 0.965620000000 0.368130000000 0.744630000000 0.697200000000 0.961720000000 0.612050000000 0.943610000000 0.853260000000 0.996850000000 0.319170000000 0.672780000000 0.622760000000 0.929320000000 0.596910000000 0.937410000000 0.851520000000 0.996600000000 0.458190000000 0.849600000000 0.844970000000 0.996500000000 0.688380000000 0.973620000000 0.881410000000 0.999780000000 0.186610000000 0.438690000000 0.382940000000 0.775410000000 0.347640000000 0.719280000000 0.669610000000 0.950950000000 0.325640000000 0.683340000000 0.627250000000 0.933660000000 0.555660000000 0.910540000000 0.828860000000 0.992920000000 0.307420000000 0.657460000000 0.606120000000 0.921970000000 0.576720000000 0.925960000000 0.843860000000 0.995470000000 0.454020000000 0.845480000000 0.837560000000 0.995460000000 0.684130000000 0.972880000000 0.879710000000 0.999680000000 0.253650000000 0.568370000000 0.505180000000 0.872600000000 0.464100000000 0.841080000000 0.769070000000 0.980480000000 0.445990000000 0.837770000000 0.828600000000 0.994330000000 0.681670000000 0.972260000000 0.878580000000 0.999610000000 0.349110000000 0.709060000000 0.661200000000 0.942950000000 0.676270000000 0.971250000000 0.878260000000 0.999590000000 0.476210000000 0.863920000000 0.876420000000 0.999600000000 0.704200000000 0.974990000000 0.886960000000 0.999970000000 

0.000000001466 0.003538200000 0.007792400000 0.249820000000 0.035072000000 0.426050000000 0.607500000000 0.955520000000 0.209940000000 0.758150000000 0.871450000000 0.988090000000 0.942020000000 0.991410000000 0.991640000000 0.992200000000 0.640900000000 0.960020000000 0.979280000000 0.992050000000 0.986130000000 0.992200000000 0.992140000000 0.992190000000 0.989100000000 0.992170000000 0.992250000000 0.992190000000 0.992200000000 0.992170000000 0.992190000000 0.992190000000 0.911520000000 0.990200000000 0.991390000000 0.992270000000 0.991520000000 0.992260000000 0.992150000000 0.992180000000 0.992040000000 0.992230000000 0.992210000000 0.992200000000 0.992360000000 0.992200000000 0.992200000000 0.992200000000 0.991530000000 0.992060000000 0.992250000000 0.992190000000 0.992210000000 0.992150000000 0.992210000000 0.992190000000 0.992120000000 0.992220000000 0.992150000000 0.992190000000 0.992300000000 0.992190000000 0.992190000000 0.992190000000 0.974250000000 0.991950000000 0.992220000000 0.992110000000 0.991940000000 0.992220000000 0.992280000000 0.992210000000 0.992040000000 0.992180000000 0.992060000000 0.992170000000 0.992110000000 0.992200000000 0.992210000000 0.992190000000 0.992220000000 0.992180000000 0.992200000000 0.992190000000 0.992120000000 0.992190000000 0.992210000000 0.992190000000 0.992240000000 0.992200000000 0.992180000000 0.992190000000 0.992130000000 0.992190000000 0.992170000000 0.992190000000 0.992300000000 0.992260000000 0.992130000000 0.992280000000 0.992250000000 0.992160000000 0.992110000000 0.992180000000 0.992190000000 0.992230000000 0.992160000000 0.992180000000 0.992290000000 0.992190000000 0.992200000000 0.992190000000 0.992370000000 0.992170000000 0.992340000000 0.992200000000 0.992100000000 0.992180000000 0.992180000000 0.992190000000 0.992200000000 0.992140000000 0.992160000000 0.992190000000 0.992150000000 0.992190000000 0.992170000000 0.992190000000 

N_obs: 160000

File Format:
1- most to least reliable channels (taken entropies)
2- most to least reliable channels (taken error probabilities)
3- channels entropies (flipped)
4- channels error probabilities (flipped)
5- number of MontCarlo simulations
