127 126 125 124 123 122 121 120 119 118 117 116 115 114 113 111 110 109 108 107 106 105 103 101 99 95 94 93 92 91 90 87 79 63 62 61 59 55 47 89 86 102 85 83 78 77 75 60 58 57 31 71 53 51 54 112 104 98 46 88 45 100 97 84 82 43 81 76 74 73 56 39 30 70 52 29 69 50 49 44 27 67 96 42 80 41 23 72 38 28 37 68 15 26 48 35 66 25 22 40 65 21 7 19 11 14 13 36 34 33 3 24 17 5 9 20 6 64 18 10 12 1 32 2 16 4 8 0 

127 126 125 124 123 122 121 120 119 118 117 116 115 114 113 111 110 109 108 107 106 105 103 101 99 95 94 93 92 91 90 87 79 63 62 61 59 55 47 89 86 102 85 83 78 77 75 60 58 57 31 53 71 51 112 54 104 98 46 45 88 100 97 84 82 43 81 76 74 73 56 39 70 30 52 69 29 50 49 44 27 67 96 42 80 41 72 23 38 28 37 68 48 26 66 35 15 25 40 65 22 36 21 19 14 34 24 33 13 64 11 20 7 18 17 32 12 9 10 1 6 16 3 0 4 2 8 5 

0.000000000000 0.000000000000 0.000000000000 0.000000000000 0.000000000000 0.000000000000 0.000000000000 0.000000000000 0.000000000000 0.000000000000 0.000000000000 0.000000000000 0.000000000000 0.000000000000 0.000000000000 0.000000020853 0.000000000000 0.000000000000 0.000000000000 0.000000000000 0.000000000000 0.000000000000 0.000000000000 0.000000316010 0.000000000000 0.000000000000 0.000000000000 0.000002758300 0.000000000000 0.000001357000 0.000004250100 0.008823000000 0.000000000000 0.000000000000 0.000000000000 0.000000000000 0.000000000000 0.000000000000 0.000000000000 0.000002193800 0.000000000000 0.000000000000 0.000000000000 0.000006841700 0.000000000000 0.000013067000 0.000028012000 0.019434000000 0.000000000000 0.000000000000 0.000000000000 0.000045650000 0.000000000000 0.000089223000 0.000164340000 0.044811000000 0.000000005028 0.000640300000 0.001412600000 0.100800000000 0.008562200000 0.200950000000 0.319630000000 0.787920000000 0.000000000000 0.000000000000 0.000000000000 0.000000000002 0.000000000000 0.000000000010 0.000000000221 0.000407310000 0.000000000000 0.000000018271 0.000000005439 0.000864110000 0.000000010190 0.001781600000 0.004051300000 0.151450000000 0.000000000000 0.000001623300 0.000002473500 0.005088600000 0.000014890000 0.010584000000 0.022302000000 0.292060000000 0.000409580000 0.044954000000 0.084789000000 0.469170000000 0.177750000000 0.600640000000 0.623290000000 0.934410000000 0.000000000287 0.000584440000 0.001230700000 0.070677000000 0.005451100000 0.132250000000 0.211120000000 0.646980000000 0.034968000000 0.281570000000 0.357580000000 0.769790000000 0.397010000000 0.790960000000 0.740840000000 0.972660000000 0.127980000000 0.450880000000 0.457360000000 0.837120000000 0.439440000000 0.821520000000 0.760830000000 0.977680000000 0.396540000000 0.780700000000 0.741040000000 0.975400000000 0.639230000000 0.957090000000 0.865100000000 0.998450000000 

0.000000000000 0.000000000000 0.000000000000 0.000000000000 0.000000000000 0.000000000000 0.000000000000 0.000000000000 0.000000000000 0.000000000000 0.000000000000 0.000000000000 0.000000000000 0.000000000000 0.000000000000 0.000000010108 0.000000000000 0.000000000000 0.000000000000 0.000000000000 0.000000000000 0.000000000000 0.000000000000 0.000000274620 0.000000000000 0.000000000000 0.000000000000 0.000006799900 0.000000000000 0.000002633000 0.000007634100 0.019971000000 0.000000000000 0.000000000000 0.000000000000 0.000000000000 0.000000000000 0.000000000000 0.000000000000 0.000002864900 0.000000000000 0.000000000000 0.000000000000 0.000017351000 0.000000000000 0.000031841000 0.000059988000 0.043091000000 0.000000000000 0.000000000000 0.000000000000 0.000111010000 0.000000000000 0.000209070000 0.000367750000 0.095860000000 0.000000002560 0.001510400000 0.003332300000 0.204040000000 0.019804000000 0.383260000000 0.582720000000 0.961970000000 0.000000000000 0.000000000000 0.000000000000 0.000000000000 0.000000000000 0.000000000003 0.000000000080 0.001008800000 0.000000000000 0.000000010945 0.000000002388 0.002140000000 0.000000004613 0.004286000000 0.009831700000 0.308970000000 0.000000000000 0.000002833900 0.000002836500 0.012371000000 0.000032672000 0.025771000000 0.051943000000 0.536960000000 0.001070400000 0.107130000000 0.194450000000 0.765180000000 0.413470000000 0.901280000000 0.951500000000 0.991660000000 0.000000000104 0.001663700000 0.003488400000 0.175600000000 0.015860000000 0.310120000000 0.474320000000 0.922360000000 0.104120000000 0.616680000000 0.768370000000 0.979270000000 0.890340000000 0.989300000000 0.990540000000 0.992180000000 0.427790000000 0.901190000000 0.952040000000 0.991720000000 0.975760000000 0.992080000000 0.992030000000 0.992190000000 0.984370000000 0.992160000000 0.992190000000 0.992190000000 0.992180000000 0.992190000000 0.992150000000 0.992180000000 

N_obs: 160000

File Format:
1- most to least reliable channels (taken entropies)
2- most to least reliable channels (taken error probabilities)
3- channels entropies (flipped)
4- channels error probabilities (flipped)
5- number of MontCarlo simulations
