127 126 125 123 119 111 124 117 122 118 115 121 95 110 109 107 120 103 116 94 114 93 113 63 108 91 106 105 87 102 92 62 101 79 61 112 90 99 31 59 47 55 89 15 104 86 23 71 39 85 27 83 75 29 7 43 77 51 78 45 60 30 53 100 57 46 58 54 11 19 13 67 35 98 97 14 3 88 21 25 69 81 37 73 22 41 70 49 38 26 84 82 74 28 42 76 6 5 9 50 17 65 33 44 1 52 56 12 96 10 18 66 34 24 2 20 68 80 72 36 40 48 8 4 16 64 32 0 

127 126 125 123 119 111 124 117 122 118 115 121 95 110 109 107 120 103 116 94 114 93 113 108 63 91 106 105 102 87 92 101 112 62 90 99 61 79 89 104 86 59 100 85 55 83 98 60 78 88 97 47 77 58 31 75 57 71 84 54 82 53 81 51 45 15 96 46 39 76 22 29 30 26 37 73 42 66 12 43 69 3 17 35 9 72 34 24 33 18 41 1 48 8 56 21 16 23 74 32 2 20 65 0 4 64 25 40 5 6 52 68 36 80 70 10 7 44 28 38 49 50 67 14 19 11 27 13 

0.000000000000 0.000000000000 0.000000000000 0.000000000016 0.000000000000 0.000000004870 0.000000040711 0.000595810000 0.000000000000 0.000000014674 0.000000001732 0.001255300000 0.000000034317 0.002740400000 0.006007500000 0.187170000000 0.000000000000 0.000002060900 0.000004121500 0.008166800000 0.000040561000 0.017221000000 0.036055000000 0.354040000000 0.001041800000 0.068525000000 0.124260000000 0.541620000000 0.227530000000 0.655740000000 0.657070000000 0.946780000000 0.000000200370 0.001528000000 0.003313000000 0.109250000000 0.013692000000 0.195660000000 0.282290000000 0.715530000000 0.064115000000 0.358390000000 0.414180000000 0.811120000000 0.426860000000 0.813670000000 0.757360000000 0.977000000000 0.165990000000 0.494080000000 0.478660000000 0.852240000000 0.450350000000 0.830590000000 0.767080000000 0.979200000000 0.399500000000 0.784220000000 0.744690000000 0.976310000000 0.639330000000 0.957380000000 0.864980000000 0.998410000000 0.006541700000 0.112350000000 0.170030000000 0.522690000000 0.231230000000 0.573810000000 0.545800000000 0.899620000000 0.257910000000 0.587840000000 0.536120000000 0.889860000000 0.488000000000 0.862570000000 0.793540000000 0.985850000000 0.253130000000 0.571070000000 0.514620000000 0.875690000000 0.470150000000 0.847580000000 0.780780000000 0.982520000000 0.408150000000 0.795220000000 0.758240000000 0.979700000000 0.645330000000 0.959850000000 0.866230000000 0.998530000000 0.227940000000 0.522920000000 0.464100000000 0.844240000000 0.425600000000 0.804990000000 0.740000000000 0.972240000000 0.393140000000 0.777060000000 0.738240000000 0.974810000000 0.637630000000 0.956330000000 0.862890000000 0.998120000000 0.329990000000 0.687010000000 0.638110000000 0.935560000000 0.625230000000 0.951660000000 0.861820000000 0.998000000000 0.466030000000 0.856200000000 0.857650000000 0.998040000000 0.694700000000 0.974530000000 0.883730000000 0.999880000000 

0.000000000000 0.000000000000 0.000000000000 0.000000000005 0.000000000000 0.000000002449 0.000000025800 0.001409500000 0.000000000000 0.000000009417 0.000000000658 0.002975800000 0.000000018948 0.006677000000 0.014167000000 0.368480000000 0.000000000000 0.000001821700 0.000007036800 0.019788000000 0.000116710000 0.041267000000 0.083109000000 0.618660000000 0.002844100000 0.160730000000 0.277510000000 0.833200000000 0.521730000000 0.936860000000 0.968110000000 0.991970000000 0.000000195420 0.004384500000 0.009641400000 0.267090000000 0.039184000000 0.441990000000 0.616920000000 0.957220000000 0.194540000000 0.744700000000 0.862470000000 0.987500000000 0.936040000000 0.991220000000 0.991450000000 0.992210000000 0.566700000000 0.944510000000 0.972260000000 0.992080000000 0.983700000000 0.992190000000 0.992140000000 0.992170000000 0.987480000000 0.992210000000 0.992160000000 0.992200000000 0.992240000000 0.992150000000 0.992190000000 0.992190000000 0.027408000000 0.383240000000 0.561200000000 0.941510000000 0.781290000000 0.980210000000 0.986310000000 0.992180000000 0.919860000000 0.990440000000 0.991260000000 0.992200000000 0.991690000000 0.992230000000 0.992230000000 0.992180000000 0.968400000000 0.991990000000 0.991870000000 0.992220000000 0.992160000000 0.992150000000 0.992180000000 0.992190000000 0.992070000000 0.992220000000 0.992140000000 0.992200000000 0.992160000000 0.992170000000 0.992170000000 0.992190000000 0.981680000000 0.992120000000 0.992110000000 0.992220000000 0.992270000000 0.992130000000 0.992190000000 0.992170000000 0.992180000000 0.992110000000 0.992180000000 0.992190000000 0.992240000000 0.992180000000 0.992160000000 0.992180000000 0.991960000000 0.992240000000 0.992290000000 0.992150000000 0.992250000000 0.992210000000 0.992170000000 0.992180000000 0.992210000000 0.992190000000 0.992190000000 0.992190000000 0.992160000000 0.992190000000 0.992180000000 0.992190000000 

N_obs: 160000

File Format:
1- most to least reliable channels (taken entropies)
2- most to least reliable channels (taken error probabilities)
3- channels entropies (flipped)
4- channels error probabilities (flipped)
5- number of MontCarlo simulations
