127 126 125 123 119 124 122 111 121 118 95 117 63 31 115 47 110 79 55 59 103 15 109 87 107 61 91 120 93 62 23 94 39 71 27 7 29 51 43 30 75 116 99 45 83 77 53 113 46 114 13 78 57 101 11 85 54 19 35 67 105 89 3 14 58 102 86 106 108 90 60 25 92 21 37 49 22 69 41 26 38 73 70 97 81 6 28 5 9 17 33 65 1 50 42 44 76 74 52 98 82 112 12 56 100 84 104 88 10 18 34 66 2 24 20 48 36 40 68 72 80 96 8 4 16 32 64 0 

127 126 125 123 119 124 122 121 111 118 117 115 95 120 110 109 116 63 107 114 94 103 113 93 108 91 87 79 106 105 62 61 59 27 51 102 77 11 35 85 31 23 47 30 29 13 39 101 99 92 86 1 38 41 90 26 112 46 65 75 73 60 42 19 49 9 52 24 33 98 18 100 44 81 96 80 89 16 72 82 48 20 2 4 36 50 0 64 8 68 32 66 55 74 3 40 14 104 45 6 70 84 97 12 34 10 37 53 25 21 67 88 17 56 58 76 28 5 7 69 54 22 57 78 83 43 71 15 

0.000000000000 0.000014806000 0.000030959000 0.014771000000 0.000215950000 0.031279000000 0.062663000000 0.394920000000 0.004125000000 0.108030000000 0.175260000000 0.576870000000 0.263110000000 0.657100000000 0.638430000000 0.940610000000 0.055000000000 0.304940000000 0.349220000000 0.746000000000 0.361860000000 0.740960000000 0.689940000000 0.957180000000 0.345570000000 0.714810000000 0.663230000000 0.949220000000 0.586910000000 0.930000000000 0.844410000000 0.995620000000 0.164890000000 0.442670000000 0.405940000000 0.796660000000 0.377800000000 0.754300000000 0.697900000000 0.959850000000 0.350090000000 0.719740000000 0.669250000000 0.951480000000 0.591410000000 0.932500000000 0.844960000000 0.995610000000 0.309200000000 0.658780000000 0.606690000000 0.922580000000 0.573020000000 0.923370000000 0.841440000000 0.995040000000 0.451110000000 0.843420000000 0.832800000000 0.994850000000 0.682750000000 0.972590000000 0.879470000000 0.999680000000 0.178650000000 0.425730000000 0.372710000000 0.764590000000 0.339670000000 0.708290000000 0.659820000000 0.947720000000 0.318080000000 0.672800000000 0.615750000000 0.928800000000 0.546980000000 0.905100000000 0.824760000000 0.992150000000 0.297850000000 0.642640000000 0.589330000000 0.914860000000 0.553290000000 0.911120000000 0.832870000000 0.993610000000 0.446360000000 0.838140000000 0.824300000000 0.993480000000 0.678210000000 0.971410000000 0.877590000000 0.999550000000 0.249490000000 0.561370000000 0.498780000000 0.868510000000 0.459040000000 0.836660000000 0.765020000000 0.979150000000 0.437300000000 0.828280000000 0.813080000000 0.991860000000 0.674770000000 0.970550000000 0.876170000000 0.999440000000 0.346000000000 0.705380000000 0.658330000000 0.942330000000 0.668750000000 0.969050000000 0.875820000000 0.999410000000 0.475170000000 0.863200000000 0.873480000000 0.999420000000 0.702530000000 0.974980000000 0.886450000000 0.999960000000 

0.000000000000 0.000049854000 0.000094544000 0.042764000000 0.000635870000 0.088629000000 0.169240000000 0.738960000000 0.013518000000 0.291800000000 0.453610000000 0.910960000000 0.691640000000 0.969500000000 0.981740000000 0.992160000000 0.199440000000 0.748290000000 0.867480000000 0.987600000000 0.943010000000 0.991420000000 0.991590000000 0.992190000000 0.972260000000 0.991960000000 0.992130000000 0.992180000000 0.992140000000 0.992180000000 0.992200000000 0.992180000000 0.711700000000 0.971820000000 0.983820000000 0.992140000000 0.988530000000 0.992150000000 0.992180000000 0.992210000000 0.990390000000 0.992150000000 0.992080000000 0.992200000000 0.992270000000 0.992180000000 0.992180000000 0.992180000000 0.991070000000 0.992270000000 0.991970000000 0.992230000000 0.992160000000 0.992190000000 0.992160000000 0.992180000000 0.992280000000 0.992200000000 0.992240000000 0.992190000000 0.992210000000 0.992190000000 0.992160000000 0.992190000000 0.941360000000 0.991590000000 0.991650000000 0.992170000000 0.991870000000 0.992230000000 0.992260000000 0.992220000000 0.992190000000 0.992240000000 0.992200000000 0.992170000000 0.991910000000 0.992190000000 0.992170000000 0.992190000000 0.992090000000 0.992160000000 0.992190000000 0.992180000000 0.992270000000 0.992170000000 0.992150000000 0.992190000000 0.992110000000 0.992150000000 0.992200000000 0.992190000000 0.992070000000 0.992200000000 0.992180000000 0.992190000000 0.992090000000 0.992100000000 0.992100000000 0.992230000000 0.991890000000 0.992160000000 0.992200000000 0.992170000000 0.992090000000 0.992250000000 0.992200000000 0.992190000000 0.992170000000 0.992180000000 0.992210000000 0.992180000000 0.992340000000 0.992190000000 0.992110000000 0.992200000000 0.992070000000 0.992200000000 0.992170000000 0.992190000000 0.992230000000 0.992190000000 0.992230000000 0.992190000000 0.992190000000 0.992190000000 0.992150000000 0.992190000000 

N_obs: 160000

File Format:
1- most to least reliable channels (taken entropies)
2- most to least reliable channels (taken error probabilities)
3- channels entropies (flipped)
4- channels error probabilities (flipped)
5- number of MontCarlo simulations
