127 125 126 123 119 111 124 122 121 118 117 115 95 110 109 120 107 116 63 94 114 103 93 31 113 108 91 47 79 55 87 59 61 15 62 106 23 39 71 27 105 7 29 99 43 75 51 102 101 83 30 45 77 53 85 92 89 46 78 57 54 90 11 13 86 19 35 67 58 14 3 112 60 25 21 37 69 97 22 41 49 73 38 81 70 26 104 28 6 5 9 17 33 98 65 42 1 74 100 50 44 82 76 52 84 88 56 12 10 18 34 66 2 24 20 36 96 40 68 72 48 80 8 4 16 32 64 0 

127 125 126 123 119 111 124 122 121 118 117 115 110 95 109 120 116 107 114 94 103 113 108 63 93 106 91 105 102 87 112 62 92 101 79 61 99 90 59 104 89 55 47 31 86 85 83 100 77 78 57 7 39 97 75 30 60 29 98 51 14 1 17 52 6 88 35 28 9 76 49 73 26 50 44 80 56 84 5 96 69 24 82 18 10 12 16 21 8 0 4 64 48 32 66 2 74 40 20 36 34 45 68 70 43 72 67 53 81 65 37 33 19 25 22 41 3 38 11 42 54 27 13 71 46 58 15 23 

0.000000000000 0.000000000000 0.000000000000 0.000055293000 0.000000000001 0.000089825000 0.000199980000 0.037166000000 0.000000000118 0.000555800000 0.001175200000 0.078924000000 0.006131400000 0.152770000000 0.245150000000 0.699710000000 0.000025771000 0.011552000000 0.023830000000 0.261130000000 0.069261000000 0.391850000000 0.456970000000 0.848550000000 0.166800000000 0.530630000000 0.532700000000 0.888320000000 0.501190000000 0.873730000000 0.804330000000 0.988230000000 0.009942100000 0.146910000000 0.214430000000 0.600850000000 0.276970000000 0.645390000000 0.609850000000 0.928180000000 0.297990000000 0.651460000000 0.599550000000 0.922360000000 0.539320000000 0.900240000000 0.821500000000 0.991460000000 0.281250000000 0.618620000000 0.563730000000 0.903070000000 0.520920000000 0.888240000000 0.814440000000 0.990000000000 0.433140000000 0.823480000000 0.799330000000 0.989170000000 0.667640000000 0.968380000000 0.874300000000 0.999320000000 0.119640000000 0.357490000000 0.335420000000 0.723020000000 0.315580000000 0.675580000000 0.630100000000 0.937390000000 0.297750000000 0.643140000000 0.586670000000 0.915680000000 0.526050000000 0.890730000000 0.814330000000 0.990150000000 0.277570000000 0.611190000000 0.554730000000 0.898170000000 0.511830000000 0.881110000000 0.808880000000 0.988900000000 0.429970000000 0.819700000000 0.793990000000 0.987990000000 0.663990000000 0.967140000000 0.872620000000 0.999160000000 0.240480000000 0.545210000000 0.483180000000 0.858560000000 0.445240000000 0.823870000000 0.754750000000 0.976190000000 0.416570000000 0.805090000000 0.777350000000 0.984840000000 0.658480000000 0.965200000000 0.870430000000 0.998940000000 0.339070000000 0.698010000000 0.650870000000 0.939960000000 0.649560000000 0.962440000000 0.869830000000 0.998890000000 0.470410000000 0.860080000000 0.866790000000 0.998910000000 0.699270000000 0.974910000000 0.885230000000 0.999930000000 

0.000000000000 0.000000000000 0.000000000000 0.000143480000 0.000000000000 0.000238350000 0.000534320000 0.091418000000 0.000000000040 0.001478700000 0.003110800000 0.183590000000 0.016181000000 0.333370000000 0.510680000000 0.938990000000 0.000075328000 0.032801000000 0.064542000000 0.542460000000 0.188310000000 0.742630000000 0.859690000000 0.987550000000 0.485210000000 0.921550000000 0.961120000000 0.991850000000 0.978600000000 0.992130000000 0.992080000000 0.992180000000 0.036782000000 0.432250000000 0.611310000000 0.953430000000 0.812030000000 0.983360000000 0.987700000000 0.992160000000 0.928830000000 0.991050000000 0.991430000000 0.992180000000 0.991750000000 0.992180000000 0.992210000000 0.992180000000 0.968380000000 0.991950000000 0.991920000000 0.992170000000 0.992080000000 0.992190000000 0.992170000000 0.992200000000 0.992280000000 0.992200000000 0.992180000000 0.992200000000 0.992200000000 0.992190000000 0.992210000000 0.992190000000 0.592340000000 0.950210000000 0.974900000000 0.992120000000 0.985400000000 0.992300000000 0.991980000000 0.992180000000 0.989310000000 0.992250000000 0.992200000000 0.992150000000 0.992130000000 0.992180000000 0.992170000000 0.992190000000 0.990650000000 0.992290000000 0.992200000000 0.992180000000 0.992200000000 0.992240000000 0.992210000000 0.992190000000 0.992040000000 0.992230000000 0.992210000000 0.992190000000 0.992160000000 0.992200000000 0.992210000000 0.992190000000 0.991000000000 0.992120000000 0.992130000000 0.992160000000 0.992250000000 0.992170000000 0.992210000000 0.992180000000 0.992380000000 0.992210000000 0.992190000000 0.992190000000 0.992210000000 0.992180000000 0.992140000000 0.992190000000 0.992340000000 0.992130000000 0.992250000000 0.992190000000 0.992230000000 0.992180000000 0.992160000000 0.992190000000 0.992020000000 0.992160000000 0.992180000000 0.992190000000 0.992220000000 0.992190000000 0.992140000000 0.992190000000 

N_obs: 160000

File Format:
1- most to least reliable channels (taken entropies)
2- most to least reliable channels (taken error probabilities)
3- channels entropies (flipped)
4- channels error probabilities (flipped)
5- number of MontCarlo simulations
