127 126 125 123 119 124 122 111 121 63 95 118 31 47 79 117 55 59 15 115 103 87 61 91 107 109 110 93 62 23 39 71 27 7 94 29 51 30 43 120 75 45 99 83 77 53 46 13 57 78 11 19 54 35 101 67 85 113 3 14 89 58 105 116 102 86 114 25 90 60 106 108 92 21 49 37 22 26 41 69 38 70 73 97 81 6 28 5 9 17 33 65 1 50 44 42 76 52 74 98 82 12 56 100 84 112 88 104 10 18 34 66 2 24 48 20 36 40 68 72 80 96 8 4 16 32 64 0 

127 126 125 123 119 124 122 121 111 118 117 95 115 120 110 109 63 116 107 103 94 114 93 113 91 87 79 55 108 31 47 46 35 62 61 77 69 5 22 90 49 9 27 101 73 37 51 19 13 92 98 106 11 29 58 38 44 74 12 70 66 83 84 24 100 3 33 20 96 34 36 64 48 4 16 0 8 21 32 17 68 56 2 88 72 80 40 42 18 104 45 52 10 15 82 97 112 102 67 76 57 28 25 50 65 99 14 23 54 105 6 81 1 41 86 78 60 75 89 26 59 30 39 85 7 71 53 43 

0.000000000000 0.000347000000 0.000658950000 0.053260000000 0.003775900000 0.105460000000 0.175240000000 0.582810000000 0.031290000000 0.250210000000 0.316640000000 0.722490000000 0.356140000000 0.742540000000 0.699690000000 0.961430000000 0.131810000000 0.425810000000 0.416150000000 0.804520000000 0.395820000000 0.775770000000 0.718360000000 0.965890000000 0.362150000000 0.735670000000 0.686260000000 0.957600000000 0.602300000000 0.938480000000 0.850380000000 0.996530000000 0.197270000000 0.478610000000 0.426740000000 0.815230000000 0.392360000000 0.771180000000 0.711510000000 0.964060000000 0.362930000000 0.737200000000 0.688030000000 0.958510000000 0.605860000000 0.940200000000 0.850690000000 0.996480000000 0.316430000000 0.668160000000 0.617870000000 0.927270000000 0.589360000000 0.933220000000 0.848590000000 0.996150000000 0.456270000000 0.847590000000 0.841420000000 0.996030000000 0.686540000000 0.973330000000 0.880790000000 0.999750000000 0.184600000000 0.434590000000 0.380640000000 0.772120000000 0.345290000000 0.715640000000 0.666320000000 0.949940000000 0.323190000000 0.680710000000 0.624000000000 0.932220000000 0.553060000000 0.908820000000 0.827580000000 0.992670000000 0.304830000000 0.652680000000 0.600580000000 0.919830000000 0.569250000000 0.921320000000 0.840470000000 0.994910000000 0.451420000000 0.843330000000 0.833480000000 0.994870000000 0.682280000000 0.972460000000 0.878950000000 0.999650000000 0.253240000000 0.567510000000 0.502870000000 0.871640000000 0.463580000000 0.840180000000 0.767910000000 0.980080000000 0.442820000000 0.835020000000 0.823830000000 0.993600000000 0.679690000000 0.971780000000 0.877810000000 0.999560000000 0.347410000000 0.707770000000 0.659990000000 0.942850000000 0.674280000000 0.970580000000 0.877520000000 0.999540000000 0.476590000000 0.863530000000 0.875480000000 0.999550000000 0.703610000000 0.975010000000 0.886800000000 0.999970000000 

0.000000000000 0.001182200000 0.002076800000 0.154760000000 0.012492000000 0.287090000000 0.454320000000 0.915690000000 0.106490000000 0.622090000000 0.776640000000 0.980060000000 0.898580000000 0.989650000000 0.990660000000 0.992200000000 0.504160000000 0.925650000000 0.963600000000 0.991880000000 0.981240000000 0.992170000000 0.992230000000 0.992200000000 0.986730000000 0.992200000000 0.992150000000 0.992180000000 0.992220000000 0.992170000000 0.992200000000 0.992180000000 0.872160000000 0.988150000000 0.990520000000 0.992160000000 0.991120000000 0.992140000000 0.992260000000 0.992190000000 0.991520000000 0.992240000000 0.992320000000 0.992180000000 0.992180000000 0.992200000000 0.992240000000 0.992190000000 0.991690000000 0.992250000000 0.992080000000 0.992210000000 0.992250000000 0.992170000000 0.992150000000 0.992190000000 0.992340000000 0.992180000000 0.992110000000 0.992190000000 0.992200000000 0.992180000000 0.992220000000 0.992190000000 0.967260000000 0.992070000000 0.992080000000 0.992250000000 0.992270000000 0.992170000000 0.992210000000 0.992190000000 0.991840000000 0.992230000000 0.992350000000 0.992200000000 0.992160000000 0.992220000000 0.992140000000 0.992190000000 0.992000000000 0.992010000000 0.992200000000 0.992170000000 0.992370000000 0.992190000000 0.992240000000 0.992190000000 0.992300000000 0.992170000000 0.992150000000 0.992190000000 0.992070000000 0.992190000000 0.992180000000 0.992190000000 0.991940000000 0.992290000000 0.992170000000 0.992210000000 0.992140000000 0.992270000000 0.992210000000 0.992180000000 0.992220000000 0.992130000000 0.992190000000 0.992180000000 0.992160000000 0.992200000000 0.992190000000 0.992190000000 0.992200000000 0.992220000000 0.992160000000 0.992180000000 0.992170000000 0.992200000000 0.992140000000 0.992190000000 0.992330000000 0.992240000000 0.992130000000 0.992190000000 0.992180000000 0.992190000000 0.992240000000 0.992190000000 

N_obs: 160000

File Format:
1- most to least reliable channels (taken entropies)
2- most to least reliable channels (taken error probabilities)
3- channels entropies (flipped)
4- channels error probabilities (flipped)
5- number of MontCarlo simulations
