127 126 125 124 123 122 121 119 118 117 115 111 110 109 107 103 95 94 93 91 87 63 79 120 116 114 113 62 108 105 106 61 101 102 59 92 99 90 89 55 86 85 83 78 77 112 47 60 104 58 75 100 57 98 88 54 97 84 53 71 82 31 51 81 76 46 74 45 56 73 43 52 96 70 30 39 50 29 69 15 27 80 23 49 44 67 7 42 41 72 35 11 19 37 13 38 21 25 14 28 26 22 3 68 65 66 48 5 33 9 17 6 1 40 34 10 36 18 12 20 24 2 64 32 4 8 16 0 

127 126 125 124 123 122 121 119 118 117 115 111 110 109 107 103 95 94 93 91 87 63 79 120 116 113 114 62 108 105 106 61 101 102 59 92 99 89 90 55 86 85 83 78 77 112 60 104 47 75 58 100 57 98 88 97 54 84 53 71 82 81 51 76 31 46 74 45 56 73 96 52 43 70 50 30 69 80 39 49 29 44 67 72 42 27 41 68 23 38 28 48 15 37 66 35 65 26 25 40 22 19 21 14 13 11 36 7 34 33 64 9 6 2 20 12 17 4 0 32 8 16 1 10 18 3 24 5 

0.000000000000 0.000000000000 0.000000000000 0.000000000000 0.000000000000 0.000000000000 0.000000000000 0.000000000000 0.000000000000 0.000000000000 0.000000000000 0.000000000000 0.000000000000 0.000000000000 0.000000000000 0.000096954000 0.000000000000 0.000000000000 0.000000000000 0.000000000001 0.000000000000 0.000000000004 0.000000000001 0.000225720000 0.000000000000 0.000000000025 0.000000000018 0.000475750000 0.000000001342 0.001042400000 0.002423100000 0.144780000000 0.000000000000 0.000000000000 0.000000000000 0.000000000319 0.000000000000 0.000000085705 0.000000104520 0.001757300000 0.000000000000 0.000000541550 0.000000944500 0.003778200000 0.000008353900 0.008164200000 0.018376000000 0.299810000000 0.000000000000 0.000026043000 0.000071066000 0.023224000000 0.000391940000 0.048585000000 0.094111000000 0.516920000000 0.006628400000 0.156110000000 0.246180000000 0.696400000000 0.345760000000 0.764850000000 0.730910000000 0.970540000000 0.000000000000 0.000000000000 0.000000000005 0.000187270000 0.000000000030 0.000388700000 0.000838520000 0.067724000000 0.000000136300 0.002181500000 0.004613300000 0.135180000000 0.018298000000 0.235140000000 0.331140000000 0.768440000000 0.000165890000 0.025092000000 0.049306000000 0.345730000000 0.113740000000 0.471010000000 0.510800000000 0.879230000000 0.208600000000 0.576970000000 0.561410000000 0.904140000000 0.520200000000 0.887900000000 0.815090000000 0.990330000000 0.014654000000 0.170920000000 0.237660000000 0.628400000000 0.291530000000 0.662760000000 0.624710000000 0.933950000000 0.305480000000 0.662860000000 0.611520000000 0.928010000000 0.549940000000 0.907050000000 0.826750000000 0.992430000000 0.286800000000 0.626680000000 0.572690000000 0.907320000000 0.531010000000 0.895820000000 0.821090000000 0.991370000000 0.438100000000 0.829160000000 0.808930000000 0.991090000000 0.672880000000 0.970140000000 0.876410000000 0.999480000000 

0.000000000000 0.000000000000 0.000000000000 0.000000000000 0.000000000000 0.000000000000 0.000000000000 0.000000000000 0.000000000000 0.000000000000 0.000000000000 0.000000000000 0.000000000000 0.000000000000 0.000000000000 0.000215750000 0.000000000000 0.000000000000 0.000000000000 0.000000000000 0.000000000000 0.000000000001 0.000000000000 0.000522070000 0.000000000000 0.000000000007 0.000000000005 0.001097600000 0.000000000514 0.002343900000 0.005472900000 0.282710000000 0.000000000000 0.000000000000 0.000000000000 0.000000000108 0.000000000000 0.000000075013 0.000000073916 0.003978700000 0.000000000000 0.000000746190 0.000001050400 0.008746800000 0.000021483000 0.018599000000 0.040173000000 0.527530000000 0.000000000000 0.000056804000 0.000197210000 0.053064000000 0.001042300000 0.108050000000 0.198740000000 0.788100000000 0.017181000000 0.334950000000 0.506890000000 0.935150000000 0.739890000000 0.977680000000 0.985470000000 0.992170000000 0.000000000000 0.000000000000 0.000000000001 0.000521250000 0.000000000009 0.001046900000 0.002244100000 0.162430000000 0.000000101840 0.005825600000 0.012174000000 0.302100000000 0.049117000000 0.487050000000 0.662830000000 0.967350000000 0.000566180000 0.070683000000 0.134270000000 0.672570000000 0.311840000000 0.838960000000 0.915500000000 0.990400000000 0.608270000000 0.953800000000 0.975190000000 0.992080000000 0.984060000000 0.992130000000 0.992170000000 0.992190000000 0.054602000000 0.488920000000 0.665740000000 0.963550000000 0.841850000000 0.985530000000 0.989020000000 0.992240000000 0.936520000000 0.991190000000 0.991770000000 0.992180000000 0.991640000000 0.992210000000 0.992180000000 0.992190000000 0.969930000000 0.991810000000 0.992040000000 0.992180000000 0.992060000000 0.992200000000 0.992170000000 0.992190000000 0.992110000000 0.992180000000 0.992260000000 0.992190000000 0.992230000000 0.992180000000 0.992190000000 0.992190000000 

N_obs: 160000

File Format:
1- most to least reliable channels (taken entropies)
2- most to least reliable channels (taken error probabilities)
3- channels entropies (flipped)
4- channels error probabilities (flipped)
5- number of MontCarlo simulations
