127 126 125 123 63 119 95 111 31 124 47 79 55 15 59 103 87 61 122 91 107 121 115 62 23 93 39 71 27 117 109 7 118 29 94 110 51 30 43 99 75 45 83 77 53 13 46 57 11 78 19 35 67 54 3 14 101 58 85 89 105 102 113 86 25 60 90 106 114 120 49 92 21 26 22 116 108 37 38 41 70 69 97 73 81 6 28 5 9 17 33 65 1 50 44 76 52 42 12 98 74 56 82 100 88 84 10 18 34 66 104 2 112 24 48 20 40 36 96 68 72 80 8 4 16 32 64 0 

127 126 125 123 124 119 122 111 121 118 95 117 63 115 110 109 120 103 107 94 19 55 30 15 29 97 7 25 113 81 101 54 93 114 31 22 46 12 99 69 100 78 65 75 47 41 5 26 71 38 76 62 61 87 2 102 116 18 56 1 72 88 70 84 0 80 40 32 8 50 34 82 64 4 68 16 33 20 48 39 74 96 49 77 36 9 104 10 66 112 17 90 58 73 108 37 42 24 23 52 91 35 98 21 51 92 44 11 79 6 60 67 53 28 105 85 14 89 57 43 83 106 86 13 3 45 59 27 

0.000172140000 0.022596000000 0.045482000000 0.298960000000 0.109090000000 0.414590000000 0.436200000000 0.830240000000 0.192720000000 0.505040000000 0.472230000000 0.849730000000 0.441940000000 0.824280000000 0.764630000000 0.979230000000 0.227250000000 0.529890000000 0.474360000000 0.850290000000 0.433740000000 0.813150000000 0.750120000000 0.974670000000 0.383390000000 0.764060000000 0.718290000000 0.968310000000 0.623090000000 0.949210000000 0.858120000000 0.997580000000 0.223640000000 0.515630000000 0.456380000000 0.838820000000 0.419000000000 0.798580000000 0.734160000000 0.970540000000 0.389710000000 0.771860000000 0.731130000000 0.972760000000 0.634050000000 0.954680000000 0.861750000000 0.997990000000 0.330380000000 0.686120000000 0.637600000000 0.935140000000 0.624130000000 0.951210000000 0.861230000000 0.997910000000 0.464840000000 0.855650000000 0.856420000000 0.997860000000 0.693820000000 0.974410000000 0.883210000000 0.999860000000 0.192330000000 0.449950000000 0.393700000000 0.784460000000 0.355360000000 0.729480000000 0.677900000000 0.953590000000 0.332530000000 0.694250000000 0.638490000000 0.938220000000 0.562820000000 0.915290000000 0.833190000000 0.993810000000 0.320280000000 0.673960000000 0.624500000000 0.929690000000 0.605940000000 0.942170000000 0.855280000000 0.997160000000 0.461390000000 0.852650000000 0.850700000000 0.997170000000 0.690340000000 0.973950000000 0.881810000000 0.999800000000 0.257660000000 0.575050000000 0.510470000000 0.876420000000 0.469020000000 0.846000000000 0.772800000000 0.982020000000 0.454970000000 0.847260000000 0.844340000000 0.996470000000 0.688390000000 0.973640000000 0.881070000000 0.999760000000 0.352100000000 0.711540000000 0.662770000000 0.943000000000 0.684480000000 0.972970000000 0.880790000000 0.999750000000 0.478730000000 0.864730000000 0.879260000000 0.999750000000 0.705490000000 0.974960000000 0.887470000000 0.999980000000 

0.000625520000 0.082837000000 0.158630000000 0.711780000000 0.382550000000 0.876750000000 0.939230000000 0.991370000000 0.721290000000 0.972990000000 0.983710000000 0.992180000000 0.987830000000 0.992150000000 0.992140000000 0.992200000000 0.921030000000 0.990670000000 0.991270000000 0.992200000000 0.991660000000 0.992260000000 0.992240000000 0.992190000000 0.991580000000 0.992180000000 0.992150000000 0.992160000000 0.992160000000 0.992210000000 0.992110000000 0.992190000000 0.973300000000 0.991890000000 0.992150000000 0.992220000000 0.992210000000 0.992200000000 0.992250000000 0.992190000000 0.992180000000 0.992260000000 0.992240000000 0.992190000000 0.992250000000 0.992190000000 0.992140000000 0.992190000000 0.992220000000 0.992160000000 0.992190000000 0.992170000000 0.992160000000 0.992190000000 0.992200000000 0.992180000000 0.992170000000 0.992190000000 0.992160000000 0.992190000000 0.992230000000 0.992200000000 0.992160000000 0.992190000000 0.985940000000 0.992180000000 0.992180000000 0.992230000000 0.992310000000 0.992200000000 0.992250000000 0.992180000000 0.992020000000 0.992150000000 0.992230000000 0.992210000000 0.992220000000 0.992190000000 0.992190000000 0.992190000000 0.992170000000 0.992160000000 0.992290000000 0.992220000000 0.992250000000 0.992200000000 0.992170000000 0.992190000000 0.992190000000 0.992170000000 0.992200000000 0.992190000000 0.992210000000 0.992190000000 0.992190000000 0.992190000000 0.992160000000 0.992060000000 0.992100000000 0.992230000000 0.992340000000 0.992170000000 0.992140000000 0.992200000000 0.992210000000 0.992160000000 0.992210000000 0.992190000000 0.992020000000 0.992180000000 0.992200000000 0.992190000000 0.992060000000 0.992250000000 0.992270000000 0.992160000000 0.992220000000 0.992200000000 0.992190000000 0.992190000000 0.992120000000 0.992230000000 0.992170000000 0.992190000000 0.992290000000 0.992180000000 0.992180000000 0.992190000000 

N_obs: 160000

File Format:
1- most to least reliable channels (taken entropies)
2- most to least reliable channels (taken error probabilities)
3- channels entropies (flipped)
4- channels error probabilities (flipped)
5- number of MontCarlo simulations
