127 126 125 123 119 111 95 124 121 118 122 117 115 110 109 107 103 94 93 120 116 63 114 91 113 108 106 105 87 102 101 92 62 90 61 79 99 112 89 59 86 104 85 55 100 31 47 83 60 78 15 77 98 71 75 58 23 88 39 27 57 43 97 51 29 7 53 45 54 30 46 84 11 67 19 13 35 81 82 14 3 69 73 21 25 37 70 76 22 41 74 49 38 26 56 42 50 28 52 5 6 96 44 65 9 17 33 1 12 10 66 80 18 34 68 72 20 24 36 2 40 48 64 8 4 16 32 0 

127 126 125 123 119 111 95 124 121 118 122 117 115 110 109 107 103 94 93 120 116 114 63 91 113 108 106 105 87 102 101 92 62 90 99 79 112 61 89 86 104 59 85 100 83 55 98 78 60 88 97 77 58 47 84 75 57 54 82 31 71 81 53 76 96 51 46 74 45 56 73 43 39 30 29 70 69 67 52 27 80 23 15 41 28 42 38 49 26 37 50 3 10 19 2 72 48 33 8 25 66 16 22 40 0 24 20 64 4 32 65 18 11 36 34 17 12 68 1 9 5 44 6 13 21 7 35 14 

0.000000000000 0.000000000000 0.000000000000 0.000000000000 0.000000000000 0.000000000000 0.000000000000 0.000024588000 0.000000000000 0.000000000000 0.000000000000 0.000042669000 0.000000000002 0.000110660000 0.000225730000 0.047532000000 0.000000000000 0.000000000003 0.000000000012 0.000328770000 0.000000001880 0.000698450000 0.001482200000 0.102390000000 0.000000603200 0.004325400000 0.009101100000 0.205240000000 0.036588000000 0.341190000000 0.443410000000 0.853510000000 0.000000000000 0.000004981100 0.000023669000 0.011748000000 0.000124240000 0.024736000000 0.049982000000 0.383240000000 0.002002700000 0.086284000000 0.147610000000 0.562330000000 0.244950000000 0.660740000000 0.653460000000 0.944830000000 0.032251000000 0.264570000000 0.335540000000 0.743880000000 0.373200000000 0.762030000000 0.712160000000 0.964000000000 0.363830000000 0.742290000000 0.696650000000 0.961380000000 0.611150000000 0.943330000000 0.854780000000 0.997160000000 0.000074285000 0.015588000000 0.031641000000 0.259900000000 0.082053000000 0.375890000000 0.417550000000 0.816210000000 0.169440000000 0.489490000000 0.471070000000 0.848930000000 0.444530000000 0.826350000000 0.765810000000 0.979470000000 0.221130000000 0.529200000000 0.480150000000 0.853810000000 0.441120000000 0.821490000000 0.758800000000 0.977120000000 0.391960000000 0.774850000000 0.732090000000 0.972430000000 0.631170000000 0.953140000000 0.861020000000 0.997930000000 0.216640000000 0.504340000000 0.446720000000 0.832020000000 0.410820000000 0.790020000000 0.727520000000 0.968700000000 0.378420000000 0.758130000000 0.713770000000 0.967260000000 0.622630000000 0.949090000000 0.857260000000 0.997400000000 0.323330000000 0.678210000000 0.628820000000 0.931740000000 0.606680000000 0.942660000000 0.855500000000 0.997180000000 0.461740000000 0.852880000000 0.850520000000 0.997230000000 0.691280000000 0.974090000000 0.882560000000 0.999830000000 

0.000000000000 0.000000000000 0.000000000000 0.000000000000 0.000000000000 0.000000000000 0.000000000000 0.000069918000 0.000000000000 0.000000000000 0.000000000000 0.000107470000 0.000000000000 0.000258330000 0.000530000000 0.103740000000 0.000000000000 0.000000000001 0.000000000003 0.000797330000 0.000000000808 0.001732200000 0.003497800000 0.212240000000 0.000000551910 0.010450000000 0.021423000000 0.395540000000 0.086359000000 0.608510000000 0.770900000000 0.981880000000 0.000000000000 0.000010353000 0.000062515000 0.030374000000 0.000352720000 0.061409000000 0.119360000000 0.675760000000 0.005814000000 0.210040000000 0.344260000000 0.866140000000 0.583120000000 0.949490000000 0.972570000000 0.992030000000 0.102600000000 0.616600000000 0.773030000000 0.979300000000 0.896670000000 0.989600000000 0.990710000000 0.992180000000 0.955190000000 0.991810000000 0.991920000000 0.992210000000 0.991960000000 0.992180000000 0.992190000000 0.992190000000 0.000311250000 0.053487000000 0.104840000000 0.623970000000 0.273600000000 0.811090000000 0.900920000000 0.989800000000 0.596570000000 0.949130000000 0.972910000000 0.991990000000 0.983220000000 0.992160000000 0.992160000000 0.992180000000 0.855130000000 0.986970000000 0.989710000000 0.992220000000 0.990750000000 0.992150000000 0.992100000000 0.992190000000 0.991280000000 0.992150000000 0.992160000000 0.992200000000 0.992270000000 0.992210000000 0.992180000000 0.992190000000 0.949700000000 0.991540000000 0.991680000000 0.992100000000 0.992000000000 0.992160000000 0.992180000000 0.992190000000 0.992050000000 0.992190000000 0.992240000000 0.992190000000 0.992170000000 0.992200000000 0.992210000000 0.992180000000 0.992080000000 0.992330000000 0.992230000000 0.992210000000 0.992200000000 0.992170000000 0.992220000000 0.992180000000 0.992260000000 0.992220000000 0.992220000000 0.992190000000 0.992170000000 0.992180000000 0.992210000000 0.992190000000 

N_obs: 160000

File Format:
1- most to least reliable channels (taken entropies)
2- most to least reliable channels (taken error probabilities)
3- channels entropies (flipped)
4- channels error probabilities (flipped)
5- number of MontCarlo simulations
