127 126 125 123 119 124 122 111 121 118 117 115 95 110 120 109 63 107 31 116 103 47 79 94 55 87 59 93 91 15 61 114 62 23 39 71 27 113 7 29 108 43 51 75 99 30 83 45 77 105 53 101 106 46 85 78 57 102 13 54 11 89 19 35 67 86 58 3 14 90 92 60 25 21 37 69 22 41 49 73 97 38 26 70 81 112 6 28 5 9 17 33 65 1 42 50 74 44 98 76 82 104 52 100 84 12 56 88 10 18 34 66 2 24 20 36 40 48 68 72 96 80 8 4 16 32 64 0 

127 126 125 123 119 124 122 111 121 118 117 115 110 95 120 109 116 107 114 94 63 103 113 108 93 106 91 105 87 62 79 102 112 61 101 92 99 59 55 90 47 31 89 53 86 19 51 25 45 104 69 83 14 3 46 50 15 49 70 5 81 6 35 76 33 58 85 28 75 100 37 66 78 11 98 84 65 7 36 12 44 17 88 72 96 57 71 67 80 52 18 30 56 64 24 1 8 97 0 13 40 16 20 32 48 4 10 2 68 82 9 34 77 26 21 74 41 73 42 22 23 29 38 39 43 60 54 27 

0.000000000000 0.000000000153 0.000000000649 0.000752560000 0.000000042379 0.001672400000 0.003662000000 0.128330000000 0.000017117000 0.009174600000 0.019257000000 0.246440000000 0.061473000000 0.380560000000 0.456150000000 0.851700000000 0.002196800000 0.079528000000 0.135730000000 0.515100000000 0.223340000000 0.608310000000 0.596870000000 0.921640000000 0.283470000000 0.648390000000 0.605640000000 0.925510000000 0.547590000000 0.906010000000 0.827610000000 0.992760000000 0.062694000000 0.305920000000 0.336490000000 0.727910000000 0.340060000000 0.712100000000 0.661240000000 0.948020000000 0.325940000000 0.687270000000 0.633220000000 0.937280000000 0.564760000000 0.916480000000 0.833450000000 0.993680000000 0.295050000000 0.638470000000 0.584150000000 0.912900000000 0.544350000000 0.904770000000 0.827390000000 0.992550000000 0.441340000000 0.832880000000 0.815370000000 0.992100000000 0.674690000000 0.970610000000 0.876800000000 0.999500000000 0.158630000000 0.399670000000 0.355880000000 0.746860000000 0.327570000000 0.692130000000 0.644980000000 0.942780000000 0.307020000000 0.657340000000 0.600580000000 0.922140000000 0.535570000000 0.897670000000 0.819460000000 0.991140000000 0.286090000000 0.624480000000 0.569990000000 0.905710000000 0.529420000000 0.894210000000 0.819430000000 0.991080000000 0.437740000000 0.828020000000 0.807430000000 0.990630000000 0.670470000000 0.969200000000 0.874790000000 0.999350000000 0.245310000000 0.553470000000 0.490140000000 0.863450000000 0.452350000000 0.829410000000 0.759640000000 0.977520000000 0.425950000000 0.815770000000 0.793150000000 0.988180000000 0.666050000000 0.967860000000 0.873050000000 0.999180000000 0.341600000000 0.702010000000 0.654630000000 0.941220000000 0.658360000000 0.965700000000 0.872580000000 0.999140000000 0.471680000000 0.861380000000 0.869920000000 0.999160000000 0.700940000000 0.974950000000 0.885790000000 0.999940000000 

0.000000000000 0.000000000054 0.000000000266 0.002024400000 0.000000024796 0.004604100000 0.010093000000 0.295010000000 0.000056363000 0.025695000000 0.052294000000 0.509840000000 0.164210000000 0.718890000000 0.845810000000 0.986980000000 0.007179600000 0.222880000000 0.364470000000 0.872950000000 0.611210000000 0.953810000000 0.974650000000 0.992070000000 0.833000000000 0.985500000000 0.988810000000 0.992160000000 0.990190000000 0.992170000000 0.992190000000 0.992180000000 0.248530000000 0.795970000000 0.898910000000 0.989450000000 0.957120000000 0.991540000000 0.991850000000 0.992180000000 0.978700000000 0.992030000000 0.992160000000 0.992170000000 0.992100000000 0.992200000000 0.992140000000 0.992180000000 0.985220000000 0.992170000000 0.992200000000 0.992150000000 0.992160000000 0.992210000000 0.992220000000 0.992180000000 0.992180000000 0.992130000000 0.992090000000 0.992190000000 0.992180000000 0.992170000000 0.992170000000 0.992190000000 0.818100000000 0.983980000000 0.988620000000 0.992280000000 0.990580000000 0.992160000000 0.992180000000 0.992190000000 0.991250000000 0.992290000000 0.992030000000 0.992190000000 0.992050000000 0.992120000000 0.992130000000 0.992190000000 0.991750000000 0.992110000000 0.992060000000 0.992180000000 0.992270000000 0.992220000000 0.992210000000 0.992190000000 0.992260000000 0.992250000000 0.992170000000 0.992180000000 0.992150000000 0.992200000000 0.992160000000 0.992190000000 0.991840000000 0.992190000000 0.992240000000 0.992160000000 0.992300000000 0.992200000000 0.992050000000 0.992190000000 0.992230000000 0.992230000000 0.992200000000 0.992190000000 0.992040000000 0.992190000000 0.992180000000 0.992190000000 0.992120000000 0.992110000000 0.992190000000 0.992180000000 0.992170000000 0.992190000000 0.992200000000 0.992190000000 0.992170000000 0.992150000000 0.992140000000 0.992190000000 0.992110000000 0.992190000000 0.992190000000 0.992190000000 

N_obs: 160000

File Format:
1- most to least reliable channels (taken entropies)
2- most to least reliable channels (taken error probabilities)
3- channels entropies (flipped)
4- channels error probabilities (flipped)
5- number of MontCarlo simulations
