127 126 125 124 123 122 121 120 119 118 117 116 115 114 113 111 110 109 108 107 106 105 103 102 101 99 95 94 93 92 91 90 89 87 86 85 83 79 78 77 75 71 63 62 61 60 59 58 57 55 54 53 51 47 46 45 43 31 39 112 30 100 27 88 104 98 84 29 97 74 81 76 82 69 56 70 23 73 52 50 42 41 44 49 67 38 37 15 28 35 26 96 25 80 72 22 68 21 48 66 40 19 65 14 36 13 34 24 33 11 20 18 7 64 17 12 10 32 9 3 6 5 16 1 8 2 4 0 

127 126 125 124 123 122 121 120 119 118 117 116 115 114 113 111 110 109 108 107 106 105 103 102 101 99 95 94 93 92 91 90 89 87 86 85 83 79 78 77 75 71 63 62 61 60 59 58 57 55 54 53 51 47 46 45 43 31 39 112 30 100 27 88 104 98 84 29 97 74 81 76 82 69 56 70 23 73 52 50 42 41 44 49 38 67 37 15 28 35 26 96 25 80 72 22 68 21 48 66 40 19 65 36 14 34 13 24 33 11 20 18 64 7 17 12 32 10 9 6 16 5 3 8 4 2 1 0 

0.000000000000 0.000000000000 0.000000000000 0.000000000000 0.000000000000 0.000000000000 0.000000000000 0.000000000000 0.000000000000 0.000000000000 0.000000000000 0.000000000000 0.000000000000 0.000000000000 0.000000000000 0.000000000000 0.000000000000 0.000000000000 0.000000000000 0.000000000000 0.000000000000 0.000000000000 0.000000000000 0.000000000000 0.000000000000 0.000000000000 0.000000000000 0.000000000000 0.000000000000 0.000000000000 0.000000000003 0.000129850000 0.000000000000 0.000000000000 0.000000000000 0.000000000000 0.000000000000 0.000000000000 0.000000000000 0.000000000000 0.000000000000 0.000000000000 0.000000000000 0.000000000001 0.000000000000 0.000000000038 0.000000000014 0.000249380000 0.000000000000 0.000000000000 0.000000000000 0.000000000031 0.000000000000 0.000000000003 0.000000007519 0.000556410000 0.000000000000 0.000000003612 0.000000001114 0.001168800000 0.000003376600 0.002817700000 0.006869600000 0.230490000000 0.000000000000 0.000000000000 0.000000000000 0.000000000000 0.000000000000 0.000000000000 0.000000000000 0.000000003449 0.000000000000 0.000000000000 0.000000000000 0.000000012967 0.000000000000 0.000000040185 0.000002069400 0.002548200000 0.000000000000 0.000000000000 0.000000000000 0.000001761400 0.000000000000 0.000000370500 0.000000596960 0.005323900000 0.000000000000 0.000005205500 0.000010331000 0.011847000000 0.000088694000 0.027103000000 0.059603000000 0.465990000000 0.000000000000 0.000000000000 0.000000000002 0.000051233000 0.000000000000 0.000095560000 0.000182620000 0.039506000000 0.000000005923 0.000566160000 0.001235500000 0.083149000000 0.005976900000 0.159280000000 0.257380000000 0.723520000000 0.000025670000 0.011417000000 0.023693000000 0.274270000000 0.070975000000 0.411950000000 0.483810000000 0.867510000000 0.177600000000 0.562230000000 0.566270000000 0.907390000000 0.531700000000 0.896600000000 0.822790000000 0.992000000000 

0.000000000000 0.000000000000 0.000000000000 0.000000000000 0.000000000000 0.000000000000 0.000000000000 0.000000000000 0.000000000000 0.000000000000 0.000000000000 0.000000000000 0.000000000000 0.000000000000 0.000000000000 0.000000000000 0.000000000000 0.000000000000 0.000000000000 0.000000000000 0.000000000000 0.000000000000 0.000000000000 0.000000000000 0.000000000000 0.000000000000 0.000000000000 0.000000000000 0.000000000000 0.000000000000 0.000000000001 0.000290010000 0.000000000000 0.000000000000 0.000000000000 0.000000000000 0.000000000000 0.000000000000 0.000000000000 0.000000000000 0.000000000000 0.000000000000 0.000000000000 0.000000000000 0.000000000000 0.000000000012 0.000000000004 0.000649890000 0.000000000000 0.000000000000 0.000000000000 0.000000000010 0.000000000000 0.000000000001 0.000000004218 0.001291700000 0.000000000000 0.000000001677 0.000000000406 0.002641400000 0.000015203000 0.006491200000 0.015616000000 0.433170000000 0.000000000000 0.000000000000 0.000000000000 0.000000000000 0.000000000000 0.000000000000 0.000000000000 0.000000001524 0.000000000000 0.000000000000 0.000000000000 0.000000006929 0.000000000000 0.000000024006 0.000007517400 0.006064800000 0.000000000000 0.000000000000 0.000000000000 0.000003235400 0.000000000000 0.000000325540 0.000000494440 0.012371000000 0.000000000000 0.000007693200 0.000021959000 0.027031000000 0.000221080000 0.060011000000 0.125580000000 0.736250000000 0.000000000000 0.000000000000 0.000000000000 0.000132330000 0.000000000000 0.000226160000 0.000527890000 0.089359000000 0.000000003121 0.001351400000 0.003099400000 0.180600000000 0.015125000000 0.327010000000 0.502740000000 0.939450000000 0.000072464000 0.029735000000 0.060675000000 0.536720000000 0.180350000000 0.736900000000 0.858100000000 0.987510000000 0.483290000000 0.923510000000 0.962740000000 0.991860000000 0.979390000000 0.992140000000 0.992140000000 0.992200000000 

N_obs: 160000

File Format:
1- most to least reliable channels (taken entropies)
2- most to least reliable channels (taken error probabilities)
3- channels entropies (flipped)
4- channels error probabilities (flipped)
5- number of MontCarlo simulations
