127 126 125 124 123 122 121 120 119 118 117 116 115 114 113 111 110 109 108 107 106 105 103 102 101 99 95 94 93 92 91 90 89 87 86 85 83 79 78 77 75 71 63 62 61 60 59 58 57 55 53 47 31 54 51 45 46 43 104 112 100 39 84 29 98 97 88 82 76 30 81 73 27 74 70 56 69 52 50 49 23 44 67 42 41 38 37 96 28 80 15 26 72 35 25 68 22 48 66 21 40 65 36 19 14 34 13 24 33 11 20 7 64 18 17 12 3 9 10 5 6 32 1 16 2 8 4 0 

127 126 125 124 123 122 121 120 119 118 117 116 115 114 113 111 110 109 108 107 106 105 103 102 101 99 95 94 93 92 91 90 89 87 86 85 83 79 78 77 75 71 63 62 61 60 59 58 57 55 53 47 31 54 51 45 46 43 104 112 100 39 84 29 98 97 88 82 76 30 81 73 27 56 70 74 69 50 52 49 23 44 67 42 41 38 37 96 28 80 26 15 72 35 25 68 22 48 66 21 40 65 36 19 14 34 24 13 33 20 11 64 18 7 17 12 32 10 9 6 16 5 3 8 0 2 1 4 

0.000000000000 0.000000000000 0.000000000000 0.000000000000 0.000000000000 0.000000000000 0.000000000000 0.000000000000 0.000000000000 0.000000000000 0.000000000000 0.000000000000 0.000000000000 0.000000000000 0.000000000000 0.000000000002 0.000000000000 0.000000000000 0.000000000000 0.000000000000 0.000000000000 0.000000000000 0.000000000000 0.000000000001 0.000000000000 0.000000000000 0.000000000000 0.000000000013 0.000000000000 0.000000000607 0.000000000683 0.000607170000 0.000000000000 0.000000000000 0.000000000000 0.000000000000 0.000000000000 0.000000000000 0.000000000000 0.000000000810 0.000000000000 0.000000000000 0.000000000000 0.000000000183 0.000000000000 0.000000001418 0.000000012808 0.001262700000 0.000000000000 0.000000000000 0.000000000000 0.000000010781 0.000000000000 0.000000664600 0.000000030515 0.002866000000 0.000000000000 0.000000912610 0.000001294300 0.006551400000 0.000024831000 0.015664000000 0.037538000000 0.417310000000 0.000000000000 0.000000000000 0.000000000000 0.000000000000 0.000000000000 0.000000000000 0.000000000000 0.000000914320 0.000000000000 0.000000000000 0.000000000000 0.000003472400 0.000000000000 0.000006115200 0.000012605000 0.012856000000 0.000000000000 0.000000000000 0.000000000000 0.000017857000 0.000000000000 0.000037889000 0.000077547000 0.028196000000 0.000000000016 0.000240340000 0.000515650000 0.061668000000 0.003052800000 0.126180000000 0.219510000000 0.698990000000 0.000000000000 0.000000011711 0.000000000488 0.001054100000 0.000000171250 0.002227500000 0.004769500000 0.152470000000 0.000015862000 0.011118000000 0.023153000000 0.280280000000 0.070531000000 0.420550000000 0.497530000000 0.878020000000 0.002099000000 0.085615000000 0.146670000000 0.550440000000 0.242830000000 0.646950000000 0.635090000000 0.937410000000 0.307230000000 0.688000000000 0.648990000000 0.944170000000 0.582340000000 0.927750000000 0.844460000000 0.995700000000 

0.000000000000 0.000000000000 0.000000000000 0.000000000000 0.000000000000 0.000000000000 0.000000000000 0.000000000000 0.000000000000 0.000000000000 0.000000000000 0.000000000000 0.000000000000 0.000000000000 0.000000000000 0.000000000000 0.000000000000 0.000000000000 0.000000000000 0.000000000000 0.000000000000 0.000000000000 0.000000000000 0.000000000000 0.000000000000 0.000000000000 0.000000000000 0.000000000004 0.000000000000 0.000000000258 0.000000000259 0.001394000000 0.000000000000 0.000000000000 0.000000000000 0.000000000000 0.000000000000 0.000000000000 0.000000000000 0.000000000360 0.000000000000 0.000000000000 0.000000000000 0.000000000060 0.000000000000 0.000000000593 0.000000007461 0.002953800000 0.000000000000 0.000000000000 0.000000000000 0.000000005548 0.000000000000 0.000001084600 0.000000015915 0.006678400000 0.000000000000 0.000000937340 0.000001356500 0.014942000000 0.000058746000 0.034557000000 0.079945000000 0.681560000000 0.000000000000 0.000000000000 0.000000000000 0.000000000000 0.000000000000 0.000000000000 0.000000000000 0.000000869970 0.000000000000 0.000000000000 0.000000000000 0.000014252000 0.000000000000 0.000012082000 0.000038418000 0.029955000000 0.000000000000 0.000000000000 0.000000000000 0.000055219000 0.000000000000 0.000089094000 0.000186360000 0.063288000000 0.000000000005 0.000661860000 0.001333500000 0.134000000000 0.007490100000 0.259330000000 0.428380000000 0.923660000000 0.000000000000 0.000000006707 0.000000000182 0.002522700000 0.000000133390 0.005858600000 0.011825000000 0.317370000000 0.000052425000 0.028292000000 0.056988000000 0.530710000000 0.172930000000 0.732170000000 0.855430000000 0.987540000000 0.006412700000 0.219080000000 0.360830000000 0.872890000000 0.608230000000 0.954350000000 0.975650000000 0.992070000000 0.830200000000 0.985500000000 0.989070000000 0.992220000000 0.990270000000 0.992200000000 0.992220000000 0.992180000000 

N_obs: 160000

File Format:
1- most to least reliable channels (taken entropies)
2- most to least reliable channels (taken error probabilities)
3- channels entropies (flipped)
4- channels error probabilities (flipped)
5- number of MontCarlo simulations
