127 125 126 123 119 124 122 111 121 118 117 95 63 115 110 31 109 47 120 79 55 103 107 59 87 15 91 61 93 94 62 23 39 71 27 7 116 29 51 43 30 75 99 45 83 114 113 77 53 46 101 78 57 13 85 11 105 54 19 35 67 89 108 102 3 58 14 86 106 90 60 25 92 21 37 49 22 69 41 26 38 73 70 97 81 6 28 5 9 17 33 65 1 50 42 44 74 76 112 98 52 82 12 100 56 84 104 88 10 18 34 66 2 24 20 48 36 40 68 72 96 80 8 4 16 32 64 0 

127 125 126 123 119 124 122 121 111 118 117 115 95 110 120 109 116 107 63 114 94 103 113 93 108 91 87 106 79 62 105 61 59 102 101 55 99 112 47 92 11 30 51 77 15 31 89 58 75 54 86 81 83 69 90 35 13 38 44 41 14 29 49 85 28 21 50 104 70 6 1 78 88 98 24 9 40 80 37 20 45 74 68 84 22 64 5 42 33 4 72 96 100 66 0 32 16 36 8 17 26 82 18 52 48 10 2 53 34 56 3 7 12 25 65 97 76 60 46 73 19 57 67 23 27 71 43 39 

0.000000000000 0.000003341900 0.000002665300 0.006423900000 0.000029994000 0.013983000000 0.029552000000 0.296620000000 0.000987620000 0.057762000000 0.104770000000 0.474510000000 0.195240000000 0.587880000000 0.593540000000 0.922000000000 0.025913000000 0.226030000000 0.292950000000 0.694330000000 0.333250000000 0.713060000000 0.667790000000 0.949910000000 0.332080000000 0.698770000000 0.648480000000 0.943480000000 0.576510000000 0.924140000000 0.840320000000 0.994950000000 0.136970000000 0.411790000000 0.390840000000 0.782520000000 0.368020000000 0.743890000000 0.688420000000 0.956950000000 0.342750000000 0.710370000000 0.658560000000 0.947310000000 0.583890000000 0.927840000000 0.841650000000 0.995070000000 0.304310000000 0.652650000000 0.600260000000 0.919660000000 0.563920000000 0.917980000000 0.837340000000 0.994340000000 0.448350000000 0.840190000000 0.827790000000 0.994110000000 0.680570000000 0.972090000000 0.878650000000 0.999630000000 0.174300000000 0.419000000000 0.368360000000 0.759840000000 0.335180000000 0.703800000000 0.655650000000 0.946340000000 0.313970000000 0.668060000000 0.611730000000 0.926960000000 0.543610000000 0.903050000000 0.823320000000 0.991870000000 0.294170000000 0.637180000000 0.582830000000 0.912060000000 0.545180000000 0.905670000000 0.828630000000 0.992870000000 0.443880000000 0.835040000000 0.819090000000 0.992640000000 0.675770000000 0.970850000000 0.876710000000 0.999490000000 0.248650000000 0.559870000000 0.495740000000 0.867170000000 0.457410000000 0.834990000000 0.763660000000 0.978680000000 0.433180000000 0.824270000000 0.806920000000 0.990790000000 0.672300000000 0.969780000000 0.875230000000 0.999360000000 0.344850000000 0.704090000000 0.657510000000 0.941980000000 0.665610000000 0.968160000000 0.874840000000 0.999340000000 0.473930000000 0.862510000000 0.872400000000 0.999350000000 0.702250000000 0.974980000000 0.886240000000 0.999960000000 

0.000000000000 0.000006596200 0.000002685900 0.018548000000 0.000090197000 0.039462000000 0.080270000000 0.601680000000 0.003084800000 0.158710000000 0.276170000000 0.823070000000 0.519500000000 0.932350000000 0.965360000000 0.991930000000 0.090766000000 0.587100000000 0.750380000000 0.976710000000 0.888670000000 0.988940000000 0.990490000000 0.992170000000 0.952840000000 0.991640000000 0.991690000000 0.992190000000 0.991900000000 0.992170000000 0.992220000000 0.992190000000 0.579440000000 0.946950000000 0.973860000000 0.992030000000 0.985070000000 0.992140000000 0.992100000000 0.992170000000 0.988910000000 0.992130000000 0.992160000000 0.992180000000 0.992130000000 0.992190000000 0.992130000000 0.992180000000 0.990430000000 0.992170000000 0.992080000000 0.992220000000 0.992110000000 0.992180000000 0.992240000000 0.992190000000 0.992310000000 0.992170000000 0.992140000000 0.992180000000 0.992270000000 0.992190000000 0.992220000000 0.992190000000 0.918080000000 0.990450000000 0.991370000000 0.992230000000 0.991500000000 0.992100000000 0.992260000000 0.992210000000 0.991800000000 0.992120000000 0.992200000000 0.992190000000 0.992070000000 0.992170000000 0.992160000000 0.992190000000 0.991950000000 0.992230000000 0.992180000000 0.992150000000 0.992330000000 0.992190000000 0.992160000000 0.992180000000 0.992330000000 0.992140000000 0.992180000000 0.992190000000 0.992140000000 0.992200000000 0.992190000000 0.992190000000 0.992100000000 0.992060000000 0.992160000000 0.992170000000 0.992300000000 0.992190000000 0.992210000000 0.992180000000 0.992270000000 0.992180000000 0.992170000000 0.992180000000 0.992250000000 0.992190000000 0.992190000000 0.992190000000 0.992080000000 0.992160000000 0.992140000000 0.992210000000 0.992050000000 0.992200000000 0.992180000000 0.992190000000 0.992210000000 0.992170000000 0.992190000000 0.992190000000 0.992210000000 0.992200000000 0.992170000000 0.992190000000 

N_obs: 160000

File Format:
1- most to least reliable channels (taken entropies)
2- most to least reliable channels (taken error probabilities)
3- channels entropies (flipped)
4- channels error probabilities (flipped)
5- number of MontCarlo simulations
