127 126 125 123 119 124 122 111 121 118 117 95 115 110 63 120 109 31 107 47 79 55 103 59 87 15 91 116 61 94 93 62 23 39 71 27 7 29 114 113 43 51 75 30 99 83 45 77 53 108 101 46 105 78 85 57 13 11 54 19 106 35 89 67 102 58 86 3 14 90 60 92 25 21 37 22 49 69 41 38 26 73 97 70 81 6 28 5 9 17 33 65 1 112 42 50 44 74 98 76 82 52 100 104 12 84 56 88 10 18 34 66 2 24 20 48 36 40 68 72 96 80 8 4 16 32 64 0 

127 126 125 123 119 124 122 111 121 118 117 115 110 95 120 109 116 107 114 63 94 103 113 108 93 91 106 87 105 79 62 102 61 112 101 99 59 47 92 31 55 90 89 22 85 71 9 49 78 77 33 25 38 3 57 60 104 75 6 69 54 50 12 23 19 100 41 20 53 35 2 67 72 26 46 73 18 56 83 68 36 8 4 52 32 16 40 0 96 48 42 64 5 10 80 34 17 98 70 66 97 74 88 84 24 81 39 82 28 14 7 13 15 1 44 51 21 11 76 43 65 58 30 37 86 29 27 45 

0.000000000000 0.000000018598 0.000000111870 0.002452000000 0.000003255200 0.005334700000 0.011559000000 0.204690000000 0.000154570000 0.025635000000 0.051183000000 0.360200000000 0.122700000000 0.494970000000 0.534810000000 0.894160000000 0.008980600000 0.146580000000 0.218560000000 0.618130000000 0.288790000000 0.671350000000 0.638070000000 0.938860000000 0.314100000000 0.678780000000 0.629800000000 0.936050000000 0.563670000000 0.916310000000 0.834880000000 0.994060000000 0.101260000000 0.366870000000 0.368590000000 0.760800000000 0.355910000000 0.729970000000 0.677290000000 0.953360000000 0.336560000000 0.700130000000 0.647360000000 0.942780000000 0.575270000000 0.922710000000 0.837850000000 0.994420000000 0.299640000000 0.646040000000 0.593710000000 0.916720000000 0.554530000000 0.911640000000 0.832570000000 0.993510000000 0.445360000000 0.836900000000 0.822010000000 0.993210000000 0.678040000000 0.971440000000 0.877850000000 0.999570000000 0.168410000000 0.411560000000 0.362470000000 0.754430000000 0.332030000000 0.698110000000 0.650720000000 0.944800000000 0.310840000000 0.663270000000 0.606350000000 0.924670000000 0.539880000000 0.900450000000 0.821360000000 0.991500000000 0.290520000000 0.630800000000 0.576930000000 0.908810000000 0.536750000000 0.899810000000 0.824040000000 0.992000000000 0.440570000000 0.831960000000 0.813470000000 0.991690000000 0.673200000000 0.970080000000 0.875830000000 0.999430000000 0.246350000000 0.556410000000 0.493930000000 0.865510000000 0.454940000000 0.832210000000 0.762110000000 0.978170000000 0.428890000000 0.820160000000 0.800110000000 0.989560000000 0.669160000000 0.968960000000 0.874230000000 0.999280000000 0.344100000000 0.703280000000 0.655920000000 0.941670000000 0.662250000000 0.967010000000 0.873770000000 0.999250000000 0.473380000000 0.862210000000 0.871230000000 0.999260000000 0.701230000000 0.974990000000 0.886030000000 0.999950000000 

0.000000000000 0.000000009242 0.000000076795 0.007147000000 0.000009135600 0.014881000000 0.031908000000 0.446480000000 0.000466850000 0.071313000000 0.135720000000 0.685460000000 0.328080000000 0.855300000000 0.927590000000 0.990910000000 0.030550000000 0.399870000000 0.576020000000 0.946240000000 0.783020000000 0.980820000000 0.986550000000 0.992150000000 0.912700000000 0.990430000000 0.991040000000 0.992170000000 0.991410000000 0.992200000000 0.992200000000 0.992190000000 0.416540000000 0.895540000000 0.950850000000 0.991560000000 0.976180000000 0.992050000000 0.992060000000 0.992200000000 0.985690000000 0.992290000000 0.992110000000 0.992200000000 0.992180000000 0.992210000000 0.992200000000 0.992190000000 0.988340000000 0.992130000000 0.992130000000 0.992240000000 0.992160000000 0.992200000000 0.992180000000 0.992180000000 0.992120000000 0.992200000000 0.992160000000 0.992180000000 0.992180000000 0.992200000000 0.992240000000 0.992190000000 0.879470000000 0.988580000000 0.990620000000 0.992150000000 0.991440000000 0.992250000000 0.992150000000 0.992180000000 0.992020000000 0.992160000000 0.992170000000 0.992190000000 0.992230000000 0.992170000000 0.992130000000 0.992190000000 0.991440000000 0.992180000000 0.992320000000 0.992230000000 0.992240000000 0.992190000000 0.992170000000 0.992190000000 0.992210000000 0.992150000000 0.992260000000 0.992180000000 0.992180000000 0.992190000000 0.992130000000 0.992190000000 0.991810000000 0.992260000000 0.992310000000 0.992210000000 0.992320000000 0.992180000000 0.992150000000 0.992200000000 0.992170000000 0.992090000000 0.992230000000 0.992170000000 0.992170000000 0.992180000000 0.992190000000 0.992190000000 0.992220000000 0.992210000000 0.992210000000 0.992170000000 0.992240000000 0.992190000000 0.992120000000 0.992190000000 0.992210000000 0.992160000000 0.992190000000 0.992190000000 0.992150000000 0.992180000000 0.992220000000 0.992190000000 

N_obs: 160000

File Format:
1- most to least reliable channels (taken entropies)
2- most to least reliable channels (taken error probabilities)
3- channels entropies (flipped)
4- channels error probabilities (flipped)
5- number of MontCarlo simulations
