127 126 125 124 123 122 121 119 118 117 115 111 110 109 107 103 95 63 94 93 91 87 116 114 120 113 108 106 102 105 101 79 62 61 92 90 99 89 59 86 85 112 55 83 104 78 100 60 77 98 58 88 47 97 75 57 84 54 31 82 71 53 81 76 51 46 15 45 39 43 23 74 56 27 29 30 96 73 7 67 70 52 69 11 35 19 13 49 50 14 37 21 41 3 80 25 38 44 22 42 26 28 65 5 9 6 17 33 72 1 66 68 10 12 34 18 48 36 20 40 24 2 64 4 8 16 32 0 

127 126 125 124 123 122 121 119 118 117 115 111 110 109 107 103 95 63 94 93 91 87 116 114 120 113 108 106 102 105 101 79 62 92 61 99 90 89 59 86 85 112 55 83 104 78 100 60 77 98 88 58 97 47 75 57 84 54 82 53 71 81 76 31 51 46 74 56 96 45 73 52 70 43 80 30 69 50 39 29 67 49 44 27 72 23 15 42 41 68 38 35 37 28 66 48 21 65 14 7 11 25 5 36 9 13 3 33 22 1 2 32 16 0 4 20 8 18 17 64 12 6 34 24 40 26 10 19 

0.000000000000 0.000000000000 0.000000000000 0.000000000000 0.000000000000 0.000000000000 0.000000000000 0.000000009834 0.000000000000 0.000000000000 0.000000000000 0.000000001434 0.000000000000 0.000000009677 0.000000320460 0.002055300000 0.000000000000 0.000000000000 0.000000000000 0.000000613690 0.000000000000 0.000001436600 0.000003559400 0.004549700000 0.000000000000 0.000002501000 0.000004962600 0.010091000000 0.000056480000 0.022334000000 0.050015000000 0.443010000000 0.000000000000 0.000000000000 0.000000000000 0.000032850000 0.000000000000 0.000053674000 0.000113280000 0.032200000000 0.000000000010 0.000323570000 0.000717620000 0.067136000000 0.003822000000 0.132170000000 0.221800000000 0.691770000000 0.000008433800 0.007513800000 0.015805000000 0.233010000000 0.051124000000 0.363090000000 0.446780000000 0.846220000000 0.146240000000 0.523640000000 0.542660000000 0.895220000000 0.516330000000 0.885730000000 0.814300000000 0.990300000000 0.000000000000 0.000014623000 0.000027002000 0.012566000000 0.000133260000 0.026259000000 0.052437000000 0.366830000000 0.002626200000 0.088104000000 0.146740000000 0.539520000000 0.235530000000 0.631080000000 0.623170000000 0.934120000000 0.034586000000 0.254640000000 0.314460000000 0.715200000000 0.346650000000 0.728210000000 0.681950000000 0.954680000000 0.341750000000 0.712380000000 0.662530000000 0.949230000000 0.587340000000 0.930070000000 0.844730000000 0.995630000000 0.130610000000 0.407200000000 0.391880000000 0.782540000000 0.371440000000 0.747590000000 0.691990000000 0.958210000000 0.347040000000 0.715590000000 0.664810000000 0.949980000000 0.588700000000 0.930690000000 0.843790000000 0.995400000000 0.305350000000 0.654940000000 0.603280000000 0.921260000000 0.568600000000 0.920540000000 0.839940000000 0.994800000000 0.450470000000 0.842420000000 0.831820000000 0.994770000000 0.682970000000 0.972670000000 0.879790000000 0.999690000000 

0.000000000000 0.000000000000 0.000000000000 0.000000000000 0.000000000000 0.000000000000 0.000000000000 0.000000004896 0.000000000000 0.000000000000 0.000000000000 0.000000000588 0.000000000000 0.000000004616 0.000000407740 0.004575300000 0.000000000000 0.000000000000 0.000000000000 0.000000643160 0.000000000000 0.000001691300 0.000007995400 0.010254000000 0.000000000000 0.000002595000 0.000009684400 0.022537000000 0.000136690000 0.048381000000 0.104260000000 0.704020000000 0.000000000000 0.000000000000 0.000000000000 0.000072634000 0.000000000000 0.000137040000 0.000287160000 0.071880000000 0.000000000003 0.000773590000 0.001855800000 0.145420000000 0.009463800000 0.272050000000 0.436240000000 0.920280000000 0.000012483000 0.019278000000 0.039927000000 0.464200000000 0.129510000000 0.669650000000 0.810540000000 0.984110000000 0.396910000000 0.890990000000 0.947240000000 0.991510000000 0.973060000000 0.992070000000 0.992090000000 0.992200000000 0.000000000000 0.000043149000 0.000085232000 0.036172000000 0.000483750000 0.073654000000 0.140070000000 0.694780000000 0.008546900000 0.236360000000 0.378540000000 0.879020000000 0.615170000000 0.955410000000 0.974800000000 0.992080000000 0.121000000000 0.642430000000 0.789530000000 0.981080000000 0.904510000000 0.989900000000 0.990810000000 0.992210000000 0.956860000000 0.991610000000 0.992030000000 0.992150000000 0.992000000000 0.992200000000 0.992170000000 0.992190000000 0.541460000000 0.936810000000 0.968780000000 0.992060000000 0.982850000000 0.992220000000 0.992140000000 0.992200000000 0.988070000000 0.992170000000 0.992090000000 0.992190000000 0.992320000000 0.992190000000 0.992190000000 0.992190000000 0.989570000000 0.992100000000 0.992150000000 0.992200000000 0.992130000000 0.992220000000 0.992150000000 0.992190000000 0.992130000000 0.992200000000 0.992150000000 0.992190000000 0.992160000000 0.992180000000 0.992180000000 0.992190000000 

N_obs: 160000

File Format:
1- most to least reliable channels (taken entropies)
2- most to least reliable channels (taken error probabilities)
3- channels entropies (flipped)
4- channels error probabilities (flipped)
5- number of MontCarlo simulations
