127 126 125 124 123 119 111 95 122 117 121 118 115 109 110 107 94 103 93 63 91 120 116 114 113 108 106 87 105 102 101 92 62 90 79 61 99 89 112 86 59 104 85 55 100 83 78 60 47 98 77 31 88 58 97 75 57 15 71 84 23 54 39 27 53 51 43 29 45 7 46 30 82 81 67 11 19 76 35 13 73 69 14 74 3 21 70 37 25 56 49 41 22 96 38 26 50 52 42 28 44 5 65 6 9 17 33 1 80 12 66 10 18 72 34 68 20 24 36 48 40 2 64 8 4 16 32 0 

127 126 125 124 123 119 111 95 122 121 117 118 115 109 110 107 94 103 93 63 91 120 116 114 113 108 106 87 105 102 101 92 62 90 79 99 61 89 112 86 59 104 85 100 83 55 78 98 60 88 77 97 58 84 47 57 75 82 54 71 31 81 53 76 96 51 46 56 74 45 73 43 70 39 30 52 80 69 29 67 27 23 15 50 49 14 26 44 7 42 38 25 72 13 41 65 9 68 17 10 37 18 24 16 1 64 36 12 4 32 48 8 34 28 40 0 33 2 20 6 66 21 22 5 11 35 3 19 

0.000000000000 0.000000000000 0.000000000000 0.000000000000 0.000000000000 0.000000000000 0.000000000000 0.000003092400 0.000000000000 0.000000000000 0.000000000000 0.000004813700 0.000000000000 0.000015562000 0.000030758000 0.019807000000 0.000000000000 0.000000000000 0.000000000000 0.000050675000 0.000000000000 0.000088283000 0.000205030000 0.042863000000 0.000000035315 0.000633420000 0.001323200000 0.093072000000 0.007193600000 0.180380000000 0.287000000000 0.757210000000 0.000000000000 0.000000023435 0.000000553420 0.002331200000 0.000001855300 0.005046900000 0.010685000000 0.212090000000 0.000119120000 0.022698000000 0.045388000000 0.363920000000 0.113900000000 0.503340000000 0.553960000000 0.903720000000 0.005533400000 0.128030000000 0.201760000000 0.618310000000 0.287990000000 0.688600000000 0.661170000000 0.946900000000 0.327790000000 0.705370000000 0.661350000000 0.949030000000 0.588640000000 0.931130000000 0.846160000000 0.995920000000 0.000001604400 0.002954000000 0.006274100000 0.131990000000 0.023045000000 0.225520000000 0.302110000000 0.720110000000 0.087122000000 0.377440000000 0.406980000000 0.799940000000 0.407170000000 0.792040000000 0.738960000000 0.972570000000 0.177300000000 0.482560000000 0.451330000000 0.833140000000 0.420560000000 0.802060000000 0.742270000000 0.972760000000 0.379390000000 0.759610000000 0.714090000000 0.967040000000 0.620370000000 0.947950000000 0.857200000000 0.997440000000 0.204980000000 0.488510000000 0.436330000000 0.822790000000 0.400990000000 0.779650000000 0.719460000000 0.966420000000 0.369540000000 0.746550000000 0.699530000000 0.962550000000 0.612940000000 0.944160000000 0.853570000000 0.996890000000 0.317330000000 0.672050000000 0.621730000000 0.929030000000 0.595360000000 0.936640000000 0.851480000000 0.996590000000 0.458750000000 0.850070000000 0.845440000000 0.996630000000 0.689150000000 0.973810000000 0.881770000000 0.999800000000 

0.000000000000 0.000000000000 0.000000000000 0.000000000000 0.000000000000 0.000000000000 0.000000000000 0.000005642000 0.000000000000 0.000000000000 0.000000000000 0.000010997000 0.000000000000 0.000029898000 0.000075907000 0.044422000000 0.000000000000 0.000000000000 0.000000000000 0.000112290000 0.000000000000 0.000209320000 0.000529950000 0.093361000000 0.000000025875 0.001595000000 0.003169100000 0.193150000000 0.017336000000 0.353430000000 0.537320000000 0.950550000000 0.000000000000 0.000000014500 0.000000654600 0.005898600000 0.000002677000 0.012532000000 0.026019000000 0.421400000000 0.000333230000 0.056780000000 0.109020000000 0.650410000000 0.275900000000 0.826090000000 0.910390000000 0.990270000000 0.016834000000 0.321760000000 0.487840000000 0.924430000000 0.717990000000 0.973080000000 0.983080000000 0.992150000000 0.882930000000 0.989040000000 0.990470000000 0.992170000000 0.991130000000 0.992190000000 0.992160000000 0.992180000000 0.000002600000 0.009857100000 0.021086000000 0.354220000000 0.076206000000 0.551810000000 0.717670000000 0.972620000000 0.298710000000 0.826540000000 0.911210000000 0.990130000000 0.957560000000 0.991830000000 0.991930000000 0.992190000000 0.675740000000 0.965330000000 0.980780000000 0.992110000000 0.987050000000 0.992130000000 0.992160000000 0.992190000000 0.989420000000 0.992130000000 0.992180000000 0.992180000000 0.992260000000 0.992190000000 0.992190000000 0.992190000000 0.895390000000 0.989440000000 0.990660000000 0.992190000000 0.991250000000 0.992100000000 0.992140000000 0.992180000000 0.991700000000 0.992200000000 0.992200000000 0.992190000000 0.992280000000 0.992180000000 0.992170000000 0.992180000000 0.991750000000 0.992070000000 0.992150000000 0.992180000000 0.992220000000 0.992180000000 0.992160000000 0.992190000000 0.992120000000 0.992190000000 0.992210000000 0.992180000000 0.992270000000 0.992190000000 0.992180000000 0.992190000000 

N_obs: 160000

File Format:
1- most to least reliable channels (taken entropies)
2- most to least reliable channels (taken error probabilities)
3- channels entropies (flipped)
4- channels error probabilities (flipped)
5- number of MontCarlo simulations
