127 126 123 125 119 111 124 122 121 118 117 115 95 110 109 120 107 116 114 94 63 103 93 113 108 91 31 106 87 79 47 55 59 61 62 15 105 23 39 102 71 27 99 101 7 29 92 43 75 51 83 30 45 77 89 85 53 90 112 46 78 57 86 54 11 13 19 35 67 58 14 3 60 25 21 104 97 37 69 22 41 73 49 81 38 70 26 98 100 28 6 5 9 17 33 65 42 74 1 50 82 44 76 88 84 52 56 12 10 18 34 66 2 24 20 96 36 68 40 72 48 80 8 4 16 32 64 0 

127 126 123 119 125 111 124 122 121 118 117 115 95 110 109 120 107 116 114 94 103 113 108 93 63 106 91 105 102 87 112 92 62 101 79 61 99 90 104 89 59 55 86 47 85 100 31 83 78 60 77 97 98 71 75 58 43 53 29 23 57 88 13 69 30 50 22 45 73 7 26 51 70 49 76 12 3 20 96 36 66 72 10 80 40 18 17 24 56 0 44 48 64 32 16 4 68 6 74 8 34 65 25 52 84 81 2 1 37 42 9 28 39 14 41 11 33 38 82 5 67 21 19 46 35 15 54 27 

0.000000000000 0.000000000000 0.000000000000 0.000005986800 0.000000000000 0.000007649000 0.000033636000 0.016822000000 0.000000000000 0.000088025000 0.000184040000 0.036030000000 0.001114600000 0.074830000000 0.139400000000 0.581610000000 0.000002254300 0.002831300000 0.005943400000 0.148840000000 0.022903000000 0.253370000000 0.345360000000 0.775310000000 0.091903000000 0.425630000000 0.469380000000 0.851200000000 0.465960000000 0.847300000000 0.784730000000 0.984010000000 0.002116300000 0.076364000000 0.129940000000 0.492310000000 0.212470000000 0.579870000000 0.566680000000 0.908010000000 0.268150000000 0.620630000000 0.575570000000 0.910780000000 0.522600000000 0.888120000000 0.812730000000 0.989740000000 0.270300000000 0.604380000000 0.550780000000 0.896130000000 0.506650000000 0.877800000000 0.805870000000 0.988230000000 0.427290000000 0.816550000000 0.788840000000 0.987070000000 0.662630000000 0.966710000000 0.872730000000 0.999190000000 0.087818000000 0.318420000000 0.316390000000 0.700570000000 0.306350000000 0.663400000000 0.618650000000 0.932960000000 0.291470000000 0.634040000000 0.577980000000 0.911700000000 0.519300000000 0.885980000000 0.810910000000 0.989430000000 0.272660000000 0.602880000000 0.545670000000 0.893620000000 0.502110000000 0.874040000000 0.802800000000 0.987630000000 0.425310000000 0.814630000000 0.786070000000 0.986360000000 0.660070000000 0.965730000000 0.871200000000 0.999040000000 0.238110000000 0.540890000000 0.479780000000 0.856010000000 0.440490000000 0.819900000000 0.752080000000 0.975470000000 0.411580000000 0.799520000000 0.768670000000 0.982860000000 0.654200000000 0.963550000000 0.868960000000 0.998790000000 0.336830000000 0.695470000000 0.648430000000 0.939030000000 0.644320000000 0.960420000000 0.868240000000 0.998720000000 0.469960000000 0.859500000000 0.864960000000 0.998740000000 0.698430000000 0.974790000000 0.884870000000 0.999920000000 

0.000000000000 0.000000000000 0.000000000000 0.000013980000 0.000000000000 0.000020093000 0.000097938000 0.041252000000 0.000000000000 0.000248250000 0.000497460000 0.086492000000 0.002882500000 0.171240000000 0.303730000000 0.862180000000 0.000012394000 0.007997700000 0.016217000000 0.333320000000 0.062240000000 0.526000000000 0.695150000000 0.971110000000 0.263600000000 0.809420000000 0.903150000000 0.989840000000 0.955080000000 0.991710000000 0.991680000000 0.992180000000 0.007646400000 0.231240000000 0.379430000000 0.878290000000 0.628430000000 0.957430000000 0.975980000000 0.992110000000 0.847550000000 0.986290000000 0.989340000000 0.992200000000 0.990550000000 0.992220000000 0.992200000000 0.992180000000 0.943560000000 0.991430000000 0.991600000000 0.992170000000 0.991930000000 0.992190000000 0.992160000000 0.992180000000 0.991730000000 0.992170000000 0.992140000000 0.992190000000 0.992230000000 0.992180000000 0.992200000000 0.992190000000 0.420450000000 0.895660000000 0.951090000000 0.991560000000 0.976710000000 0.992010000000 0.992090000000 0.992190000000 0.985860000000 0.992330000000 0.992030000000 0.992200000000 0.992160000000 0.992150000000 0.992170000000 0.992190000000 0.989100000000 0.992260000000 0.992160000000 0.992190000000 0.992030000000 0.992210000000 0.992220000000 0.992180000000 0.992210000000 0.992220000000 0.992210000000 0.992180000000 0.992270000000 0.992190000000 0.992220000000 0.992190000000 0.990110000000 0.992150000000 0.992060000000 0.992210000000 0.992360000000 0.992160000000 0.992200000000 0.992180000000 0.992070000000 0.992150000000 0.992240000000 0.992180000000 0.992260000000 0.992180000000 0.992180000000 0.992190000000 0.992300000000 0.992210000000 0.992120000000 0.992170000000 0.992220000000 0.992180000000 0.992210000000 0.992190000000 0.992160000000 0.992190000000 0.992230000000 0.992190000000 0.992170000000 0.992200000000 0.992200000000 0.992190000000 

N_obs: 160000

File Format:
1- most to least reliable channels (taken entropies)
2- most to least reliable channels (taken error probabilities)
3- channels entropies (flipped)
4- channels error probabilities (flipped)
5- number of MontCarlo simulations
