127 126 125 123 63 119 95 111 31 47 79 55 15 124 59 103 87 61 91 107 115 62 23 93 122 39 121 71 27 7 109 117 29 94 118 110 51 30 43 99 45 75 83 53 77 13 46 57 11 78 19 35 67 54 3 14 101 58 89 85 105 102 113 25 86 60 90 106 114 49 92 26 21 22 120 37 38 108 70 41 69 116 97 73 81 6 28 5 9 17 33 65 1 50 44 76 52 12 42 98 74 56 82 100 88 10 18 34 66 2 84 104 112 24 48 20 40 36 96 68 72 80 8 4 16 32 64 0 

127 126 125 123 124 119 122 111 121 95 118 63 117 115 110 109 103 120 94 107 47 11 19 45 46 79 44 14 75 6 77 113 67 39 99 97 105 60 69 102 30 28 52 50 3 86 98 1 88 59 93 84 89 2 76 26 78 10 66 62 100 65 33 18 64 32 37 0 16 8 48 80 17 104 20 68 21 40 9 36 4 38 55 96 72 92 112 82 116 106 70 42 24 114 73 101 34 12 81 83 53 49 43 85 41 5 56 74 22 90 57 35 108 31 91 87 54 23 13 25 71 27 58 51 15 29 7 61 

0.000508060000 0.037383000000 0.071018000000 0.357220000000 0.143540000000 0.461780000000 0.465980000000 0.851420000000 0.213500000000 0.526870000000 0.485410000000 0.858710000000 0.450890000000 0.831850000000 0.770600000000 0.980660000000 0.233820000000 0.536990000000 0.480590000000 0.854330000000 0.437550000000 0.817430000000 0.753530000000 0.975580000000 0.386280000000 0.767470000000 0.722540000000 0.969520000000 0.625130000000 0.950410000000 0.858990000000 0.997700000000 0.226440000000 0.521580000000 0.460430000000 0.842100000000 0.423210000000 0.802790000000 0.737340000000 0.971490000000 0.393650000000 0.777700000000 0.739320000000 0.975200000000 0.639030000000 0.957040000000 0.863520000000 0.998200000000 0.331150000000 0.688340000000 0.640690000000 0.936230000000 0.630180000000 0.953960000000 0.863120000000 0.998140000000 0.466130000000 0.856560000000 0.858660000000 0.998100000000 0.694710000000 0.974550000000 0.883530000000 0.999880000000 0.193210000000 0.452030000000 0.394280000000 0.786140000000 0.357950000000 0.730820000000 0.680330000000 0.954330000000 0.334720000000 0.696520000000 0.640040000000 0.938990000000 0.564090000000 0.916200000000 0.834140000000 0.994050000000 0.322810000000 0.676480000000 0.627640000000 0.931240000000 0.612380000000 0.945670000000 0.857670000000 0.997480000000 0.462920000000 0.854160000000 0.853390000000 0.997480000000 0.692010000000 0.974140000000 0.882360000000 0.999820000000 0.259360000000 0.577560000000 0.511930000000 0.877310000000 0.469850000000 0.846760000000 0.773260000000 0.982330000000 0.457260000000 0.849100000000 0.847480000000 0.996860000000 0.689910000000 0.973890000000 0.881540000000 0.999780000000 0.352400000000 0.712160000000 0.663200000000 0.942690000000 0.686050000000 0.973240000000 0.881350000000 0.999770000000 0.477690000000 0.865040000000 0.879870000000 0.999780000000 0.705810000000 0.974950000000 0.887610000000 0.999980000000 

0.002081800000 0.136800000000 0.248850000000 0.798960000000 0.507340000000 0.925360000000 0.962860000000 0.991890000000 0.804750000000 0.982600000000 0.987620000000 0.992190000000 0.990020000000 0.992200000000 0.992140000000 0.992190000000 0.944050000000 0.991500000000 0.991620000000 0.992230000000 0.992050000000 0.992200000000 0.992150000000 0.992190000000 0.991880000000 0.992150000000 0.992200000000 0.992180000000 0.992140000000 0.992170000000 0.992150000000 0.992190000000 0.978140000000 0.991910000000 0.992170000000 0.992190000000 0.992230000000 0.992220000000 0.992170000000 0.992170000000 0.992250000000 0.992170000000 0.992210000000 0.992170000000 0.992210000000 0.992190000000 0.992200000000 0.992190000000 0.992120000000 0.992180000000 0.992140000000 0.992170000000 0.992130000000 0.992210000000 0.992200000000 0.992190000000 0.992270000000 0.992200000000 0.992150000000 0.992190000000 0.992140000000 0.992180000000 0.992180000000 0.992190000000 0.987230000000 0.992180000000 0.992400000000 0.992150000000 0.992170000000 0.992320000000 0.992230000000 0.992210000000 0.992190000000 0.992250000000 0.992210000000 0.992170000000 0.992330000000 0.992170000000 0.992210000000 0.992190000000 0.992070000000 0.992110000000 0.992110000000 0.992130000000 0.992210000000 0.992200000000 0.992210000000 0.992190000000 0.992140000000 0.992190000000 0.992190000000 0.992190000000 0.992230000000 0.992200000000 0.992190000000 0.992190000000 0.992230000000 0.992160000000 0.992360000000 0.992160000000 0.992300000000 0.992180000000 0.992270000000 0.992200000000 0.992250000000 0.992210000000 0.992190000000 0.992190000000 0.992100000000 0.992190000000 0.992190000000 0.992190000000 0.992360000000 0.992130000000 0.992260000000 0.992200000000 0.992070000000 0.992180000000 0.992190000000 0.992190000000 0.992380000000 0.992140000000 0.992210000000 0.992190000000 0.992170000000 0.992170000000 0.992170000000 0.992190000000 

N_obs: 160000

File Format:
1- most to least reliable channels (taken entropies)
2- most to least reliable channels (taken error probabilities)
3- channels entropies (flipped)
4- channels error probabilities (flipped)
5- number of MontCarlo simulations
