127 126 125 124 123 122 121 119 118 117 111 95 115 109 110 107 103 63 94 93 91 120 116 114 113 87 108 106 105 102 101 62 92 79 61 90 99 89 59 86 112 85 104 55 83 100 78 60 98 77 88 58 47 97 57 75 31 84 54 71 53 82 15 51 23 39 27 43 46 45 81 29 76 7 30 74 67 56 73 11 19 35 13 69 96 70 14 21 3 37 49 52 25 41 22 50 38 26 42 44 28 80 65 5 9 6 17 33 1 66 72 12 10 68 18 34 20 36 48 24 40 2 64 8 4 16 32 0 

127 126 125 124 123 122 121 119 118 117 111 95 115 109 110 107 103 63 94 93 91 120 116 113 114 108 87 106 105 102 101 92 62 79 90 99 61 89 86 59 112 85 104 83 100 55 78 60 98 77 88 58 97 84 47 75 57 54 82 71 53 81 76 31 51 96 46 74 56 45 73 70 43 52 80 30 39 69 29 67 50 27 49 23 15 44 72 42 21 19 28 26 38 65 5 1 41 68 33 66 37 9 64 48 20 8 16 40 32 0 11 34 6 22 4 2 18 24 17 35 36 7 10 12 3 14 25 13 

0.000000000000 0.000000000000 0.000000000000 0.000000000000 0.000000000000 0.000000000000 0.000000000000 0.000000039105 0.000000000000 0.000000000000 0.000000000000 0.000000215950 0.000000000000 0.000001067000 0.000001997600 0.007061000000 0.000000000000 0.000000000000 0.000000000000 0.000003225600 0.000000000000 0.000010212000 0.000018842000 0.015277000000 0.000000000000 0.000056839000 0.000099022000 0.033764000000 0.000795870000 0.073039000000 0.140820000000 0.615270000000 0.000000000000 0.000000000006 0.000000000013 0.000322780000 0.000000000031 0.000648250000 0.001484900000 0.093000000000 0.000002479000 0.003568000000 0.007783200000 0.181730000000 0.029684000000 0.302950000000 0.404430000000 0.826230000000 0.000407390000 0.040562000000 0.076992000000 0.432940000000 0.162570000000 0.558170000000 0.579680000000 0.913790000000 0.256770000000 0.641370000000 0.614680000000 0.929580000000 0.558320000000 0.913110000000 0.833660000000 0.993890000000 0.000000000002 0.000287950000 0.000629290000 0.049493000000 0.002961500000 0.096471000000 0.160970000000 0.565050000000 0.023948000000 0.224500000000 0.295610000000 0.705400000000 0.345020000000 0.735150000000 0.695240000000 0.959870000000 0.104660000000 0.393900000000 0.404300000000 0.794720000000 0.393070000000 0.774700000000 0.718840000000 0.966140000000 0.364510000000 0.740230000000 0.692560000000 0.959810000000 0.606410000000 0.940800000000 0.852210000000 0.996750000000 0.179630000000 0.461250000000 0.418740000000 0.808210000000 0.387280000000 0.766360000000 0.708030000000 0.963030000000 0.359080000000 0.732240000000 0.683050000000 0.956730000000 0.602070000000 0.938260000000 0.849240000000 0.996240000000 0.313640000000 0.665080000000 0.613810000000 0.925740000000 0.583310000000 0.929560000000 0.846260000000 0.995830000000 0.455010000000 0.846680000000 0.839450000000 0.995840000000 0.686760000000 0.973320000000 0.880870000000 0.999750000000 

0.000000000000 0.000000000000 0.000000000000 0.000000000000 0.000000000000 0.000000000000 0.000000000000 0.000000020140 0.000000000000 0.000000000000 0.000000000000 0.000000151420 0.000000000000 0.000004544800 0.000003025700 0.015782000000 0.000000000000 0.000000000000 0.000000000000 0.000004865900 0.000000000000 0.000023387000 0.000051670000 0.034021000000 0.000000000000 0.000141650000 0.000233230000 0.073642000000 0.001935700000 0.152730000000 0.279560000000 0.865340000000 0.000000000000 0.000000000002 0.000000000004 0.000809130000 0.000000000009 0.001681000000 0.003600900000 0.199700000000 0.000007838000 0.008823700000 0.018803000000 0.364510000000 0.073097000000 0.565840000000 0.732410000000 0.977120000000 0.001133600000 0.105200000000 0.191950000000 0.752310000000 0.409310000000 0.893070000000 0.946310000000 0.991500000000 0.702730000000 0.971450000000 0.983350000000 0.992170000000 0.987610000000 0.992170000000 0.992170000000 0.992180000000 0.000000000000 0.000966870000 0.001993800000 0.140340000000 0.009682200000 0.257880000000 0.411450000000 0.895560000000 0.079028000000 0.556280000000 0.718630000000 0.972140000000 0.862740000000 0.987770000000 0.989490000000 0.992180000000 0.385590000000 0.878940000000 0.940110000000 0.991160000000 0.971520000000 0.992020000000 0.992170000000 0.992190000000 0.982290000000 0.992150000000 0.992180000000 0.992210000000 0.992200000000 0.992190000000 0.992170000000 0.992190000000 0.775090000000 0.979830000000 0.986860000000 0.992130000000 0.989390000000 0.992140000000 0.992260000000 0.992200000000 0.990430000000 0.992200000000 0.992090000000 0.992180000000 0.992120000000 0.992200000000 0.992200000000 0.992190000000 0.991120000000 0.992240000000 0.992330000000 0.992210000000 0.992190000000 0.992210000000 0.992180000000 0.992190000000 0.992210000000 0.992200000000 0.992170000000 0.992200000000 0.992220000000 0.992200000000 0.992170000000 0.992190000000 

N_obs: 160000

File Format:
1- most to least reliable channels (taken entropies)
2- most to least reliable channels (taken error probabilities)
3- channels entropies (flipped)
4- channels error probabilities (flipped)
5- number of MontCarlo simulations
