127 126 125 123 119 124 63 111 95 31 122 47 79 55 15 59 121 103 87 61 91 115 107 117 118 62 93 23 39 109 71 27 7 94 29 110 51 30 43 75 45 99 83 77 53 13 46 57 78 11 19 35 54 67 3 101 14 85 58 89 105 113 102 86 120 25 60 90 106 114 116 92 49 21 108 22 26 37 38 41 69 70 97 73 81 6 28 5 9 17 33 65 1 50 44 76 42 52 12 74 98 82 56 100 84 88 10 104 18 34 66 2 112 24 48 20 36 40 96 68 72 80 8 4 16 32 64 0 

127 126 125 123 119 124 122 111 121 118 95 117 115 63 110 120 109 107 103 94 116 31 71 53 91 93 87 61 79 78 46 86 114 89 113 57 83 59 27 3 26 7 75 99 41 28 35 49 101 106 81 82 76 84 30 55 70 39 42 23 73 44 13 34 10 2 74 67 72 40 96 52 36 4 80 8 0 64 88 68 16 48 32 18 104 5 20 19 108 12 85 77 22 9 66 112 100 24 37 97 17 60 69 98 92 21 105 38 45 56 33 50 1 102 51 62 90 25 65 15 29 6 14 43 54 11 58 47 

0.000007201400 0.006248500000 0.013392000000 0.181830000000 0.046249000000 0.295120000000 0.356240000000 0.766250000000 0.132260000000 0.437300000000 0.435300000000 0.822180000000 0.419530000000 0.802950000000 0.747830000000 0.975060000000 0.207990000000 0.507760000000 0.459230000000 0.839470000000 0.421210000000 0.802370000000 0.741210000000 0.972260000000 0.376850000000 0.755390000000 0.708360000000 0.964960000000 0.616930000000 0.945980000000 0.855680000000 0.997260000000 0.217450000000 0.504270000000 0.445940000000 0.830830000000 0.409700000000 0.788890000000 0.726330000000 0.968280000000 0.378980000000 0.758500000000 0.713870000000 0.967430000000 0.623250000000 0.949600000000 0.857750000000 0.997480000000 0.325130000000 0.679960000000 0.630560000000 0.932400000000 0.611160000000 0.944910000000 0.856770000000 0.997340000000 0.461990000000 0.852940000000 0.851200000000 0.997270000000 0.691390000000 0.974110000000 0.882360000000 0.999830000000 0.189420000000 0.444120000000 0.388290000000 0.780070000000 0.352280000000 0.724060000000 0.674700000000 0.952500000000 0.329440000000 0.688930000000 0.633220000000 0.936160000000 0.559800000000 0.913080000000 0.831130000000 0.993370000000 0.314480000000 0.666410000000 0.615620000000 0.926260000000 0.591460000000 0.934610000000 0.850040000000 0.996410000000 0.458350000000 0.849580000000 0.844590000000 0.996410000000 0.687420000000 0.973440000000 0.880850000000 0.999750000000 0.256070000000 0.571680000000 0.507330000000 0.874640000000 0.466420000000 0.843950000000 0.771280000000 0.981330000000 0.450990000000 0.842950000000 0.837140000000 0.995530000000 0.685240000000 0.973100000000 0.879950000000 0.999690000000 0.350530000000 0.709840000000 0.662120000000 0.943050000000 0.680640000000 0.972220000000 0.879650000000 0.999680000000 0.477920000000 0.864380000000 0.877880000000 0.999680000000 0.704860000000 0.974970000000 0.887300000000 0.999970000000 

0.000019677000 0.021969000000 0.046424000000 0.483230000000 0.157950000000 0.698990000000 0.835940000000 0.985450000000 0.482040000000 0.917690000000 0.959400000000 0.991780000000 0.978600000000 0.992080000000 0.992110000000 0.992200000000 0.831660000000 0.985400000000 0.989000000000 0.992190000000 0.990480000000 0.992170000000 0.992210000000 0.992190000000 0.991200000000 0.992220000000 0.992160000000 0.992200000000 0.992140000000 0.992210000000 0.992200000000 0.992190000000 0.956350000000 0.991750000000 0.992010000000 0.992210000000 0.992000000000 0.992230000000 0.992090000000 0.992190000000 0.992010000000 0.992070000000 0.992190000000 0.992170000000 0.992120000000 0.992170000000 0.992170000000 0.992190000000 0.992050000000 0.992050000000 0.992190000000 0.992170000000 0.992140000000 0.992180000000 0.992180000000 0.992180000000 0.991960000000 0.992170000000 0.992200000000 0.992190000000 0.992180000000 0.992200000000 0.992240000000 0.992190000000 0.981630000000 0.992220000000 0.992030000000 0.992200000000 0.992120000000 0.992310000000 0.992110000000 0.992220000000 0.992170000000 0.992300000000 0.992000000000 0.992190000000 0.992220000000 0.992220000000 0.992160000000 0.992190000000 0.992340000000 0.992060000000 0.992220000000 0.992180000000 0.992270000000 0.992170000000 0.992150000000 0.992190000000 0.992170000000 0.992220000000 0.992200000000 0.992190000000 0.992160000000 0.992180000000 0.992220000000 0.992190000000 0.991830000000 0.992170000000 0.992250000000 0.992150000000 0.992120000000 0.992130000000 0.992240000000 0.992200000000 0.992180000000 0.992200000000 0.992210000000 0.992190000000 0.992190000000 0.992190000000 0.992200000000 0.992190000000 0.992250000000 0.992260000000 0.992180000000 0.992190000000 0.992310000000 0.992180000000 0.992200000000 0.992190000000 0.992130000000 0.992250000000 0.992190000000 0.992190000000 0.992130000000 0.992180000000 0.992220000000 0.992190000000 

N_obs: 160000

File Format:
1- most to least reliable channels (taken entropies)
2- most to least reliable channels (taken error probabilities)
3- channels entropies (flipped)
4- channels error probabilities (flipped)
5- number of MontCarlo simulations
