127 125 126 123 119 124 111 122 121 118 117 115 95 110 109 120 107 63 116 94 103 31 114 47 93 79 55 87 91 59 15 61 113 62 108 23 39 71 27 7 29 106 43 99 51 75 105 30 83 45 77 101 53 102 85 46 78 57 89 54 13 11 19 35 67 86 92 58 90 14 3 60 25 21 112 37 69 22 41 49 97 73 38 26 81 70 28 6 5 9 17 33 65 1 42 98 104 50 74 44 76 82 100 52 84 56 88 12 10 18 34 66 2 24 20 36 40 48 68 96 72 80 8 4 16 32 64 0 

127 125 126 123 119 124 111 122 121 118 117 115 110 95 120 109 116 107 114 94 103 113 63 108 93 106 91 105 87 102 62 112 79 92 101 61 99 59 90 55 89 47 104 31 86 7 77 75 29 85 78 83 21 58 19 60 13 33 6 28 25 14 35 27 37 41 42 71 82 88 65 24 56 70 73 2 100 17 22 5 66 69 81 4 84 3 20 12 36 8 26 0 64 96 53 38 32 80 10 16 97 9 48 40 68 49 44 72 98 18 11 50 1 34 51 76 74 52 23 54 57 15 43 39 30 46 45 67 

0.000000000000 0.000000000005 0.000000000001 0.000189700000 0.000000000311 0.000408020000 0.000930680000 0.073180000000 0.000001647800 0.002592600000 0.005435000000 0.148740000000 0.022874000000 0.260350000000 0.356890000000 0.788840000000 0.000338320000 0.034642000000 0.066376000000 0.391620000000 0.142600000000 0.515380000000 0.539500000000 0.893860000000 0.234800000000 0.602260000000 0.575280000000 0.910840000000 0.527280000000 0.892350000000 0.817830000000 0.990940000000 0.029586000000 0.228880000000 0.285420000000 0.676810000000 0.316530000000 0.686060000000 0.640220000000 0.940400000000 0.314760000000 0.672270000000 0.617960000000 0.930610000000 0.553530000000 0.909240000000 0.828140000000 0.992710000000 0.289230000000 0.629600000000 0.575110000000 0.908380000000 0.533610000000 0.896860000000 0.821390000000 0.991380000000 0.437530000000 0.828540000000 0.808180000000 0.990840000000 0.671450000000 0.969660000000 0.875620000000 0.999420000000 0.142760000000 0.382230000000 0.346830000000 0.737190000000 0.321530000000 0.685260000000 0.638170000000 0.940370000000 0.302270000000 0.650770000000 0.595050000000 0.919270000000 0.531640000000 0.894750000000 0.817080000000 0.990660000000 0.282030000000 0.618580000000 0.562520000000 0.901870000000 0.519800000000 0.887780000000 0.814420000000 0.990070000000 0.433970000000 0.823930000000 0.800870000000 0.989380000000 0.667430000000 0.968230000000 0.873770000000 0.999260000000 0.242470000000 0.549660000000 0.486610000000 0.860870000000 0.448980000000 0.826700000000 0.757220000000 0.976900000000 0.420920000000 0.810410000000 0.785520000000 0.986600000000 0.662760000000 0.966620000000 0.871860000000 0.999070000000 0.340330000000 0.699770000000 0.652690000000 0.940670000000 0.654360000000 0.964180000000 0.871280000000 0.999020000000 0.471280000000 0.861060000000 0.868370000000 0.999040000000 0.699790000000 0.974930000000 0.885550000000 0.999930000000 

0.000000000000 0.000000000001 0.000000000000 0.000499170000 0.000000000111 0.001186000000 0.002451600000 0.175440000000 0.000004503600 0.007051000000 0.014521000000 0.329800000000 0.060865000000 0.531890000000 0.705570000000 0.973720000000 0.001168200000 0.098500000000 0.181280000000 0.737100000000 0.393130000000 0.884960000000 0.941780000000 0.991390000000 0.692010000000 0.969250000000 0.981940000000 0.992170000000 0.987010000000 0.992200000000 0.992190000000 0.992190000000 0.114620000000 0.634670000000 0.791560000000 0.981400000000 0.911410000000 0.990190000000 0.990920000000 0.992160000000 0.964180000000 0.991900000000 0.992070000000 0.992180000000 0.992110000000 0.992160000000 0.992180000000 0.992190000000 0.979540000000 0.992090000000 0.992010000000 0.992210000000 0.992010000000 0.992230000000 0.992170000000 0.992200000000 0.992160000000 0.992170000000 0.992180000000 0.992200000000 0.992400000000 0.992180000000 0.992170000000 0.992190000000 0.725720000000 0.973460000000 0.984330000000 0.992120000000 0.988980000000 0.992110000000 0.992250000000 0.992170000000 0.990620000000 0.992240000000 0.992190000000 0.992230000000 0.992210000000 0.992200000000 0.992200000000 0.992190000000 0.991300000000 0.992350000000 0.992390000000 0.992200000000 0.992270000000 0.992160000000 0.992160000000 0.992190000000 0.992290000000 0.992190000000 0.992150000000 0.992180000000 0.992150000000 0.992200000000 0.992140000000 0.992190000000 0.991590000000 0.992320000000 0.992030000000 0.992140000000 0.992150000000 0.992190000000 0.992140000000 0.992170000000 0.992240000000 0.992180000000 0.992110000000 0.992180000000 0.992110000000 0.992200000000 0.992180000000 0.992190000000 0.992270000000 0.992150000000 0.992120000000 0.992180000000 0.992200000000 0.992190000000 0.992190000000 0.992190000000 0.991960000000 0.992140000000 0.992180000000 0.992180000000 0.992180000000 0.992170000000 0.992200000000 0.992190000000 

N_obs: 160000

File Format:
1- most to least reliable channels (taken entropies)
2- most to least reliable channels (taken error probabilities)
3- channels entropies (flipped)
4- channels error probabilities (flipped)
5- number of MontCarlo simulations
