127 126 125 123 119 63 111 95 124 31 47 79 55 15 59 122 103 87 61 121 91 107 115 62 93 23 117 39 71 109 27 118 7 29 94 110 51 30 43 75 99 45 83 77 53 13 46 57 11 78 19 35 54 67 3 14 101 85 58 89 105 113 102 86 25 60 90 120 106 114 49 92 116 21 26 22 108 37 38 41 69 70 97 73 81 6 28 5 9 17 33 65 1 50 44 76 52 42 12 98 74 82 56 100 88 84 10 18 104 34 66 2 112 24 48 20 40 36 96 68 72 80 8 4 16 32 64 0 

127 126 125 123 124 119 122 111 121 118 95 117 63 115 110 120 109 107 103 94 91 13 116 54 39 29 71 7 59 51 27 58 67 75 6 19 14 90 70 86 25 1 37 28 60 106 104 38 102 87 12 50 9 78 30 3 33 101 2 81 5 34 52 66 18 105 36 41 48 100 44 4 80 112 0 97 69 24 68 72 10 64 82 114 8 16 32 89 40 20 96 93 84 21 26 108 98 15 56 22 88 74 65 17 85 35 92 73 42 99 53 76 46 45 11 43 23 49 83 57 79 47 113 77 61 31 55 62 

0.000038376000 0.012853000000 0.026314000000 0.239790000000 0.075291000000 0.358570000000 0.400440000000 0.802800000000 0.165770000000 0.476550000000 0.455850000000 0.838270000000 0.431950000000 0.815350000000 0.757060000000 0.977440000000 0.220200000000 0.520380000000 0.467850000000 0.845690000000 0.427600000000 0.808270000000 0.745690000000 0.973610000000 0.379890000000 0.760160000000 0.713740000000 0.966780000000 0.620060000000 0.947750000000 0.856970000000 0.997430000000 0.220820000000 0.510560000000 0.451290000000 0.835240000000 0.414650000000 0.793820000000 0.730540000000 0.969460000000 0.384140000000 0.765310000000 0.722910000000 0.970240000000 0.629160000000 0.952320000000 0.859800000000 0.997740000000 0.326880000000 0.683150000000 0.634910000000 0.933930000000 0.618130000000 0.948200000000 0.859110000000 0.997640000000 0.462660000000 0.854440000000 0.853980000000 0.997590000000 0.692360000000 0.974290000000 0.882870000000 0.999850000000 0.191250000000 0.447410000000 0.391490000000 0.782490000000 0.353310000000 0.726470000000 0.676400000000 0.953110000000 0.331410000000 0.691880000000 0.635700000000 0.937110000000 0.561290000000 0.914480000000 0.832150000000 0.993580000000 0.317630000000 0.670180000000 0.620440000000 0.928050000000 0.599340000000 0.938600000000 0.852800000000 0.996810000000 0.459640000000 0.851070000000 0.847800000000 0.996820000000 0.688760000000 0.973770000000 0.881410000000 0.999780000000 0.257330000000 0.573420000000 0.508530000000 0.875450000000 0.468090000000 0.844980000000 0.771940000000 0.981690000000 0.453310000000 0.845320000000 0.840900000000 0.996040000000 0.686820000000 0.973390000000 0.880520000000 0.999730000000 0.350590000000 0.710480000000 0.662190000000 0.943010000000 0.682680000000 0.972640000000 0.880260000000 0.999710000000 0.477150000000 0.864570000000 0.878630000000 0.999720000000 0.705290000000 0.974930000000 0.887390000000 0.999980000000 

0.000151660000 0.046760000000 0.091691000000 0.605800000000 0.260620000000 0.803910000000 0.898760000000 0.989650000000 0.612120000000 0.953580000000 0.975100000000 0.992050000000 0.984780000000 0.992190000000 0.992260000000 0.992190000000 0.886350000000 0.989020000000 0.990490000000 0.992200000000 0.991350000000 0.992160000000 0.992180000000 0.992160000000 0.991700000000 0.992160000000 0.992170000000 0.992180000000 0.992220000000 0.992200000000 0.992190000000 0.992190000000 0.965530000000 0.991910000000 0.992190000000 0.992210000000 0.991950000000 0.992150000000 0.992190000000 0.992200000000 0.992160000000 0.992150000000 0.992210000000 0.992190000000 0.992240000000 0.992190000000 0.992180000000 0.992190000000 0.992250000000 0.992170000000 0.992260000000 0.992220000000 0.992140000000 0.992200000000 0.992210000000 0.992190000000 0.992080000000 0.992150000000 0.992190000000 0.992190000000 0.992120000000 0.992180000000 0.992210000000 0.992190000000 0.984740000000 0.992430000000 0.992260000000 0.992160000000 0.992100000000 0.992110000000 0.992240000000 0.992200000000 0.992390000000 0.992060000000 0.992220000000 0.992180000000 0.992110000000 0.992160000000 0.992230000000 0.992180000000 0.992260000000 0.992220000000 0.992220000000 0.992190000000 0.992230000000 0.992210000000 0.992180000000 0.992190000000 0.992060000000 0.992160000000 0.992160000000 0.992180000000 0.992210000000 0.992180000000 0.992170000000 0.992190000000 0.992280000000 0.992170000000 0.992080000000 0.992160000000 0.992110000000 0.992200000000 0.992150000000 0.992190000000 0.992230000000 0.992200000000 0.992200000000 0.992190000000 0.992140000000 0.992180000000 0.992210000000 0.992190000000 0.992200000000 0.992150000000 0.992000000000 0.992160000000 0.992220000000 0.992190000000 0.992170000000 0.992190000000 0.992090000000 0.992140000000 0.992180000000 0.992190000000 0.992170000000 0.992180000000 0.992150000000 0.992190000000 

N_obs: 160000

File Format:
1- most to least reliable channels (taken entropies)
2- most to least reliable channels (taken error probabilities)
3- channels entropies (flipped)
4- channels error probabilities (flipped)
5- number of MontCarlo simulations
