127 126 125 124 123 122 121 119 118 117 115 111 110 109 107 103 95 94 93 91 87 79 63 62 120 61 114 59 108 116 105 113 106 101 102 99 90 92 55 89 86 85 83 78 47 77 75 60 112 58 104 57 100 54 98 53 88 97 71 84 31 82 51 46 81 76 45 74 56 73 43 52 70 30 96 50 39 69 29 49 44 80 27 67 42 23 15 72 41 38 7 28 37 35 68 11 19 25 26 13 21 48 14 22 66 65 3 40 33 5 9 17 6 36 34 1 10 18 12 24 20 64 2 32 4 8 16 0 

127 126 125 124 123 122 121 119 118 117 115 111 110 109 107 103 95 94 93 91 87 79 63 62 120 61 114 59 108 116 105 113 106 101 102 90 99 92 55 89 86 85 83 78 47 77 75 60 112 58 104 57 100 54 98 88 53 97 71 84 82 51 31 81 46 76 45 74 73 56 43 52 70 96 30 50 69 39 80 29 49 44 67 42 72 27 41 68 38 23 28 48 37 66 15 26 35 65 25 40 22 21 36 19 14 13 34 11 7 64 33 24 17 1 12 9 2 4 6 10 0 5 8 16 32 18 20 3 

0.000000000000 0.000000000000 0.000000000000 0.000000000000 0.000000000000 0.000000000000 0.000000000000 0.000000000000 0.000000000000 0.000000000000 0.000000000000 0.000000000000 0.000000000000 0.000000000000 0.000000000000 0.000017698000 0.000000000000 0.000000000000 0.000000000000 0.000000000000 0.000000000000 0.000000000000 0.000000000000 0.000032181000 0.000000000000 0.000000000000 0.000000000000 0.000084980000 0.000000000001 0.000159310000 0.000314380000 0.066166000000 0.000000000000 0.000000000000 0.000000000000 0.000000000002 0.000000000000 0.000000000001 0.000000000026 0.000253990000 0.000000000000 0.000000000077 0.000000000202 0.000549370000 0.000000024930 0.001240000000 0.002732000000 0.145630000000 0.000000000000 0.000000289480 0.000002480800 0.004110500000 0.000007817700 0.008786400000 0.019450000000 0.295620000000 0.000345080000 0.043686000000 0.085314000000 0.488450000000 0.188810000000 0.627200000000 0.646740000000 0.943910000000 0.000000000000 0.000000000000 0.000000000000 0.000010846000 0.000000000000 0.000024153000 0.000048000000 0.017805000000 0.000000000003 0.000112600000 0.000221710000 0.037679000000 0.001256300000 0.076676000000 0.139210000000 0.576480000000 0.000000640500 0.002552800000 0.005539400000 0.140740000000 0.020699000000 0.239860000000 0.331710000000 0.763430000000 0.081740000000 0.405870000000 0.456220000000 0.843210000000 0.460380000000 0.844070000000 0.783250000000 0.983600000000 0.001080000000 0.056838000000 0.101500000000 0.446430000000 0.183120000000 0.549400000000 0.548640000000 0.899040000000 0.254100000000 0.607380000000 0.568380000000 0.907160000000 0.519220000000 0.886220000000 0.811780000000 0.989510000000 0.267440000000 0.601970000000 0.549430000000 0.895670000000 0.507500000000 0.878420000000 0.807110000000 0.988520000000 0.428280000000 0.818180000000 0.792090000000 0.987880000000 0.665140000000 0.967700000000 0.873900000000 0.999290000000 

0.000000000000 0.000000000000 0.000000000000 0.000000000000 0.000000000000 0.000000000000 0.000000000000 0.000000000000 0.000000000000 0.000000000000 0.000000000000 0.000000000000 0.000000000000 0.000000000000 0.000000000000 0.000038080000 0.000000000000 0.000000000000 0.000000000000 0.000000000000 0.000000000000 0.000000000000 0.000000000000 0.000091063000 0.000000000000 0.000000000000 0.000000000000 0.000189510000 0.000000000000 0.000381070000 0.000682630000 0.138800000000 0.000000000000 0.000000000000 0.000000000000 0.000000000000 0.000000000000 0.000000000000 0.000000000008 0.000567640000 0.000000000000 0.000000000026 0.000000000065 0.001287300000 0.000000014097 0.002903700000 0.006239400000 0.284700000000 0.000000000000 0.000000214890 0.000004728800 0.009527300000 0.000019567000 0.020410000000 0.042996000000 0.523230000000 0.000913040000 0.099210000000 0.185090000000 0.767720000000 0.420240000000 0.908220000000 0.956460000000 0.991770000000 0.000000000000 0.000000000000 0.000000000000 0.000025745000 0.000000000000 0.000090117000 0.000142040000 0.044128000000 0.000000000001 0.000307500000 0.000618580000 0.090082000000 0.003444700000 0.176420000000 0.304950000000 0.858970000000 0.000000531660 0.007074900000 0.015192000000 0.318620000000 0.056426000000 0.503940000000 0.673300000000 0.967150000000 0.234680000000 0.784700000000 0.885990000000 0.988900000000 0.946730000000 0.991520000000 0.991780000000 0.992190000000 0.003840300000 0.171900000000 0.294020000000 0.828620000000 0.536280000000 0.934300000000 0.965600000000 0.991880000000 0.791930000000 0.981570000000 0.987090000000 0.992210000000 0.989370000000 0.992200000000 0.992150000000 0.992190000000 0.920980000000 0.990630000000 0.991360000000 0.992160000000 0.991650000000 0.992190000000 0.992170000000 0.992190000000 0.991730000000 0.992190000000 0.992190000000 0.992190000000 0.992220000000 0.992180000000 0.992160000000 0.992190000000 

N_obs: 160000

File Format:
1- most to least reliable channels (taken entropies)
2- most to least reliable channels (taken error probabilities)
3- channels entropies (flipped)
4- channels error probabilities (flipped)
5- number of MontCarlo simulations
