127 126 125 124 123 122 121 119 118 117 115 111 110 109 107 103 95 94 91 63 93 87 116 114 108 120 113 106 105 79 102 61 62 101 59 92 99 90 89 86 85 55 83 112 78 104 77 60 100 58 47 98 75 88 57 97 84 54 53 82 71 31 81 76 51 46 74 45 56 43 73 96 15 39 30 52 23 29 27 70 69 7 67 50 80 49 11 35 44 19 13 41 37 42 21 14 38 25 3 22 72 26 28 65 5 68 9 33 17 6 66 1 48 10 34 12 18 40 36 20 24 2 64 4 8 32 16 0 

127 126 125 124 123 122 121 119 118 117 115 111 110 109 107 103 95 94 91 63 93 87 116 114 108 120 113 106 105 79 102 61 62 101 59 99 92 90 89 86 85 55 83 112 78 104 77 100 60 58 98 47 75 88 57 97 84 54 82 53 71 81 76 31 51 46 74 56 45 96 73 52 70 43 80 30 50 69 39 29 49 44 67 72 27 42 23 41 68 15 38 28 48 37 66 35 65 26 25 7 11 21 22 13 33 40 5 10 9 19 16 24 1 8 2 64 32 0 4 36 3 12 34 6 17 14 18 20 

0.000000000000 0.000000000000 0.000000000000 0.000000000000 0.000000000000 0.000000000000 0.000000000000 0.000000000194 0.000000000000 0.000000000000 0.000000000000 0.000000000014 0.000000000000 0.000000000019 0.000000000390 0.000518330000 0.000000000000 0.000000000000 0.000000000000 0.000000000150 0.000000000000 0.000000001714 0.000000002288 0.001097300000 0.000000000000 0.000000005205 0.000000333600 0.002430100000 0.000002082100 0.005326100000 0.012466000000 0.274670000000 0.000000000000 0.000000000000 0.000000000000 0.000002066400 0.000000000000 0.000002496800 0.000005930300 0.008597700000 0.000000000000 0.000014532000 0.000040596000 0.018548000000 0.000213310000 0.039601000000 0.080506000000 0.501850000000 0.000000003709 0.000784160000 0.001553200000 0.089570000000 0.007116900000 0.166260000000 0.260320000000 0.717490000000 0.047881000000 0.344910000000 0.424950000000 0.827460000000 0.452190000000 0.841640000000 0.782750000000 0.983640000000 0.000000000000 0.000000081791 0.000000023802 0.002038200000 0.000000971010 0.004310300000 0.009128100000 0.184110000000 0.000081929000 0.019617000000 0.039186000000 0.322430000000 0.098814000000 0.455730000000 0.507530000000 0.880020000000 0.004547400000 0.109390000000 0.173640000000 0.565780000000 0.254640000000 0.639890000000 0.619070000000 0.931300000000 0.298590000000 0.666260000000 0.622680000000 0.933050000000 0.559930000000 0.913840000000 0.833530000000 0.993770000000 0.063249000000 0.308140000000 0.339090000000 0.732170000000 0.344730000000 0.717560000000 0.666810000000 0.949830000000 0.329920000000 0.693840000000 0.642050000000 0.940770000000 0.572320000000 0.920830000000 0.836670000000 0.994210000000 0.297910000000 0.642960000000 0.590220000000 0.915410000000 0.550570000000 0.909580000000 0.831680000000 0.993370000000 0.445800000000 0.836820000000 0.821990000000 0.993290000000 0.678820000000 0.971680000000 0.878340000000 0.999610000000 

0.000000000000 0.000000000000 0.000000000000 0.000000000000 0.000000000000 0.000000000000 0.000000000000 0.000000000066 0.000000000000 0.000000000000 0.000000000000 0.000000000004 0.000000000000 0.000000000006 0.000000000147 0.001237500000 0.000000000000 0.000000000000 0.000000000000 0.000000000049 0.000000000000 0.000000000758 0.000000000927 0.002536500000 0.000000000000 0.000000002262 0.000000371060 0.005404500000 0.000002525100 0.011886000000 0.027220000000 0.490310000000 0.000000000000 0.000000000000 0.000000000000 0.000002786500 0.000000000000 0.000008991800 0.000010524000 0.019950000000 0.000000000000 0.000032556000 0.000102880000 0.042032000000 0.000474160000 0.086897000000 0.168210000000 0.769980000000 0.000000001563 0.001993900000 0.003933800000 0.194980000000 0.017969000000 0.343430000000 0.515400000000 0.938780000000 0.127920000000 0.667390000000 0.812290000000 0.984080000000 0.915740000000 0.990460000000 0.991110000000 0.992180000000 0.000000000000 0.000000060750 0.000000015061 0.005883200000 0.000000896830 0.011766000000 0.024814000000 0.402440000000 0.000253470000 0.054685000000 0.104590000000 0.628810000000 0.263830000000 0.809590000000 0.900000000000 0.989770000000 0.015365000000 0.301680000000 0.459870000000 0.910380000000 0.690030000000 0.968140000000 0.980590000000 0.992150000000 0.864670000000 0.987720000000 0.989990000000 0.992190000000 0.990820000000 0.992210000000 0.992120000000 0.992190000000 0.247630000000 0.792900000000 0.896020000000 0.989320000000 0.955090000000 0.991700000000 0.991840000000 0.992180000000 0.977510000000 0.992080000000 0.992020000000 0.992230000000 0.992170000000 0.992220000000 0.992210000000 0.992180000000 0.984460000000 0.992220000000 0.992110000000 0.992200000000 0.992010000000 0.992160000000 0.992160000000 0.992180000000 0.991990000000 0.992210000000 0.992150000000 0.992190000000 0.992200000000 0.992180000000 0.992180000000 0.992190000000 

N_obs: 160000

File Format:
1- most to least reliable channels (taken entropies)
2- most to least reliable channels (taken error probabilities)
3- channels entropies (flipped)
4- channels error probabilities (flipped)
5- number of MontCarlo simulations
