127 126 125 123 119 111 124 122 121 118 117 115 95 110 109 107 120 116 94 114 103 63 93 113 108 91 106 105 87 31 79 62 47 55 61 59 102 15 92 101 23 99 71 39 27 112 7 29 90 75 43 83 89 51 77 30 45 85 53 86 78 46 57 54 11 58 13 19 35 67 104 60 14 3 25 97 21 69 37 100 22 73 41 81 49 70 38 98 26 28 6 5 74 42 9 17 33 65 82 88 50 1 76 44 84 52 56 12 10 18 34 66 24 2 96 20 68 36 72 40 80 48 8 4 16 32 64 0 

127 126 125 123 119 111 122 124 121 118 117 115 95 110 109 107 120 116 114 94 103 113 108 93 63 106 91 105 102 87 92 112 101 62 90 79 99 61 104 89 59 86 55 100 85 47 83 78 60 31 98 97 77 88 75 58 71 57 27 35 7 54 23 70 84 26 30 45 6 28 29 52 74 18 14 82 96 42 22 17 32 64 16 33 48 9 2 0 4 34 36 8 66 41 56 68 72 10 40 12 20 76 24 21 65 67 37 43 80 5 69 25 39 50 15 44 73 46 1 81 38 53 19 49 3 51 11 13 

0.000000000000 0.000000000000 0.000000000000 0.000000968800 0.000000000000 0.000001118600 0.000005225400 0.006628700000 0.000000000000 0.000009983800 0.000019749000 0.014090000000 0.000146340000 0.030779000000 0.063475000000 0.444940000000 0.000000000010 0.000529960000 0.000992620000 0.069996000000 0.004813600000 0.133720000000 0.217510000000 0.664950000000 0.034405000000 0.292820000000 0.374850000000 0.788340000000 0.415590000000 0.809460000000 0.757100000000 0.977290000000 0.000265630000 0.030269000000 0.057473000000 0.358040000000 0.129420000000 0.479390000000 0.503760000000 0.874300000000 0.219650000000 0.570470000000 0.541680000000 0.893050000000 0.499710000000 0.872090000000 0.800940000000 0.987240000000 0.252870000000 0.584410000000 0.533620000000 0.886720000000 0.491300000000 0.865720000000 0.796000000000 0.986060000000 0.419250000000 0.808050000000 0.776740000000 0.984410000000 0.656830000000 0.964540000000 0.870680000000 0.999000000000 0.052938000000 0.261660000000 0.287320000000 0.665560000000 0.292430000000 0.645240000000 0.603320000000 0.926760000000 0.284560000000 0.623620000000 0.567100000000 0.906360000000 0.511820000000 0.880450000000 0.806740000000 0.988590000000 0.267100000000 0.593420000000 0.537070000000 0.888540000000 0.492700000000 0.866310000000 0.796420000000 0.986190000000 0.420540000000 0.809140000000 0.777890000000 0.984520000000 0.655960000000 0.964150000000 0.869810000000 0.998910000000 0.234910000000 0.536310000000 0.475190000000 0.852870000000 0.437040000000 0.816040000000 0.748790000000 0.974630000000 0.405670000000 0.792330000000 0.759420000000 0.980500000000 0.649340000000 0.961530000000 0.867220000000 0.998600000000 0.335490000000 0.693590000000 0.645760000000 0.938010000000 0.638760000000 0.957970000000 0.866420000000 0.998530000000 0.468480000000 0.858680000000 0.862860000000 0.998550000000 0.697360000000 0.974770000000 0.884580000000 0.999910000000 

0.000000000000 0.000000000000 0.000000000000 0.000003831500 0.000000000000 0.000001669900 0.000016473000 0.016698000000 0.000000000000 0.000018991000 0.000065466000 0.034203000000 0.000340530000 0.072624000000 0.142730000000 0.733600000000 0.000000000003 0.001560300000 0.002635900000 0.164030000000 0.012940000000 0.297930000000 0.462150000000 0.921390000000 0.096590000000 0.610010000000 0.767060000000 0.979440000000 0.891740000000 0.989480000000 0.990540000000 0.992180000000 0.001021200000 0.091935000000 0.169770000000 0.723790000000 0.382030000000 0.877900000000 0.937920000000 0.991210000000 0.689570000000 0.968190000000 0.981490000000 0.992150000000 0.986900000000 0.992180000000 0.992230000000 0.992210000000 0.885970000000 0.989050000000 0.990760000000 0.992200000000 0.991260000000 0.992180000000 0.992220000000 0.992190000000 0.991550000000 0.992140000000 0.992220000000 0.992190000000 0.992200000000 0.992190000000 0.992200000000 0.992190000000 0.242840000000 0.790180000000 0.894420000000 0.989190000000 0.956670000000 0.991500000000 0.991920000000 0.992190000000 0.979360000000 0.992130000000 0.992230000000 0.992170000000 0.992310000000 0.992220000000 0.992240000000 0.992190000000 0.986340000000 0.992230000000 0.992170000000 0.992220000000 0.992210000000 0.992180000000 0.992190000000 0.992190000000 0.992220000000 0.992230000000 0.992210000000 0.992190000000 0.992100000000 0.992190000000 0.992190000000 0.992190000000 0.989300000000 0.992160000000 0.992170000000 0.992170000000 0.992050000000 0.992150000000 0.992220000000 0.992200000000 0.992130000000 0.992180000000 0.992200000000 0.992200000000 0.992230000000 0.992180000000 0.992180000000 0.992190000000 0.992220000000 0.992180000000 0.992360000000 0.992200000000 0.992330000000 0.992190000000 0.992190000000 0.992190000000 0.992120000000 0.992170000000 0.992210000000 0.992190000000 0.992240000000 0.992190000000 0.992230000000 0.992190000000 

N_obs: 160000

File Format:
1- most to least reliable channels (taken entropies)
2- most to least reliable channels (taken error probabilities)
3- channels entropies (flipped)
4- channels error probabilities (flipped)
5- number of MontCarlo simulations
