127 126 125 124 123 122 121 120 119 118 117 116 115 114 111 110 109 108 107 103 95 94 93 91 87 79 63 62 61 59 55 106 105 102 113 92 90 99 89 86 85 101 78 47 77 83 75 58 60 57 112 54 53 71 104 100 31 98 51 88 97 84 46 82 45 81 76 74 43 73 56 52 70 30 39 50 69 29 96 49 44 27 67 80 42 41 72 23 38 15 28 68 37 48 26 35 7 25 66 19 11 22 21 65 13 40 14 3 36 33 34 5 17 9 6 24 18 10 20 1 12 64 2 32 4 16 8 0 

127 126 125 124 123 122 121 120 119 118 117 116 115 114 111 110 109 108 107 103 95 94 93 91 87 79 63 62 61 59 55 106 105 102 113 92 90 99 86 89 85 101 78 47 77 83 75 58 60 57 112 54 53 104 71 100 31 98 51 88 97 84 46 82 45 81 76 74 43 73 56 70 52 30 39 69 50 29 96 49 44 80 67 42 27 72 41 38 23 68 28 37 48 66 26 15 35 25 40 65 22 36 21 19 14 34 24 13 33 64 11 7 20 18 17 9 32 3 8 16 4 12 0 2 10 6 5 1 

0.000000000000 0.000000000000 0.000000000000 0.000000000000 0.000000000000 0.000000000000 0.000000000000 0.000000000000 0.000000000000 0.000000000000 0.000000000000 0.000000000000 0.000000000000 0.000000000000 0.000000000000 0.000000839400 0.000000000000 0.000000000000 0.000000000000 0.000000000000 0.000000000000 0.000000000000 0.000000000000 0.000003225400 0.000000000000 0.000000000000 0.000000000001 0.000011458000 0.000000000000 0.000016054000 0.000039601000 0.026089000000 0.000000000000 0.000000000000 0.000000000000 0.000000000000 0.000000000000 0.000000000000 0.000000000000 0.000029266000 0.000000000000 0.000000000000 0.000000000000 0.000067304000 0.000000000122 0.000139280000 0.000301310000 0.058372000000 0.000000000000 0.000000000011 0.000000000057 0.000467620000 0.000000010939 0.001090100000 0.002269200000 0.130000000000 0.000002883400 0.007132900000 0.015251000000 0.260550000000 0.058115000000 0.416750000000 0.510970000000 0.890060000000 0.000000000000 0.000000000000 0.000000000000 0.000000125170 0.000000000000 0.000000120020 0.000000605690 0.003293000000 0.000000000000 0.000001605800 0.000001934100 0.007081200000 0.000024005000 0.014867000000 0.032151000000 0.341600000000 0.000000000016 0.000112090000 0.000239850000 0.034964000000 0.001123400000 0.069799000000 0.126680000000 0.550250000000 0.011691000000 0.186180000000 0.273500000000 0.708620000000 0.352570000000 0.762540000000 0.725420000000 0.968750000000 0.000011554000 0.009232700000 0.018651000000 0.226890000000 0.056226000000 0.347550000000 0.415400000000 0.818380000000 0.144830000000 0.488430000000 0.495440000000 0.865910000000 0.474420000000 0.852590000000 0.786570000000 0.984130000000 0.222090000000 0.554450000000 0.515590000000 0.876210000000 0.478540000000 0.855090000000 0.788320000000 0.984400000000 0.414620000000 0.802950000000 0.769770000000 0.982950000000 0.654770000000 0.963730000000 0.870290000000 0.998970000000 

0.000000000000 0.000000000000 0.000000000000 0.000000000000 0.000000000000 0.000000000000 0.000000000000 0.000000000000 0.000000000000 0.000000000000 0.000000000000 0.000000000000 0.000000000000 0.000000000000 0.000000000000 0.000000620250 0.000000000000 0.000000000000 0.000000000000 0.000000000000 0.000000000000 0.000000000000 0.000000000000 0.000003115400 0.000000000000 0.000000000000 0.000000000000 0.000036451000 0.000000000000 0.000041642000 0.000081783000 0.056944000000 0.000000000000 0.000000000000 0.000000000000 0.000000000000 0.000000000000 0.000000000000 0.000000000000 0.000064622000 0.000000000000 0.000000000000 0.000000000000 0.000146260000 0.000000000043 0.000297150000 0.000754400000 0.123190000000 0.000000000000 0.000000000003 0.000000000017 0.001108800000 0.000000006147 0.002491400000 0.005391500000 0.258220000000 0.000007291700 0.016604000000 0.034232000000 0.474820000000 0.132110000000 0.699150000000 0.841590000000 0.987430000000 0.000000000000 0.000000000000 0.000000000000 0.000000114750 0.000000000000 0.000000095271 0.000000509240 0.008204300000 0.000000000000 0.000002198300 0.000002212300 0.017313000000 0.000060410000 0.035642000000 0.074680000000 0.606510000000 0.000000000005 0.000293840000 0.000657320000 0.084566000000 0.003043700000 0.162170000000 0.282620000000 0.837720000000 0.032716000000 0.414990000000 0.588080000000 0.951080000000 0.784150000000 0.981610000000 0.987050000000 0.992170000000 0.000039609000 0.027719000000 0.054957000000 0.507540000000 0.163780000000 0.707610000000 0.834300000000 0.985600000000 0.446310000000 0.905820000000 0.952650000000 0.991600000000 0.974410000000 0.992050000000 0.992110000000 0.992180000000 0.765010000000 0.978770000000 0.986150000000 0.992180000000 0.989470000000 0.992210000000 0.992160000000 0.992180000000 0.990640000000 0.992220000000 0.992220000000 0.992180000000 0.992170000000 0.992200000000 0.992220000000 0.992190000000 

N_obs: 160000

File Format:
1- most to least reliable channels (taken entropies)
2- most to least reliable channels (taken error probabilities)
3- channels entropies (flipped)
4- channels error probabilities (flipped)
5- number of MontCarlo simulations
