127 126 125 123 119 111 121 122 124 95 117 118 115 109 110 107 103 120 94 116 93 114 63 113 91 108 106 105 87 102 92 101 62 90 61 79 112 99 89 59 104 86 31 55 47 85 15 83 100 71 23 78 39 60 27 75 77 29 43 7 51 57 58 45 53 98 30 54 46 88 97 11 67 19 13 35 14 3 84 81 69 21 25 73 37 82 70 22 41 49 38 26 74 76 42 28 50 5 6 9 17 65 33 44 56 52 1 96 12 10 66 18 34 80 68 24 20 72 2 36 40 48 8 4 16 64 32 0 

127 126 125 123 119 111 121 122 124 95 117 118 115 109 110 107 103 120 94 116 93 114 113 63 108 91 106 105 102 87 101 92 62 90 112 99 61 79 89 104 86 59 100 85 55 98 83 60 78 88 97 77 47 58 84 75 57 31 71 54 82 53 81 51 96 76 46 45 74 39 30 73 43 56 15 70 27 35 12 9 52 5 7 13 50 29 65 6 28 17 72 67 11 24 40 80 42 10 38 48 2 4 0 64 68 66 32 16 20 8 36 3 34 21 37 18 23 25 49 41 19 44 22 14 69 1 33 26 

0.000000000000 0.000000000000 0.000000000000 0.000000000000 0.000000000000 0.000000000000 0.000000000000 0.000136380000 0.000000000000 0.000000000042 0.000000000002 0.000270620000 0.000000003212 0.000615080000 0.001352400000 0.101100000000 0.000000000000 0.000000095791 0.000000045554 0.001922600000 0.000002438000 0.003988300000 0.008847300000 0.207370000000 0.000063393000 0.020607000000 0.042128000000 0.366470000000 0.113090000000 0.515110000000 0.569430000000 0.912810000000 0.000000000000 0.000165000000 0.000379880000 0.041443000000 0.001766000000 0.083204000000 0.145610000000 0.566690000000 0.016960000000 0.208880000000 0.291780000000 0.716090000000 0.357110000000 0.758260000000 0.716510000000 0.965640000000 0.092915000000 0.398450000000 0.424830000000 0.814500000000 0.420590000000 0.803810000000 0.745000000000 0.973450000000 0.384280000000 0.766810000000 0.723450000000 0.970130000000 0.627590000000 0.951570000000 0.860630000000 0.997910000000 0.001019600000 0.050691000000 0.090318000000 0.401440000000 0.164200000000 0.497010000000 0.495460000000 0.870090000000 0.227810000000 0.552820000000 0.510390000000 0.874720000000 0.469780000000 0.848100000000 0.782630000000 0.983430000000 0.241660000000 0.555020000000 0.499900000000 0.866980000000 0.456990000000 0.835810000000 0.770860000000 0.980150000000 0.401170000000 0.785800000000 0.746260000000 0.976560000000 0.639150000000 0.957010000000 0.863960000000 0.998270000000 0.223790000000 0.515420000000 0.456690000000 0.839160000000 0.419140000000 0.798250000000 0.734610000000 0.970730000000 0.386360000000 0.768190000000 0.726520000000 0.971330000000 0.630570000000 0.953040000000 0.860370000000 0.997800000000 0.326930000000 0.682690000000 0.633260000000 0.933840000000 0.616340000000 0.947590000000 0.859040000000 0.997640000000 0.463440000000 0.854550000000 0.854330000000 0.997680000000 0.693230000000 0.974350000000 0.883250000000 0.999860000000 

0.000000000000 0.000000000000 0.000000000000 0.000000000000 0.000000000000 0.000000000000 0.000000000000 0.000324940000 0.000000000000 0.000000000013 0.000000000001 0.000653410000 0.000000001463 0.001443900000 0.003197700000 0.211530000000 0.000000000000 0.000000067642 0.000000026363 0.004845900000 0.000005798100 0.009668500000 0.020803000000 0.398880000000 0.000140300000 0.049382000000 0.097097000000 0.636480000000 0.263720000000 0.821390000000 0.911220000000 0.990400000000 0.000000000000 0.000464920000 0.001132600000 0.105900000000 0.004887900000 0.200660000000 0.334740000000 0.866660000000 0.049787000000 0.476840000000 0.649290000000 0.962140000000 0.823070000000 0.984600000000 0.988420000000 0.992180000000 0.308010000000 0.838180000000 0.919930000000 0.990430000000 0.963820000000 0.991950000000 0.991990000000 0.992180000000 0.979910000000 0.992080000000 0.992230000000 0.992190000000 0.992180000000 0.992190000000 0.992170000000 0.992190000000 0.003989000000 0.175350000000 0.302900000000 0.833260000000 0.554960000000 0.938780000000 0.967720000000 0.992020000000 0.813610000000 0.983450000000 0.987880000000 0.992150000000 0.990040000000 0.992160000000 0.992210000000 0.992190000000 0.936620000000 0.991170000000 0.991690000000 0.992210000000 0.992000000000 0.992180000000 0.992210000000 0.992180000000 0.991950000000 0.992180000000 0.992200000000 0.992190000000 0.992100000000 0.992200000000 0.992260000000 0.992190000000 0.972080000000 0.991970000000 0.992160000000 0.992170000000 0.992080000000 0.992300000000 0.992200000000 0.992180000000 0.992200000000 0.992220000000 0.992200000000 0.992190000000 0.992210000000 0.992200000000 0.992180000000 0.992190000000 0.992050000000 0.992230000000 0.992150000000 0.992140000000 0.992180000000 0.992180000000 0.992150000000 0.992190000000 0.992150000000 0.992170000000 0.992150000000 0.992190000000 0.992190000000 0.992190000000 0.992230000000 0.992190000000 

N_obs: 160000

File Format:
1- most to least reliable channels (taken entropies)
2- most to least reliable channels (taken error probabilities)
3- channels entropies (flipped)
4- channels error probabilities (flipped)
5- number of MontCarlo simulations
