127 126 125 124 123 122 121 120 119 118 117 116 115 114 113 112 111 110 109 108 107 106 105 104 103 102 101 100 99 98 97 95 94 93 92 91 90 89 88 87 86 85 84 83 82 81 79 78 77 76 75 74 73 71 70 69 67 63 62 61 60 59 58 57 56 55 54 53 52 51 50 49 47 46 45 44 43 42 41 39 37 31 30 29 28 27 23 15 38 26 22 25 35 19 21 14 13 11 96 72 7 80 68 48 66 65 36 40 34 24 33 20 18 17 12 10 9 6 5 64 32 3 16 8 4 2 1 0 

127 126 125 124 123 122 121 120 119 118 117 116 115 114 113 112 111 110 109 108 107 106 105 104 103 102 101 100 99 98 97 95 94 93 92 91 90 89 88 87 86 85 84 83 82 81 79 78 77 76 75 74 73 71 70 69 67 63 62 61 60 59 58 57 56 55 54 53 52 51 50 49 47 46 45 44 43 42 41 39 37 31 30 29 28 27 23 15 38 26 22 25 35 19 21 14 13 11 96 72 7 80 68 48 66 65 36 40 34 33 24 20 18 17 12 10 9 6 5 64 32 3 16 8 4 2 1 0 

0.000000000000 0.000000000000 0.000000000000 0.000000000000 0.000000000000 0.000000000000 0.000000000000 0.000000000000 0.000000000000 0.000000000000 0.000000000000 0.000000000000 0.000000000000 0.000000000000 0.000000000000 0.000000000000 0.000000000000 0.000000000000 0.000000000000 0.000000000000 0.000000000000 0.000000000000 0.000000000000 0.000000000000 0.000000000000 0.000000000000 0.000000000000 0.000000000000 0.000000000000 0.000000000000 0.000000000000 0.000000000121 0.000000000000 0.000000000000 0.000000000000 0.000000000000 0.000000000000 0.000000000000 0.000000000000 0.000000000000 0.000000000000 0.000000000000 0.000000000000 0.000000000000 0.000000000000 0.000000000000 0.000000000000 0.000000015366 0.000000000000 0.000000000000 0.000000000000 0.000000000000 0.000000000000 0.000000000000 0.000000000000 0.000000002636 0.000000000000 0.000000000000 0.000000000000 0.000000016929 0.000000000000 0.000000065374 0.000000350800 0.004040600000 0.000000000000 0.000000000000 0.000000000000 0.000000000000 0.000000000000 0.000000000000 0.000000000000 0.000000000000 0.000000000000 0.000000000000 0.000000000000 0.000000000000 0.000000000000 0.000000000000 0.000000000000 0.000000020030 0.000000000000 0.000000000000 0.000000000000 0.000000000000 0.000000000000 0.000000000000 0.000000000000 0.000000713370 0.000000000000 0.000000000000 0.000000000000 0.000000501630 0.000000000000 0.000001894200 0.000004107000 0.009141200000 0.000000000000 0.000000000000 0.000000000000 0.000000000000 0.000000000000 0.000000000000 0.000000000000 0.000003690000 0.000000000000 0.000000000000 0.000000000000 0.000005331900 0.000000000000 0.000011809000 0.000027922000 0.021123000000 0.000000000000 0.000000000004 0.000000000008 0.000044695000 0.000000000010 0.000118570000 0.000231660000 0.051817000000 0.000000005082 0.001018100000 0.002151300000 0.122580000000 0.013953000000 0.244220000000 0.368470000000 0.820540000000 

0.000000000000 0.000000000000 0.000000000000 0.000000000000 0.000000000000 0.000000000000 0.000000000000 0.000000000000 0.000000000000 0.000000000000 0.000000000000 0.000000000000 0.000000000000 0.000000000000 0.000000000000 0.000000000000 0.000000000000 0.000000000000 0.000000000000 0.000000000000 0.000000000000 0.000000000000 0.000000000000 0.000000000000 0.000000000000 0.000000000000 0.000000000000 0.000000000000 0.000000000000 0.000000000000 0.000000000000 0.000000000039 0.000000000000 0.000000000000 0.000000000000 0.000000000000 0.000000000000 0.000000000000 0.000000000000 0.000000000000 0.000000000000 0.000000000000 0.000000000000 0.000000000000 0.000000000000 0.000000000000 0.000000000000 0.000000008539 0.000000000000 0.000000000000 0.000000000000 0.000000000000 0.000000000000 0.000000000000 0.000000000000 0.000000001046 0.000000000000 0.000000000000 0.000000000000 0.000000008909 0.000000000000 0.000000047203 0.000000297900 0.009618800000 0.000000000000 0.000000000000 0.000000000000 0.000000000000 0.000000000000 0.000000000000 0.000000000000 0.000000000000 0.000000000000 0.000000000000 0.000000000000 0.000000000000 0.000000000000 0.000000000000 0.000000000000 0.000000010950 0.000000000000 0.000000000000 0.000000000000 0.000000000000 0.000000000000 0.000000000000 0.000000000000 0.000000891370 0.000000000000 0.000000000000 0.000000000000 0.000000387950 0.000000000000 0.000003678400 0.000005620900 0.021621000000 0.000000000000 0.000000000000 0.000000000000 0.000000000000 0.000000000000 0.000000000000 0.000000000000 0.000010409000 0.000000000000 0.000000000000 0.000000000000 0.000014286000 0.000000000000 0.000023726000 0.000072675000 0.048130000000 0.000000000000 0.000000000001 0.000000000002 0.000113240000 0.000000000003 0.000323940000 0.000551930000 0.113300000000 0.000000002405 0.002482400000 0.005225200000 0.249240000000 0.032567000000 0.459630000000 0.663320000000 0.973620000000 

N_obs: 160000

File Format:
1- most to least reliable channels (taken entropies)
2- most to least reliable channels (taken error probabilities)
3- channels entropies (flipped)
4- channels error probabilities (flipped)
5- number of MontCarlo simulations
