127 126 125 123 63 119 95 111 31 47 79 55 15 59 103 61 87 124 91 107 62 115 23 39 93 71 27 7 109 121 117 122 29 94 118 110 51 30 43 99 45 75 53 77 83 13 46 57 11 78 19 35 67 54 3 14 101 58 89 85 105 102 25 113 86 60 90 106 49 114 92 26 21 22 38 37 108 70 97 41 69 73 6 81 116 120 28 5 9 17 33 65 1 50 44 76 52 12 42 98 56 74 82 100 88 10 18 34 66 2 104 84 112 24 48 20 40 36 96 68 72 80 8 4 16 32 64 0 

127 126 125 123 119 124 122 111 121 95 118 63 117 115 110 107 91 109 55 7 30 54 120 38 99 35 94 53 93 3 108 101 87 27 105 58 85 46 23 106 28 82 11 67 56 37 83 22 69 5 48 10 98 102 9 100 42 112 92 18 76 88 44 96 72 68 66 80 50 0 104 2 64 32 4 16 8 116 13 20 77 36 40 73 24 26 113 70 41 74 34 84 49 75 12 89 6 86 39 65 15 21 14 43 25 81 114 19 57 33 52 62 51 1 17 90 103 61 79 97 29 45 60 71 31 78 47 59 

0.001315900000 0.056455000000 0.099830000000 0.410460000000 0.174470000000 0.499460000000 0.488460000000 0.867040000000 0.227880000000 0.542490000000 0.494960000000 0.865510000000 0.458750000000 0.838370000000 0.775390000000 0.981800000000 0.236310000000 0.542680000000 0.484090000000 0.857230000000 0.441440000000 0.820870000000 0.756350000000 0.976320000000 0.388670000000 0.770120000000 0.725920000000 0.970590000000 0.627460000000 0.951520000000 0.859780000000 0.997790000000 0.228660000000 0.525510000000 0.464500000000 0.845390000000 0.428330000000 0.806980000000 0.740990000000 0.972430000000 0.399020000000 0.784000000000 0.747670000000 0.977450000000 0.643200000000 0.959130000000 0.865150000000 0.998400000000 0.333960000000 0.691130000000 0.643180000000 0.937190000000 0.635320000000 0.956410000000 0.864900000000 0.998350000000 0.466870000000 0.857660000000 0.860760000000 0.998320000000 0.695750000000 0.974680000000 0.883970000000 0.999890000000 0.194750000000 0.454300000000 0.397630000000 0.788100000000 0.358260000000 0.732390000000 0.681570000000 0.954740000000 0.335880000000 0.697760000000 0.642650000000 0.939630000000 0.565900000000 0.917310000000 0.835340000000 0.994360000000 0.325230000000 0.680690000000 0.631870000000 0.932680000000 0.618650000000 0.948780000000 0.859840000000 0.997760000000 0.463620000000 0.855170000000 0.855810000000 0.997760000000 0.693190000000 0.974300000000 0.882730000000 0.999840000000 0.260170000000 0.577980000000 0.511820000000 0.877890000000 0.469800000000 0.847400000000 0.773700000000 0.982670000000 0.459180000000 0.850680000000 0.850310000000 0.997220000000 0.691180000000 0.974040000000 0.882000000000 0.999810000000 0.353510000000 0.712830000000 0.663590000000 0.942730000000 0.687610000000 0.973540000000 0.881870000000 0.999800000000 0.479020000000 0.865090000000 0.880370000000 0.999800000000 0.706330000000 0.974920000000 0.887770000000 0.999980000000 

0.005576400000 0.206560000000 0.350570000000 0.864230000000 0.619560000000 0.955200000000 0.975290000000 0.992070000000 0.861950000000 0.987360000000 0.989830000000 0.992190000000 0.990720000000 0.992220000000 0.992190000000 0.992180000000 0.958580000000 0.991570000000 0.991940000000 0.992120000000 0.991780000000 0.992150000000 0.992140000000 0.992190000000 0.992230000000 0.992180000000 0.992130000000 0.992180000000 0.992080000000 0.992180000000 0.992240000000 0.992180000000 0.981680000000 0.992100000000 0.992110000000 0.992180000000 0.991840000000 0.992230000000 0.992200000000 0.992180000000 0.992130000000 0.992210000000 0.992150000000 0.992200000000 0.992170000000 0.992160000000 0.992220000000 0.992190000000 0.992240000000 0.992280000000 0.992190000000 0.992180000000 0.992200000000 0.992200000000 0.992190000000 0.992180000000 0.992260000000 0.992200000000 0.992170000000 0.992190000000 0.992170000000 0.992190000000 0.992210000000 0.992190000000 0.988060000000 0.992220000000 0.992240000000 0.992250000000 0.992530000000 0.992140000000 0.992220000000 0.992170000000 0.991980000000 0.992060000000 0.992100000000 0.992220000000 0.992220000000 0.992190000000 0.992200000000 0.992170000000 0.992320000000 0.992150000000 0.992250000000 0.992180000000 0.992210000000 0.992180000000 0.992200000000 0.992190000000 0.992210000000 0.992070000000 0.992170000000 0.992190000000 0.992090000000 0.992200000000 0.992220000000 0.992190000000 0.992260000000 0.992030000000 0.992250000000 0.992160000000 0.992140000000 0.992190000000 0.992210000000 0.992190000000 0.992150000000 0.992170000000 0.992210000000 0.992190000000 0.992220000000 0.992180000000 0.992230000000 0.992190000000 0.992210000000 0.992210000000 0.992190000000 0.992200000000 0.992170000000 0.992170000000 0.992180000000 0.992190000000 0.992000000000 0.992200000000 0.992170000000 0.992190000000 0.992110000000 0.992190000000 0.992230000000 0.992190000000 

N_obs: 160000

File Format:
1- most to least reliable channels (taken entropies)
2- most to least reliable channels (taken error probabilities)
3- channels entropies (flipped)
4- channels error probabilities (flipped)
5- number of MontCarlo simulations
