127 126 125 124 123 122 121 120 119 118 117 116 115 114 113 111 110 109 108 107 106 105 103 102 101 99 95 94 93 92 91 90 89 87 86 85 79 78 77 63 62 61 59 55 47 83 75 31 58 60 54 71 57 53 51 45 112 46 43 104 100 88 84 98 97 81 82 39 76 74 30 73 29 56 70 52 69 50 27 49 44 67 42 41 23 96 38 80 37 72 28 26 68 15 35 48 25 66 22 40 65 21 36 19 14 13 34 7 11 24 33 20 3 64 17 18 5 9 12 6 10 32 1 16 2 4 8 0 

127 126 125 124 123 122 121 120 119 118 117 116 115 114 113 111 110 109 108 107 106 105 103 102 101 99 95 94 93 92 91 90 89 87 86 85 79 78 77 63 62 61 59 55 47 83 75 31 58 60 54 71 57 53 51 45 112 46 43 104 100 88 84 98 82 97 39 81 76 74 73 30 29 70 56 52 69 50 27 49 44 67 42 41 96 23 38 80 37 72 28 26 68 35 15 48 25 66 22 40 65 21 36 19 14 34 24 13 33 20 64 11 18 7 17 12 32 10 9 6 5 3 16 1 2 0 8 4 

0.000000000000 0.000000000000 0.000000000000 0.000000000000 0.000000000000 0.000000000000 0.000000000000 0.000000000000 0.000000000000 0.000000000000 0.000000000000 0.000000000000 0.000000000000 0.000000000000 0.000000000000 0.000000000089 0.000000000000 0.000000000000 0.000000000000 0.000000000000 0.000000000000 0.000000000000 0.000000000000 0.000000001515 0.000000000000 0.000000000000 0.000000000000 0.000000001771 0.000000000000 0.000000236050 0.000000746500 0.002564100000 0.000000000000 0.000000000000 0.000000000000 0.000000000000 0.000000000000 0.000000000000 0.000000000000 0.000000038595 0.000000000000 0.000000000000 0.000000000000 0.000000199810 0.000000000000 0.000001330400 0.000000888410 0.005454100000 0.000000000000 0.000000000000 0.000000000000 0.000003942300 0.000000000000 0.000004480800 0.000010859000 0.012226000000 0.000000000000 0.000037038000 0.000080658000 0.029214000000 0.000593270000 0.067132000000 0.135810000000 0.622660000000 0.000000000000 0.000000000000 0.000000000000 0.000000000000 0.000000000000 0.000000000000 0.000000000000 0.000034516000 0.000000000000 0.000000000000 0.000000000000 0.000052807000 0.000000000001 0.000129770000 0.000284880000 0.050392000000 0.000000000000 0.000000000159 0.000000000011 0.000426770000 0.000000001171 0.000842080000 0.001846200000 0.107590000000 0.000001999900 0.005014800000 0.010676000000 0.212320000000 0.039925000000 0.348830000000 0.448880000000 0.855930000000 0.000000000000 0.000008486500 0.000022060000 0.012234000000 0.000135890000 0.025150000000 0.050863000000 0.385110000000 0.002192600000 0.086886000000 0.148660000000 0.562630000000 0.245830000000 0.662280000000 0.655220000000 0.945750000000 0.032805000000 0.265580000000 0.337100000000 0.745680000000 0.376210000000 0.765220000000 0.715930000000 0.965200000000 0.366600000000 0.746460000000 0.702710000000 0.963650000000 0.616060000000 0.946190000000 0.857230000000 0.997500000000 

0.000000000000 0.000000000000 0.000000000000 0.000000000000 0.000000000000 0.000000000000 0.000000000000 0.000000000000 0.000000000000 0.000000000000 0.000000000000 0.000000000000 0.000000000000 0.000000000000 0.000000000000 0.000000000028 0.000000000000 0.000000000000 0.000000000000 0.000000000000 0.000000000000 0.000000000000 0.000000000000 0.000000000603 0.000000000000 0.000000000000 0.000000000000 0.000000000678 0.000000000000 0.000000274730 0.000004703500 0.005731300000 0.000000000000 0.000000000000 0.000000000000 0.000000000000 0.000000000000 0.000000000000 0.000000000000 0.000000024423 0.000000000000 0.000000000000 0.000000000000 0.000000140450 0.000000000000 0.000002765200 0.000005582900 0.012579000000 0.000000000000 0.000000000000 0.000000000000 0.000005857200 0.000000000000 0.000009526400 0.000024119000 0.027416000000 0.000000000000 0.000073513000 0.000204940000 0.063870000000 0.001393400000 0.140290000000 0.268880000000 0.870830000000 0.000000000000 0.000000000000 0.000000000000 0.000000000000 0.000000000000 0.000000000000 0.000000000000 0.000089501000 0.000000000000 0.000000000000 0.000000000000 0.000140940000 0.000000000000 0.000348630000 0.000689560000 0.111710000000 0.000000000000 0.000000000060 0.000000000003 0.001074900000 0.000000000490 0.002055800000 0.004536000000 0.224940000000 0.000005574500 0.012153000000 0.025359000000 0.411040000000 0.094754000000 0.624620000000 0.783250000000 0.982790000000 0.000000000000 0.000026767000 0.000070811000 0.031287000000 0.000360980000 0.063032000000 0.122090000000 0.678120000000 0.006322700000 0.212090000000 0.346940000000 0.867210000000 0.585790000000 0.950800000000 0.973240000000 0.992030000000 0.104480000000 0.617480000000 0.773980000000 0.979780000000 0.899510000000 0.989800000000 0.990790000000 0.992190000000 0.955950000000 0.991650000000 0.991800000000 0.992210000000 0.991990000000 0.992170000000 0.992170000000 0.992180000000 

N_obs: 160000

File Format:
1- most to least reliable channels (taken entropies)
2- most to least reliable channels (taken error probabilities)
3- channels entropies (flipped)
4- channels error probabilities (flipped)
5- number of MontCarlo simulations
