127 126 125 123 119 124 122 111 121 118 63 95 117 31 47 79 115 55 59 15 103 87 110 61 107 91 109 93 62 23 39 71 27 94 7 120 29 51 43 30 75 99 45 83 77 53 46 13 116 57 78 11 113 101 54 19 85 35 67 3 89 105 114 14 58 102 86 106 90 25 60 108 92 21 49 37 22 41 69 26 38 73 70 97 81 6 28 5 9 17 33 65 1 50 42 44 76 74 52 98 82 12 56 112 100 84 88 104 10 18 34 66 2 24 48 20 36 40 68 72 80 96 8 4 16 32 64 0 

127 126 125 123 119 124 122 121 111 118 117 95 115 120 110 109 63 116 107 103 94 114 113 93 91 108 87 79 62 59 55 106 47 61 29 15 86 19 11 89 105 101 22 3 102 23 50 43 33 60 76 97 51 90 38 25 12 28 104 92 34 5 83 98 9 26 37 54 49 2 68 16 20 17 4 32 10 64 88 112 0 8 66 85 80 65 56 24 18 31 40 36 70 72 96 53 84 48 74 44 81 1 100 6 73 57 41 30 58 52 69 46 35 77 14 82 7 39 45 21 42 99 67 78 75 71 13 27 

0.000000000000 0.000097452000 0.000189140000 0.029306000000 0.001035600000 0.061267000000 0.112530000000 0.494200000000 0.013325000000 0.175740000000 0.251500000000 0.660320000000 0.316060000000 0.707000000000 0.673450000000 0.953020000000 0.093157000000 0.373110000000 0.389120000000 0.781480000000 0.381280000000 0.760980000000 0.705820000000 0.962300000000 0.353990000000 0.726410000000 0.676220000000 0.953950000000 0.595200000000 0.934700000000 0.847860000000 0.996150000000 0.184440000000 0.462560000000 0.417220000000 0.806840000000 0.384790000000 0.763160000000 0.704900000000 0.962090000000 0.355950000000 0.729050000000 0.678880000000 0.955110000000 0.599370000000 0.936520000000 0.848040000000 0.996080000000 0.313220000000 0.663870000000 0.612110000000 0.925220000000 0.581640000000 0.928530000000 0.845300000000 0.995640000000 0.454530000000 0.845600000000 0.837300000000 0.995480000000 0.684690000000 0.972970000000 0.880130000000 0.999720000000 0.181550000000 0.430070000000 0.376620000000 0.768510000000 0.341660000000 0.711930000000 0.663070000000 0.948910000000 0.320050000000 0.676590000000 0.620570000000 0.930680000000 0.550000000000 0.907160000000 0.826250000000 0.992410000000 0.301480000000 0.648070000000 0.595290000000 0.917360000000 0.562300000000 0.916340000000 0.836800000000 0.994300000000 0.449210000000 0.840980000000 0.829110000000 0.994230000000 0.679840000000 0.972010000000 0.878320000000 0.999600000000 0.251930000000 0.564340000000 0.500300000000 0.870200000000 0.461290000000 0.838530000000 0.766570000000 0.979560000000 0.439730000000 0.831900000000 0.818670000000 0.992770000000 0.677250000000 0.971240000000 0.877110000000 0.999500000000 0.347570000000 0.707260000000 0.659060000000 0.942600000000 0.671410000000 0.969890000000 0.876660000000 0.999480000000 0.475530000000 0.863360000000 0.874530000000 0.999490000000 0.703050000000 0.975010000000 0.886600000000 0.999960000000 

0.000000000000 0.000312110000 0.000641110000 0.086429000000 0.003535500000 0.170930000000 0.298740000000 0.844950000000 0.044160000000 0.458100000000 0.633070000000 0.958660000000 0.818870000000 0.984260000000 0.988320000000 0.992190000000 0.346670000000 0.859900000000 0.932430000000 0.990880000000 0.969010000000 0.991960000000 0.992100000000 0.992170000000 0.982090000000 0.992120000000 0.992100000000 0.992200000000 0.992250000000 0.992170000000 0.992150000000 0.992190000000 0.809320000000 0.983030000000 0.988400000000 0.992170000000 0.990420000000 0.992170000000 0.992100000000 0.992190000000 0.991090000000 0.992070000000 0.992190000000 0.992200000000 0.992170000000 0.992230000000 0.992200000000 0.992190000000 0.991260000000 0.992260000000 0.992220000000 0.992150000000 0.992280000000 0.992200000000 0.992210000000 0.992190000000 0.992290000000 0.992190000000 0.992210000000 0.992180000000 0.992250000000 0.992190000000 0.992190000000 0.992190000000 0.956850000000 0.991740000000 0.992030000000 0.992150000000 0.991890000000 0.992210000000 0.992210000000 0.992190000000 0.991920000000 0.992180000000 0.992190000000 0.992210000000 0.992160000000 0.992140000000 0.992180000000 0.992200000000 0.991970000000 0.992210000000 0.992240000000 0.992200000000 0.992140000000 0.992250000000 0.992210000000 0.992190000000 0.992240000000 0.992170000000 0.992180000000 0.992190000000 0.992220000000 0.992170000000 0.992150000000 0.992190000000 0.992190000000 0.992210000000 0.992040000000 0.992170000000 0.992350000000 0.992170000000 0.992170000000 0.992190000000 0.992130000000 0.992110000000 0.992250000000 0.992190000000 0.992080000000 0.992190000000 0.992190000000 0.992180000000 0.992040000000 0.992220000000 0.992340000000 0.992170000000 0.992100000000 0.992190000000 0.992170000000 0.992190000000 0.992230000000 0.992210000000 0.992170000000 0.992190000000 0.992110000000 0.992180000000 0.992200000000 0.992190000000 

N_obs: 160000

File Format:
1- most to least reliable channels (taken entropies)
2- most to least reliable channels (taken error probabilities)
3- channels entropies (flipped)
4- channels error probabilities (flipped)
5- number of MontCarlo simulations
