127 126 125 123 119 63 95 124 111 31 122 47 79 15 59 121 61 62 55 103 87 115 118 117 93 94 91 107 23 39 71 110 109 7 30 29 27 51 43 99 75 83 46 57 78 11 19 35 67 3 60 58 120 14 45 113 77 53 105 101 89 54 85 116 114 92 102 13 86 25 108 49 21 37 41 90 97 69 73 106 81 17 9 5 33 65 1 28 22 38 70 56 6 26 112 52 44 50 76 104 42 98 100 88 74 82 84 12 24 18 10 20 34 48 36 40 72 66 68 80 96 8 16 4 2 32 64 0 

127 126 125 123 124 119 122 111 121 118 95 117 63 115 110 120 109 107 103 94 93 91 79 116 61 87 31 51 59 55 62 3 45 29 97 89 46 49 67 92 33 14 13 78 77 85 98 17 88 99 104 113 108 100 42 11 44 6 27 24 72 65 112 50 114 22 37 82 70 56 20 16 32 66 36 80 4 76 25 40 12 64 0 8 68 48 52 10 2 34 74 96 18 21 39 38 84 41 9 69 43 73 53 28 35 106 26 86 90 5 1 75 71 54 81 83 101 23 30 102 57 7 58 105 19 60 15 47 

0.000010958000 0.006729400000 0.015077000000 0.184640000000 0.053102000000 0.307630000000 0.363430000000 0.786790000000 0.136890000000 0.456430000000 0.465590000000 0.854690000000 0.447660000000 0.857400000000 0.804650000000 0.982720000000 0.194720000000 0.533310000000 0.537950000000 0.898180000000 0.516540000000 0.903300000000 0.836340000000 0.987890000000 0.421040000000 0.875300000000 0.838100000000 0.988280000000 0.716050000000 0.988110000000 0.902940000000 0.998910000000 0.182760000000 0.488710000000 0.483320000000 0.870410000000 0.508220000000 0.902380000000 0.839650000000 0.988940000000 0.435040000000 0.889990000000 0.849100000000 0.990180000000 0.721680000000 0.989330000000 0.903560000000 0.998890000000 0.316450000000 0.747860000000 0.809220000000 0.986230000000 0.719520000000 0.989150000000 0.903170000000 0.998780000000 0.525990000000 0.964940000000 0.902980000000 0.998820000000 0.759080000000 0.998820000000 0.915470000000 0.999900000000 0.143670000000 0.386070000000 0.363810000000 0.777530000000 0.363340000000 0.780560000000 0.743930000000 0.968990000000 0.386140000000 0.841590000000 0.817710000000 0.984460000000 0.706390000000 0.985350000000 0.900240000000 0.998560000000 0.311680000000 0.741520000000 0.801660000000 0.984750000000 0.715420000000 0.987900000000 0.901890000000 0.998610000000 0.522980000000 0.962860000000 0.901130000000 0.998580000000 0.757540000000 0.998500000000 0.914780000000 0.999860000000 0.223680000000 0.575870000000 0.578910000000 0.919260000000 0.671670000000 0.979130000000 0.897060000000 0.998200000000 0.520320000000 0.961690000000 0.900600000000 0.998500000000 0.756980000000 0.998360000000 0.914430000000 0.999830000000 0.353380000000 0.790540000000 0.882440000000 0.997930000000 0.756790000000 0.998430000000 0.914520000000 0.999830000000 0.551030000000 0.976990000000 0.914580000000 0.999840000000 0.766880000000 0.999850000000 0.918350000000 0.999990000000 

0.000042951000 0.026792000000 0.058276000000 0.517070000000 0.204070000000 0.742210000000 0.858550000000 0.979600000000 0.552490000000 0.930180000000 0.959740000000 0.984110000000 0.972480000000 0.984370000000 0.984360000000 0.984370000000 0.839250000000 0.977930000000 0.981190000000 0.984360000000 0.982380000000 0.984390000000 0.984440000000 0.984360000000 0.983140000000 0.984420000000 0.984420000000 0.984360000000 0.984360000000 0.984360000000 0.984330000000 0.984380000000 0.936470000000 0.983510000000 0.983800000000 0.984350000000 0.984010000000 0.984400000000 0.984330000000 0.984360000000 0.984190000000 0.984400000000 0.984360000000 0.984380000000 0.984410000000 0.984370000000 0.984410000000 0.984370000000 0.984010000000 0.984360000000 0.984360000000 0.984370000000 0.984400000000 0.984380000000 0.984390000000 0.984370000000 0.984410000000 0.984370000000 0.984390000000 0.984380000000 0.984340000000 0.984370000000 0.984370000000 0.984370000000 0.966430000000 0.984280000000 0.984190000000 0.984470000000 0.984270000000 0.984430000000 0.984430000000 0.984370000000 0.984280000000 0.984410000000 0.984390000000 0.984380000000 0.984250000000 0.984370000000 0.984340000000 0.984380000000 0.984640000000 0.984340000000 0.984300000000 0.984370000000 0.984390000000 0.984360000000 0.984380000000 0.984370000000 0.984380000000 0.984380000000 0.984370000000 0.984370000000 0.984390000000 0.984380000000 0.984350000000 0.984370000000 0.984230000000 0.984420000000 0.984320000000 0.984390000000 0.984370000000 0.984390000000 0.984370000000 0.984370000000 0.984420000000 0.984370000000 0.984380000000 0.984370000000 0.984450000000 0.984380000000 0.984360000000 0.984370000000 0.984500000000 0.984350000000 0.984350000000 0.984370000000 0.984370000000 0.984380000000 0.984380000000 0.984380000000 0.984430000000 0.984370000000 0.984400000000 0.984370000000 0.984290000000 0.984380000000 0.984400000000 0.984370000000 

N_obs: 400000

File Format:
1- most to least reliable channels (taken entropies)
2- most to least reliable channels (taken error probabilities)
3- channels entropies (flipped)
4- channels error probabilities (flipped)
5- number of MontCarlo simulations
