127 126 125 123 119 111 124 122 118 121 117 115 95 110 109 107 120 116 103 94 114 63 93 113 108 91 106 105 87 62 102 61 92 79 31 101 59 47 55 112 90 99 15 89 71 23 39 86 104 83 29 30 85 27 60 75 78 7 77 51 43 57 58 46 45 53 54 100 67 11 19 35 97 14 98 3 88 13 81 69 73 25 21 37 49 41 70 28 84 82 22 38 76 26 74 65 17 9 5 33 56 1 50 44 52 42 96 6 80 12 72 66 68 24 18 10 20 34 36 40 48 8 16 64 4 2 32 0 

127 126 125 123 119 111 124 122 121 117 118 115 95 110 109 107 120 116 103 94 114 93 113 63 108 106 91 105 102 87 92 101 62 112 90 61 99 79 104 89 59 86 100 85 55 60 83 47 98 78 88 31 97 77 58 75 57 71 84 54 53 51 82 81 43 39 46 45 7 96 29 38 30 67 19 22 74 73 21 65 49 76 69 80 66 37 50 14 3 36 40 33 18 12 44 48 0 16 64 32 10 6 8 72 4 2 70 68 42 25 34 24 9 17 1 13 5 20 56 35 26 41 28 52 15 11 27 23 

0.000000000000 0.000000000000 0.000000000000 0.000000000146 0.000000000000 0.000000115430 0.000000269630 0.001112700000 0.000000000000 0.000000267880 0.000000635060 0.002429000000 0.000002476700 0.005394700000 0.012383000000 0.247770000000 0.000000000000 0.000014693000 0.000036020000 0.016189000000 0.000222040000 0.034640000000 0.069167000000 0.459560000000 0.003798700000 0.118980000000 0.196690000000 0.653380000000 0.294980000000 0.746500000000 0.728430000000 0.965310000000 0.000002909600 0.003870300000 0.008336700000 0.162140000000 0.030252000000 0.276910000000 0.362050000000 0.795370000000 0.097744000000 0.440230000000 0.488570000000 0.869830000000 0.477730000000 0.878010000000 0.819060000000 0.985170000000 0.169140000000 0.515760000000 0.533050000000 0.895120000000 0.509810000000 0.898900000000 0.833050000000 0.987220000000 0.415370000000 0.868340000000 0.832280000000 0.987320000000 0.713180000000 0.987310000000 0.902590000000 0.998900000000 0.006840800000 0.105160000000 0.157290000000 0.503690000000 0.211050000000 0.567910000000 0.556390000000 0.908120000000 0.236260000000 0.607640000000 0.593150000000 0.919240000000 0.540640000000 0.916770000000 0.848400000000 0.990720000000 0.222770000000 0.579370000000 0.584330000000 0.918780000000 0.549880000000 0.921540000000 0.849680000000 0.990290000000 0.434030000000 0.887900000000 0.846780000000 0.989870000000 0.721360000000 0.989460000000 0.904170000000 0.999020000000 0.183220000000 0.487330000000 0.480180000000 0.868450000000 0.500960000000 0.897510000000 0.835910000000 0.988210000000 0.428750000000 0.884000000000 0.844870000000 0.989400000000 0.719120000000 0.988600000000 0.902990000000 0.998830000000 0.314900000000 0.745530000000 0.806180000000 0.985720000000 0.718660000000 0.989000000000 0.903230000000 0.998800000000 0.526580000000 0.965370000000 0.903590000000 0.998920000000 0.759740000000 0.998950000000 0.915770000000 0.999910000000 

0.000000000000 0.000000000000 0.000000000000 0.000000000046 0.000000000000 0.000000098946 0.000000318120 0.002616000000 0.000000000000 0.000002771700 0.000000790080 0.005726900000 0.000005471000 0.012285000000 0.028258000000 0.449380000000 0.000000000000 0.000042270000 0.000096878000 0.038168000000 0.000605650000 0.078442000000 0.150950000000 0.713910000000 0.010401000000 0.262020000000 0.412500000000 0.889830000000 0.646760000000 0.954630000000 0.969970000000 0.984260000000 0.000010879000 0.012082000000 0.025297000000 0.376740000000 0.089922000000 0.575740000000 0.729000000000 0.966720000000 0.311570000000 0.826000000000 0.901890000000 0.982110000000 0.945550000000 0.983800000000 0.983910000000 0.984360000000 0.659120000000 0.954910000000 0.970150000000 0.984350000000 0.976830000000 0.984330000000 0.984330000000 0.984380000000 0.979870000000 0.984380000000 0.984350000000 0.984380000000 0.984300000000 0.984360000000 0.984350000000 0.984370000000 0.035932000000 0.418210000000 0.603490000000 0.941010000000 0.800340000000 0.973850000000 0.978600000000 0.984400000000 0.910700000000 0.982340000000 0.983260000000 0.984430000000 0.983610000000 0.984360000000 0.984350000000 0.984370000000 0.953200000000 0.984100000000 0.984210000000 0.984370000000 0.983930000000 0.984380000000 0.984410000000 0.984370000000 0.984070000000 0.984290000000 0.984360000000 0.984370000000 0.984400000000 0.984380000000 0.984370000000 0.984380000000 0.969550000000 0.984290000000 0.984280000000 0.984420000000 0.984480000000 0.984410000000 0.984380000000 0.984380000000 0.984490000000 0.984320000000 0.984350000000 0.984400000000 0.984310000000 0.984370000000 0.984390000000 0.984370000000 0.984430000000 0.984360000000 0.984400000000 0.984370000000 0.984450000000 0.984380000000 0.984390000000 0.984380000000 0.984210000000 0.984380000000 0.984400000000 0.984380000000 0.984370000000 0.984380000000 0.984390000000 0.984370000000 

N_obs: 400000

File Format:
1- most to least reliable channels (taken entropies)
2- most to least reliable channels (taken error probabilities)
3- channels entropies (flipped)
4- channels error probabilities (flipped)
5- number of MontCarlo simulations
