127 126 125 123 119 124 122 111 121 118 117 95 63 115 31 110 47 120 79 109 59 61 55 103 15 62 107 87 94 93 91 116 23 39 71 7 30 29 114 27 113 99 51 43 75 83 46 78 57 108 45 58 105 77 60 101 53 11 19 35 67 54 3 102 106 89 85 14 92 86 90 13 25 97 21 49 37 41 69 73 81 28 17 9 5 33 65 1 112 22 38 70 26 56 104 98 44 100 52 50 76 42 74 82 6 88 84 12 24 18 10 20 34 36 40 48 96 72 68 66 80 8 16 4 2 32 64 0 

127 126 125 123 119 124 122 121 111 118 117 115 95 120 110 109 116 63 107 114 94 103 113 93 108 91 87 62 106 79 105 61 59 55 102 31 101 99 112 47 92 77 78 57 11 19 89 49 51 15 35 3 70 22 46 5 30 53 44 90 13 98 100 48 81 84 42 40 26 96 21 73 88 20 66 75 74 4 52 2 10 67 64 16 54 0 32 8 18 68 36 80 72 12 85 86 34 6 82 76 24 104 38 58 97 50 56 43 17 25 83 65 37 41 33 9 28 69 14 1 7 45 27 71 23 60 29 39 

0.000000000000 0.000001266100 0.000005320900 0.005233100000 0.000028541000 0.011727000000 0.026075000000 0.281650000000 0.000905970000 0.055585000000 0.102000000000 0.481530000000 0.190790000000 0.606420000000 0.619400000000 0.932750000000 0.024015000000 0.222130000000 0.297010000000 0.723770000000 0.346930000000 0.768920000000 0.731650000000 0.964760000000 0.329740000000 0.765470000000 0.743810000000 0.967380000000 0.652000000000 0.966590000000 0.885870000000 0.996820000000 0.106740000000 0.371720000000 0.383550000000 0.796910000000 0.396240000000 0.815070000000 0.770410000000 0.974570000000 0.359880000000 0.804770000000 0.778330000000 0.975400000000 0.673170000000 0.973550000000 0.890210000000 0.997230000000 0.282020000000 0.694640000000 0.733190000000 0.968270000000 0.669150000000 0.972960000000 0.889260000000 0.996930000000 0.498130000000 0.945070000000 0.889070000000 0.997040000000 0.750000000000 0.997040000000 0.912580000000 0.999750000000 0.124750000000 0.346180000000 0.324730000000 0.736220000000 0.322800000000 0.731350000000 0.701950000000 0.958190000000 0.327870000000 0.763050000000 0.746160000000 0.968090000000 0.656140000000 0.968240000000 0.886390000000 0.996770000000 0.279190000000 0.690430000000 0.728450000000 0.967170000000 0.666640000000 0.972000000000 0.888290000000 0.996760000000 0.495870000000 0.942890000000 0.887050000000 0.996670000000 0.748040000000 0.996510000000 0.911740000000 0.999680000000 0.209930000000 0.547710000000 0.548960000000 0.905620000000 0.609490000000 0.955390000000 0.879650000000 0.995800000000 0.491530000000 0.940550000000 0.885910000000 0.996470000000 0.746940000000 0.996170000000 0.911110000000 0.999610000000 0.341530000000 0.778520000000 0.860330000000 0.995150000000 0.746690000000 0.996340000000 0.911270000000 0.999600000000 0.543850000000 0.974510000000 0.911410000000 0.999640000000 0.764780000000 0.999650000000 0.917550000000 0.999970000000 

0.000000000000 0.000004861400 0.000015292000 0.015857000000 0.000089897000 0.034551000000 0.073815000000 0.575040000000 0.003084100000 0.155610000000 0.272100000000 0.809330000000 0.514120000000 0.920930000000 0.953830000000 0.984020000000 0.091329000000 0.579870000000 0.740410000000 0.967540000000 0.870550000000 0.980290000000 0.981990000000 0.984390000000 0.936760000000 0.983580000000 0.983890000000 0.984370000000 0.983920000000 0.984360000000 0.984390000000 0.984370000000 0.531870000000 0.926260000000 0.959180000000 0.984100000000 0.972640000000 0.984360000000 0.984310000000 0.984370000000 0.978010000000 0.984380000000 0.984380000000 0.984370000000 0.984400000000 0.984380000000 0.984370000000 0.984380000000 0.980540000000 0.984270000000 0.984210000000 0.984380000000 0.984370000000 0.984370000000 0.984370000000 0.984380000000 0.984450000000 0.984340000000 0.984410000000 0.984380000000 0.984370000000 0.984370000000 0.984400000000 0.984370000000 0.862430000000 0.980040000000 0.982200000000 0.984480000000 0.982930000000 0.984390000000 0.984280000000 0.984390000000 0.983520000000 0.984380000000 0.984350000000 0.984370000000 0.984320000000 0.984390000000 0.984320000000 0.984370000000 0.984060000000 0.984340000000 0.984420000000 0.984350000000 0.984390000000 0.984370000000 0.984400000000 0.984370000000 0.984520000000 0.984390000000 0.984400000000 0.984380000000 0.984320000000 0.984380000000 0.984400000000 0.984380000000 0.983700000000 0.984350000000 0.984490000000 0.984410000000 0.984430000000 0.984370000000 0.984400000000 0.984380000000 0.984470000000 0.984340000000 0.984370000000 0.984370000000 0.984300000000 0.984380000000 0.984390000000 0.984370000000 0.984320000000 0.984410000000 0.984360000000 0.984380000000 0.984300000000 0.984370000000 0.984400000000 0.984380000000 0.984420000000 0.984380000000 0.984340000000 0.984370000000 0.984340000000 0.984370000000 0.984410000000 0.984380000000 

N_obs: 400000

File Format:
1- most to least reliable channels (taken entropies)
2- most to least reliable channels (taken error probabilities)
3- channels entropies (flipped)
4- channels error probabilities (flipped)
5- number of MontCarlo simulations
