127 126 125 124 123 122 121 120 119 118 117 116 115 114 113 111 110 109 108 107 106 105 103 102 101 99 95 94 93 92 91 90 89 87 86 85 83 79 78 77 75 71 63 62 61 60 59 58 57 55 54 53 51 47 46 45 43 39 31 30 29 27 112 104 100 88 97 98 23 76 81 84 82 74 73 56 70 69 52 49 67 50 15 44 42 38 37 41 28 35 26 25 22 96 21 80 72 19 68 48 66 14 40 13 65 36 34 11 24 33 20 18 7 17 12 64 10 9 32 6 5 3 16 8 1 4 2 0 

127 126 125 124 123 122 121 120 119 118 117 116 115 114 113 111 110 109 108 107 106 105 103 102 101 99 95 94 93 92 91 90 89 87 86 85 83 79 78 77 75 71 63 62 61 60 59 58 57 55 54 53 51 47 46 45 43 39 31 30 29 27 112 104 100 88 97 98 23 76 81 84 82 74 73 56 70 69 52 49 67 50 15 44 38 42 37 41 35 28 26 25 22 96 21 80 72 68 19 48 66 14 40 65 13 36 34 24 11 33 20 18 7 17 12 64 10 32 9 6 16 5 3 8 4 2 1 0 

0.000000000000 0.000000000000 0.000000000000 0.000000000000 0.000000000000 0.000000000000 0.000000000000 0.000000000000 0.000000000000 0.000000000000 0.000000000000 0.000000000000 0.000000000000 0.000000000000 0.000000000000 0.000000000000 0.000000000000 0.000000000000 0.000000000000 0.000000000000 0.000000000000 0.000000000000 0.000000000000 0.000000000000 0.000000000000 0.000000000000 0.000000000000 0.000000000000 0.000000000000 0.000000000000 0.000000000000 0.000054928000 0.000000000000 0.000000000000 0.000000000000 0.000000000000 0.000000000000 0.000000000000 0.000000000000 0.000000000000 0.000000000000 0.000000000000 0.000000000000 0.000000000002 0.000000000000 0.000000000003 0.000000000002 0.000108840000 0.000000000000 0.000000000000 0.000000000000 0.000000000001 0.000000000000 0.000000000003 0.000000000019 0.000230960000 0.000000000000 0.000000000150 0.000000000686 0.000470400000 0.000000002414 0.001032500000 0.002402100000 0.145680000000 0.000000000000 0.000000000000 0.000000000000 0.000000000000 0.000000000000 0.000000000000 0.000000000000 0.000000000023 0.000000000000 0.000000000000 0.000000000000 0.000000000840 0.000000000000 0.000000005985 0.000000001454 0.000770440000 0.000000000000 0.000000000000 0.000000000000 0.000000009928 0.000000000000 0.000000129490 0.000000600780 0.001608900000 0.000000000000 0.000000159750 0.000000361500 0.003470600000 0.000006153700 0.007868800000 0.017889000000 0.304880000000 0.000000000000 0.000000000000 0.000000000000 0.000002226500 0.000000000000 0.000006537500 0.000013680000 0.011135000000 0.000000000000 0.000035912000 0.000081223000 0.023813000000 0.000432420000 0.051083000000 0.098683000000 0.541540000000 0.000000007220 0.001088500000 0.002291300000 0.104460000000 0.010082000000 0.192430000000 0.287410000000 0.751600000000 0.052790000000 0.368170000000 0.451360000000 0.853790000000 0.470580000000 0.876860000000 0.821280000000 0.986370000000 

0.000000000000 0.000000000000 0.000000000000 0.000000000000 0.000000000000 0.000000000000 0.000000000000 0.000000000000 0.000000000000 0.000000000000 0.000000000000 0.000000000000 0.000000000000 0.000000000000 0.000000000000 0.000000000000 0.000000000000 0.000000000000 0.000000000000 0.000000000000 0.000000000000 0.000000000000 0.000000000000 0.000000000000 0.000000000000 0.000000000000 0.000000000000 0.000000000000 0.000000000000 0.000000000000 0.000000000000 0.000111140000 0.000000000000 0.000000000000 0.000000000000 0.000000000000 0.000000000000 0.000000000000 0.000000000000 0.000000000000 0.000000000000 0.000000000000 0.000000000000 0.000000000000 0.000000000000 0.000000000001 0.000000000000 0.000232450000 0.000000000000 0.000000000000 0.000000000000 0.000000000000 0.000000000000 0.000000000001 0.000000000005 0.000477790000 0.000000000000 0.000000000051 0.000000000256 0.000984000000 0.000000000841 0.002150300000 0.005104000000 0.268140000000 0.000000000000 0.000000000000 0.000000000000 0.000000000000 0.000000000000 0.000000000000 0.000000000000 0.000000000006 0.000000000000 0.000000000000 0.000000000000 0.000000000334 0.000000000000 0.000000003008 0.000000000583 0.001607800000 0.000000000000 0.000000000000 0.000000000000 0.000000004787 0.000000000000 0.000000131420 0.000001398900 0.003467900000 0.000000000000 0.000000096716 0.000000345210 0.007481800000 0.000010617000 0.016626000000 0.036719000000 0.504820000000 0.000000000000 0.000000000000 0.000000000000 0.000011862000 0.000000000000 0.000016402000 0.000029156000 0.024149000000 0.000000000000 0.000096548000 0.000194570000 0.050479000000 0.001017400000 0.104890000000 0.196230000000 0.774930000000 0.000000003301 0.002748600000 0.005786700000 0.215900000000 0.025406000000 0.371430000000 0.538640000000 0.933530000000 0.146370000000 0.678010000000 0.808660000000 0.975960000000 0.904670000000 0.982390000000 0.983180000000 0.984360000000 

N_obs: 400000

File Format:
1- most to least reliable channels (taken entropies)
2- most to least reliable channels (taken error probabilities)
3- channels entropies (flipped)
4- channels error probabilities (flipped)
5- number of MontCarlo simulations
