127 126 125 123 122 119 111 95 124 118 115 121 110 117 109 107 94 103 63 93 120 91 116 114 113 108 87 106 105 102 101 62 92 61 79 90 99 89 59 112 86 85 104 55 100 60 83 78 47 31 58 98 77 88 57 75 97 15 71 54 84 53 39 23 51 29 27 46 30 43 45 82 7 81 76 67 56 35 11 19 73 74 14 69 70 96 13 3 49 52 25 37 41 21 50 38 28 22 26 44 42 65 17 9 33 5 80 1 72 6 66 68 12 48 34 18 36 10 24 40 20 64 8 16 4 32 2 0 

127 126 125 123 122 119 111 95 124 118 115 121 110 117 109 107 94 103 63 93 120 91 116 114 113 108 87 106 105 102 101 62 92 61 90 79 99 89 112 59 86 104 85 100 55 83 60 78 98 88 77 58 97 47 84 57 75 54 82 31 53 71 81 76 51 46 96 56 74 45 73 43 30 39 52 70 29 80 69 27 67 50 23 15 49 44 72 42 11 38 41 35 22 65 7 26 14 68 28 24 9 6 18 10 48 64 4 17 8 32 0 16 66 2 36 40 34 5 20 12 1 33 3 13 37 25 21 19 

0.000000000000 0.000000000000 0.000000000000 0.000000000000 0.000000000000 0.000000000000 0.000000000000 0.000003158300 0.000000000000 0.000000000000 0.000000000000 0.000004785400 0.000000000000 0.000011803000 0.000019987000 0.016014000000 0.000000000000 0.000000000000 0.000000000000 0.000030323000 0.000000000303 0.000068362000 0.000151410000 0.036288000000 0.000000040612 0.000447170000 0.000964440000 0.080307000000 0.005438100000 0.161750000000 0.262710000000 0.747510000000 0.000000000000 0.000000012136 0.000000591090 0.001744400000 0.000003247800 0.003636400000 0.007939200000 0.187770000000 0.000053403000 0.017290000000 0.035163000000 0.336960000000 0.092253000000 0.484810000000 0.547310000000 0.904160000000 0.003417000000 0.101970000000 0.170340000000 0.598550000000 0.259680000000 0.696640000000 0.683930000000 0.951350000000 0.295060000000 0.728040000000 0.713190000000 0.959520000000 0.632420000000 0.959180000000 0.881140000000 0.996240000000 0.000000153810 0.001091500000 0.002348500000 0.082842000000 0.010310000000 0.155450000000 0.228760000000 0.658130000000 0.048900000000 0.300920000000 0.360290000000 0.779470000000 0.382600000000 0.803040000000 0.761930000000 0.973490000000 0.120830000000 0.421980000000 0.440970000000 0.840690000000 0.433600000000 0.845020000000 0.790740000000 0.978540000000 0.369380000000 0.815840000000 0.787280000000 0.977700000000 0.681450000000 0.976870000000 0.893700000000 0.997820000000 0.148840000000 0.422480000000 0.412680000000 0.821430000000 0.418730000000 0.835780000000 0.787050000000 0.978260000000 0.372830000000 0.821740000000 0.793510000000 0.978890000000 0.683880000000 0.977360000000 0.893360000000 0.997670000000 0.289360000000 0.707120000000 0.750140000000 0.972820000000 0.682600000000 0.977800000000 0.893500000000 0.997570000000 0.506950000000 0.951820000000 0.894110000000 0.997780000000 0.753680000000 0.997850000000 0.913850000000 0.999820000000 

0.000000000000 0.000000000000 0.000000000000 0.000000000000 0.000000000000 0.000000000000 0.000000000000 0.000006589300 0.000000000000 0.000000000000 0.000000000000 0.000012927000 0.000000000000 0.000031959000 0.000043478000 0.034078000000 0.000000000000 0.000000000000 0.000000000000 0.000065681000 0.000000000115 0.000170130000 0.000344920000 0.075494000000 0.000000030971 0.001008300000 0.002197900000 0.158960000000 0.012640000000 0.301990000000 0.474710000000 0.924490000000 0.000000000000 0.000000005326 0.000001981400 0.004401100000 0.000007059300 0.008953400000 0.019062000000 0.360070000000 0.000147200000 0.041947000000 0.082706000000 0.579170000000 0.219660000000 0.765010000000 0.866470000000 0.980390000000 0.010997000000 0.262320000000 0.412990000000 0.884020000000 0.635670000000 0.949940000000 0.967060000000 0.984220000000 0.830280000000 0.977480000000 0.980430000000 0.984360000000 0.981850000000 0.984380000000 0.984330000000 0.984370000000 0.000000155440 0.003978300000 0.008537100000 0.243820000000 0.036731000000 0.415360000000 0.585530000000 0.939000000000 0.182720000000 0.710460000000 0.829200000000 0.977050000000 0.910500000000 0.982470000000 0.983090000000 0.984370000000 0.518590000000 0.918910000000 0.952750000000 0.983960000000 0.968760000000 0.984240000000 0.984290000000 0.984380000000 0.975990000000 0.984280000000 0.984400000000 0.984380000000 0.984310000000 0.984390000000 0.984400000000 0.984370000000 0.809270000000 0.975330000000 0.980100000000 0.984360000000 0.981650000000 0.984340000000 0.984420000000 0.984360000000 0.982600000000 0.984320000000 0.984440000000 0.984390000000 0.984540000000 0.984370000000 0.984370000000 0.984380000000 0.982930000000 0.984350000000 0.984400000000 0.984390000000 0.984270000000 0.984370000000 0.984360000000 0.984370000000 0.984330000000 0.984370000000 0.984390000000 0.984370000000 0.984400000000 0.984380000000 0.984390000000 0.984380000000 

N_obs: 400000

File Format:
1- most to least reliable channels (taken entropies)
2- most to least reliable channels (taken error probabilities)
3- channels entropies (flipped)
4- channels error probabilities (flipped)
5- number of MontCarlo simulations
