127 126 125 124 123 122 121 120 119 118 117 116 115 114 113 112 111 110 109 108 107 106 105 104 103 102 101 100 99 98 97 95 94 93 92 91 90 89 88 87 86 85 84 83 82 81 79 78 77 76 75 74 73 71 70 69 67 63 62 61 60 59 58 57 56 55 54 53 52 51 50 47 46 45 44 43 39 31 30 29 27 23 15 49 42 41 38 37 28 26 35 22 21 19 25 14 13 11 80 68 96 7 48 72 40 66 65 36 34 24 33 20 18 17 12 10 9 6 5 64 32 3 16 8 4 2 1 0 

127 126 125 124 123 122 121 120 119 118 117 116 115 114 113 112 111 110 109 108 107 106 105 104 103 102 101 100 99 98 97 95 94 93 92 91 90 89 88 87 86 85 84 83 82 81 79 78 77 76 75 74 73 71 70 69 67 63 62 61 60 59 58 57 56 55 54 53 52 51 50 47 46 45 44 43 39 31 30 29 27 23 15 49 42 41 38 37 28 26 35 22 21 19 25 14 13 11 68 80 96 7 48 72 40 66 65 36 34 24 33 20 18 17 12 10 9 6 5 64 32 3 16 8 4 2 1 0 

0.000000000000 0.000000000000 0.000000000000 0.000000000000 0.000000000000 0.000000000000 0.000000000000 0.000000000000 0.000000000000 0.000000000000 0.000000000000 0.000000000000 0.000000000000 0.000000000000 0.000000000000 0.000000000000 0.000000000000 0.000000000000 0.000000000000 0.000000000000 0.000000000000 0.000000000000 0.000000000000 0.000000000000 0.000000000000 0.000000000000 0.000000000000 0.000000000000 0.000000000000 0.000000000000 0.000000000000 0.000000211520 0.000000000000 0.000000000000 0.000000000000 0.000000000000 0.000000000000 0.000000000000 0.000000000000 0.000000000000 0.000000000000 0.000000000000 0.000000000000 0.000000000000 0.000000000000 0.000000000000 0.000000000000 0.000000141840 0.000000000000 0.000000000000 0.000000000000 0.000000000000 0.000000000000 0.000000000000 0.000000000000 0.000000694810 0.000000000000 0.000000000000 0.000000000000 0.000000158200 0.000000000000 0.000002265600 0.000003606000 0.007929600000 0.000000000000 0.000000000000 0.000000000000 0.000000000000 0.000000000000 0.000000000000 0.000000000000 0.000000000000 0.000000000000 0.000000000000 0.000000000000 0.000000000000 0.000000000000 0.000000000000 0.000000000000 0.000000634800 0.000000000000 0.000000000000 0.000000000000 0.000000000000 0.000000000000 0.000000000000 0.000000000000 0.000002041300 0.000000000000 0.000000000000 0.000000000000 0.000006669100 0.000000000000 0.000009900800 0.000021517000 0.017175000000 0.000000000000 0.000000000000 0.000000000000 0.000000000000 0.000000000000 0.000000000000 0.000000000000 0.000013467000 0.000000000000 0.000000000000 0.000000000000 0.000031139000 0.000000000000 0.000057366000 0.000123180000 0.038589000000 0.000000000000 0.000000000007 0.000000000176 0.000216140000 0.000000001938 0.000419910000 0.000896520000 0.087586000000 0.000000360340 0.002950400000 0.006399600000 0.186500000000 0.028869000000 0.328010000000 0.436940000000 0.858790000000 

0.000000000000 0.000000000000 0.000000000000 0.000000000000 0.000000000000 0.000000000000 0.000000000000 0.000000000000 0.000000000000 0.000000000000 0.000000000000 0.000000000000 0.000000000000 0.000000000000 0.000000000000 0.000000000000 0.000000000000 0.000000000000 0.000000000000 0.000000000000 0.000000000000 0.000000000000 0.000000000000 0.000000000000 0.000000000000 0.000000000000 0.000000000000 0.000000000000 0.000000000000 0.000000000000 0.000000000000 0.000000190250 0.000000000000 0.000000000000 0.000000000000 0.000000000000 0.000000000000 0.000000000000 0.000000000000 0.000000000000 0.000000000000 0.000000000000 0.000000000000 0.000000000000 0.000000000000 0.000000000000 0.000000000000 0.000000107170 0.000000000000 0.000000000000 0.000000000000 0.000000000000 0.000000000000 0.000000000000 0.000000000000 0.000000837430 0.000000000000 0.000000000000 0.000000000000 0.000000088030 0.000000000000 0.000005000600 0.000007469500 0.016461000000 0.000000000000 0.000000000000 0.000000000000 0.000000000000 0.000000000000 0.000000000000 0.000000000000 0.000000000000 0.000000000000 0.000000000000 0.000000000000 0.000000000000 0.000000000000 0.000000000000 0.000000000000 0.000000458310 0.000000000000 0.000000000000 0.000000000000 0.000000000000 0.000000000000 0.000000000000 0.000000000000 0.000003572500 0.000000000000 0.000000000000 0.000000000000 0.000016319000 0.000000000000 0.000020464000 0.000046513000 0.035446000000 0.000000000000 0.000000000000 0.000000000000 0.000000000000 0.000000000000 0.000000000000 0.000000000000 0.000022891000 0.000000000000 0.000000000000 0.000000000000 0.000083447000 0.000000000000 0.000123050000 0.000283490000 0.077839000000 0.000000000000 0.000000000002 0.000000000058 0.000494750000 0.000000000842 0.000951720000 0.002020100000 0.168240000000 0.000000371090 0.006652600000 0.014082000000 0.334420000000 0.064238000000 0.547860000000 0.721440000000 0.969130000000 

N_obs: 400000

File Format:
1- most to least reliable channels (taken entropies)
2- most to least reliable channels (taken error probabilities)
3- channels entropies (flipped)
4- channels error probabilities (flipped)
5- number of MontCarlo simulations
