127 126 125 124 123 122 121 119 118 117 115 111 110 109 107 103 95 94 93 91 87 63 79 120 62 116 108 114 113 59 61 106 105 102 101 89 90 99 92 55 86 85 83 78 47 77 112 60 104 58 75 100 57 98 54 88 97 53 84 71 31 82 51 46 81 76 45 74 56 43 73 52 30 96 70 39 29 50 15 27 69 23 49 44 80 67 42 7 41 72 35 38 28 37 19 11 14 13 25 26 21 22 68 3 48 65 66 33 17 9 5 40 1 36 6 34 24 12 18 10 20 64 32 8 16 4 2 0 

127 126 125 124 123 122 121 119 118 117 115 111 110 109 107 103 95 94 93 91 87 63 79 120 62 116 108 114 113 59 61 105 106 102 101 89 99 90 92 86 85 55 83 78 77 47 112 60 104 58 100 75 57 98 88 54 97 53 84 71 82 31 51 81 46 76 45 74 56 73 43 52 96 70 30 50 69 80 39 29 49 44 67 27 72 42 41 23 68 38 28 15 48 37 66 35 26 65 25 40 22 21 19 14 13 36 11 7 34 33 10 3 64 24 4 18 8 2 0 32 17 16 12 1 9 5 6 20 

0.000000000000 0.000000000000 0.000000000000 0.000000000000 0.000000000000 0.000000000000 0.000000000000 0.000000000000 0.000000000000 0.000000000000 0.000000000000 0.000000000001 0.000000000000 0.000000000001 0.000000000003 0.000135090000 0.000000000000 0.000000000000 0.000000000000 0.000000000001 0.000000000000 0.000000000028 0.000000000029 0.000267620000 0.000000000000 0.000000000233 0.000000000280 0.000575810000 0.000000153610 0.001294400000 0.002947900000 0.153380000000 0.000000000000 0.000000000000 0.000000000000 0.000000258610 0.000000000000 0.000000129470 0.000000079587 0.002073400000 0.000000000000 0.000000763690 0.000001114600 0.004430800000 0.000007859200 0.009736000000 0.021364000000 0.316380000000 0.000000000000 0.000046513000 0.000093006000 0.025725000000 0.000507250000 0.053863000000 0.101940000000 0.539480000000 0.007217000000 0.162840000000 0.252880000000 0.717680000000 0.344940000000 0.791190000000 0.760890000000 0.973380000000 0.000000000000 0.000000000000 0.000000000020 0.000144350000 0.000000000007 0.000299340000 0.000618670000 0.057156000000 0.000000592130 0.001620300000 0.003380100000 0.116930000000 0.014176000000 0.210840000000 0.303270000000 0.758410000000 0.000085208000 0.018131000000 0.036031000000 0.309840000000 0.089076000000 0.444850000000 0.500880000000 0.879870000000 0.170740000000 0.563230000000 0.581690000000 0.914450000000 0.540660000000 0.916160000000 0.849400000000 0.991120000000 0.007607000000 0.123700000000 0.186490000000 0.577970000000 0.252090000000 0.654590000000 0.640210000000 0.938780000000 0.273420000000 0.682030000000 0.666860000000 0.945270000000 0.593750000000 0.941980000000 0.866740000000 0.993700000000 0.242290000000 0.622320000000 0.638940000000 0.939780000000 0.595990000000 0.944420000000 0.867870000000 0.993590000000 0.462870000000 0.915350000000 0.868770000000 0.994020000000 0.737650000000 0.994190000000 0.909290000000 0.999520000000 

0.000000000000 0.000000000000 0.000000000000 0.000000000000 0.000000000000 0.000000000000 0.000000000000 0.000000000000 0.000000000000 0.000000000000 0.000000000000 0.000000000000 0.000000000000 0.000000000000 0.000000000001 0.000299320000 0.000000000000 0.000000000000 0.000000000000 0.000000000000 0.000000000000 0.000000000008 0.000000000008 0.000539930000 0.000000000000 0.000000000077 0.000000000087 0.001224500000 0.000000112720 0.002825900000 0.006263800000 0.281220000000 0.000000000000 0.000000000000 0.000000000000 0.000000379100 0.000000000000 0.000000129740 0.000000046330 0.004505900000 0.000000000000 0.000000743030 0.000000958930 0.009766800000 0.000014739000 0.020923000000 0.044355000000 0.519850000000 0.000000000000 0.000099636000 0.000252790000 0.055848000000 0.001246200000 0.112710000000 0.205690000000 0.774860000000 0.019349000000 0.334550000000 0.497230000000 0.920550000000 0.716990000000 0.965880000000 0.975060000000 0.984340000000 0.000000000000 0.000000000000 0.000000000006 0.000420140000 0.000000000002 0.000831030000 0.001740200000 0.136350000000 0.000004926000 0.004569400000 0.009190500000 0.258280000000 0.038411000000 0.429220000000 0.598110000000 0.945900000000 0.000286010000 0.052604000000 0.100160000000 0.601320000000 0.246000000000 0.777420000000 0.870740000000 0.980420000000 0.523390000000 0.920700000000 0.952290000000 0.984010000000 0.968220000000 0.984270000000 0.984310000000 0.984380000000 0.032636000000 0.398380000000 0.571160000000 0.933410000000 0.762990000000 0.969390000000 0.976210000000 0.984370000000 0.887270000000 0.981260000000 0.982480000000 0.984410000000 0.983130000000 0.984370000000 0.984380000000 0.984380000000 0.943480000000 0.983720000000 0.983810000000 0.984380000000 0.984080000000 0.984340000000 0.984400000000 0.984370000000 0.984130000000 0.984400000000 0.984400000000 0.984370000000 0.984340000000 0.984370000000 0.984390000000 0.984380000000 

N_obs: 400000

File Format:
1- most to least reliable channels (taken entropies)
2- most to least reliable channels (taken error probabilities)
3- channels entropies (flipped)
4- channels error probabilities (flipped)
5- number of MontCarlo simulations
