127 126 125 124 123 122 121 120 119 118 117 116 115 114 113 111 110 109 107 105 103 95 94 93 91 87 79 63 62 61 59 55 47 108 92 106 102 90 101 89 99 85 83 86 77 78 75 57 60 31 53 54 58 71 51 112 104 100 46 98 45 88 97 84 82 43 81 76 74 73 56 39 30 52 29 70 50 69 49 27 44 96 42 67 80 41 23 38 72 28 37 15 26 68 48 35 25 66 22 40 21 65 7 19 14 11 13 36 34 33 24 3 17 20 9 5 64 18 6 12 10 1 32 16 8 4 2 0 

127 126 125 124 123 122 121 120 119 118 117 116 115 114 113 111 110 109 107 105 103 95 94 93 91 87 79 63 62 61 59 55 47 108 92 106 102 90 101 89 99 85 83 86 77 78 75 57 60 31 53 54 58 71 51 112 104 46 100 98 45 88 97 84 82 43 81 76 74 73 56 39 30 52 70 29 50 69 49 44 27 96 42 67 80 41 23 38 72 28 37 68 26 48 15 35 66 25 40 22 65 21 36 19 14 34 24 13 33 64 11 20 7 18 17 12 32 10 9 5 6 3 4 0 16 8 2 1 

0.000000000000 0.000000000000 0.000000000000 0.000000000000 0.000000000000 0.000000000000 0.000000000000 0.000000000000 0.000000000000 0.000000000000 0.000000000000 0.000000000000 0.000000000000 0.000000000000 0.000000000000 0.000000869350 0.000000000000 0.000000000000 0.000000000000 0.000000000000 0.000000000000 0.000000000000 0.000000000000 0.000001305000 0.000000000000 0.000000000000 0.000000000000 0.000002219000 0.000000000000 0.000004111400 0.000007232000 0.011810000000 0.000000000000 0.000000000000 0.000000000000 0.000000000000 0.000000000000 0.000000000000 0.000000000000 0.000005326900 0.000000000000 0.000000000000 0.000000000000 0.000012432000 0.000000000000 0.000023550000 0.000056500000 0.026323000000 0.000000000000 0.000000000014 0.000000000003 0.000089667000 0.000000000028 0.000183960000 0.000397800000 0.059627000000 0.000000176050 0.001238500000 0.002675500000 0.129750000000 0.013765000000 0.244180000000 0.357970000000 0.816060000000 0.000000000000 0.000000000000 0.000000000000 0.000000000488 0.000000000000 0.000000024615 0.000000000423 0.000500010000 0.000000000000 0.000000005933 0.000000004553 0.001071100000 0.000000800750 0.002262700000 0.004937200000 0.164300000000 0.000000000000 0.000002409000 0.000004238400 0.005945400000 0.000027304000 0.012579000000 0.026438000000 0.312920000000 0.000546770000 0.049368000000 0.091940000000 0.495790000000 0.181150000000 0.627190000000 0.648310000000 0.941970000000 0.000000002571 0.000568120000 0.001126900000 0.066895000000 0.005069400000 0.127760000000 0.203360000000 0.651490000000 0.030208000000 0.269380000000 0.350980000000 0.782180000000 0.393610000000 0.817580000000 0.774350000000 0.975840000000 0.101280000000 0.414640000000 0.455730000000 0.851810000000 0.455250000000 0.863030000000 0.805900000000 0.981900000000 0.387080000000 0.838080000000 0.808250000000 0.982710000000 0.698650000000 0.982990000000 0.899260000000 0.998580000000 

0.000000000000 0.000000000000 0.000000000000 0.000000000000 0.000000000000 0.000000000000 0.000000000000 0.000000000000 0.000000000000 0.000000000000 0.000000000000 0.000000000000 0.000000000000 0.000000000000 0.000000000000 0.000001185600 0.000000000000 0.000000000000 0.000000000000 0.000000000000 0.000000000000 0.000000000000 0.000000000000 0.000002061000 0.000000000000 0.000000000000 0.000000000000 0.000005582100 0.000000000000 0.000006929900 0.000011562000 0.024395000000 0.000000000000 0.000000000000 0.000000000000 0.000000000000 0.000000000000 0.000000000000 0.000000000000 0.000010397000 0.000000000000 0.000000000000 0.000000000000 0.000028569000 0.000000000000 0.000047698000 0.000132880000 0.053317000000 0.000000000000 0.000000000004 0.000000000001 0.000197800000 0.000000000008 0.000423390000 0.000878620000 0.116960000000 0.000000204970 0.002806800000 0.005918700000 0.241250000000 0.030937000000 0.426200000000 0.610710000000 0.954460000000 0.000000000000 0.000000000000 0.000000000000 0.000000000187 0.000000000000 0.000000017103 0.000000000149 0.001238800000 0.000000000000 0.000000002796 0.000000001803 0.002543800000 0.000000974000 0.005270900000 0.011456000000 0.313190000000 0.000000000000 0.000004105900 0.000008037600 0.014142000000 0.000069402000 0.028850000000 0.059485000000 0.535040000000 0.001551400000 0.113420000000 0.202780000000 0.755350000000 0.413030000000 0.887160000000 0.936310000000 0.983580000000 0.000000001189 0.001746100000 0.003364300000 0.166670000000 0.014990000000 0.296030000000 0.451460000000 0.901650000000 0.094985000000 0.579190000000 0.728240000000 0.965980000000 0.856120000000 0.979370000000 0.981420000000 0.984370000000 0.383610000000 0.866520000000 0.926050000000 0.983220000000 0.956620000000 0.984070000000 0.984140000000 0.984380000000 0.970820000000 0.984240000000 0.984220000000 0.984370000000 0.984310000000 0.984390000000 0.984390000000 0.984370000000 

N_obs: 400000

File Format:
1- most to least reliable channels (taken entropies)
2- most to least reliable channels (taken error probabilities)
3- channels entropies (flipped)
4- channels error probabilities (flipped)
5- number of MontCarlo simulations
