127 126 125 123 63 95 119 111 31 47 79 124 15 59 61 62 55 103 122 87 121 115 93 94 117 23 39 71 118 91 7 107 110 30 29 109 27 51 43 99 75 83 57 46 11 19 35 78 67 3 60 14 58 45 113 77 53 105 89 101 120 85 54 92 114 13 116 102 25 49 21 37 41 69 97 73 81 86 17 9 5 33 65 1 108 28 90 106 22 38 70 56 6 26 112 52 44 50 76 104 42 98 100 88 74 82 84 12 24 18 10 34 20 48 36 40 72 66 68 80 96 8 16 4 2 32 64 0 

127 126 125 123 124 119 122 111 121 95 63 118 117 115 110 109 107 120 103 87 91 62 47 94 79 83 93 43 113 57 92 54 108 102 55 116 17 29 9 45 105 11 78 77 5 6 28 25 82 52 73 42 99 26 96 24 56 36 33 20 18 53 16 72 10 65 64 2 0 38 8 84 48 50 66 32 4 40 70 1 81 34 88 80 27 104 76 68 112 39 12 44 106 114 19 74 100 22 37 69 13 21 90 97 98 14 3 75 85 7 58 89 31 86 71 101 41 49 15 67 51 35 60 30 46 23 61 59 

0.000409810000 0.032470000000 0.064341000000 0.334900000000 0.134180000000 0.451130000000 0.462420000000 0.859230000000 0.196560000000 0.536960000000 0.524510000000 0.888290000000 0.489430000000 0.887210000000 0.827180000000 0.987060000000 0.221360000000 0.579670000000 0.589190000000 0.921310000000 0.561970000000 0.928170000000 0.855250000000 0.991380000000 0.446210000000 0.900630000000 0.857730000000 0.991880000000 0.729150000000 0.991810000000 0.906410000000 0.999250000000 0.194170000000 0.513420000000 0.510080000000 0.885830000000 0.547710000000 0.925370000000 0.857240000000 0.992130000000 0.459310000000 0.912560000000 0.865940000000 0.993190000000 0.733110000000 0.992580000000 0.906880000000 0.999230000000 0.326350000000 0.760990000000 0.830640000000 0.990330000000 0.731470000000 0.992460000000 0.906560000000 0.999150000000 0.533150000000 0.969310000000 0.906380000000 0.999180000000 0.761350000000 0.999180000000 0.916240000000 0.999930000000 0.148170000000 0.398480000000 0.375910000000 0.788680000000 0.374930000000 0.793630000000 0.755420000000 0.971820000000 0.408000000000 0.867710000000 0.839470000000 0.988790000000 0.720750000000 0.989630000000 0.904110000000 0.998980000000 0.322910000000 0.755910000000 0.823940000000 0.989160000000 0.728060000000 0.991520000000 0.905470000000 0.999030000000 0.530610000000 0.967720000000 0.904860000000 0.999000000000 0.760080000000 0.998950000000 0.915670000000 0.999900000000 0.227310000000 0.584050000000 0.587060000000 0.922890000000 0.690910000000 0.985200000000 0.901710000000 0.998740000000 0.528460000000 0.966880000000 0.904420000000 0.998950000000 0.759590000000 0.998850000000 0.915380000000 0.999880000000 0.356840000000 0.793540000000 0.888250000000 0.998550000000 0.759460000000 0.998900000000 0.915460000000 0.999880000000 0.553160000000 0.977500000000 0.915510000000 0.999890000000 0.767480000000 0.999890000000 0.918580000000 0.999990000000 

0.001891300000 0.136590000000 0.259420000000 0.796960000000 0.536270000000 0.924950000000 0.956770000000 0.983970000000 0.815790000000 0.975850000000 0.979850000000 0.984350000000 0.981940000000 0.984380000000 0.984320000000 0.984380000000 0.930700000000 0.983320000000 0.983750000000 0.984340000000 0.983920000000 0.984380000000 0.984360000000 0.984380000000 0.984110000000 0.984350000000 0.984420000000 0.984380000000 0.984370000000 0.984390000000 0.984390000000 0.984370000000 0.962350000000 0.984260000000 0.984280000000 0.984330000000 0.984180000000 0.984390000000 0.984420000000 0.984380000000 0.984120000000 0.984420000000 0.984410000000 0.984380000000 0.984270000000 0.984370000000 0.984380000000 0.984380000000 0.984270000000 0.984360000000 0.984360000000 0.984380000000 0.984400000000 0.984380000000 0.984370000000 0.984370000000 0.984420000000 0.984380000000 0.984380000000 0.984380000000 0.984440000000 0.984380000000 0.984370000000 0.984370000000 0.974320000000 0.984210000000 0.984480000000 0.984460000000 0.984510000000 0.984410000000 0.984320000000 0.984370000000 0.984350000000 0.984340000000 0.984370000000 0.984370000000 0.984440000000 0.984380000000 0.984430000000 0.984380000000 0.984240000000 0.984470000000 0.984360000000 0.984380000000 0.984320000000 0.984370000000 0.984430000000 0.984380000000 0.984380000000 0.984380000000 0.984380000000 0.984370000000 0.984440000000 0.984380000000 0.984370000000 0.984380000000 0.984420000000 0.984460000000 0.984350000000 0.984370000000 0.984380000000 0.984370000000 0.984370000000 0.984370000000 0.984480000000 0.984380000000 0.984390000000 0.984370000000 0.984380000000 0.984370000000 0.984350000000 0.984370000000 0.984440000000 0.984390000000 0.984380000000 0.984380000000 0.984360000000 0.984370000000 0.984360000000 0.984380000000 0.984410000000 0.984360000000 0.984360000000 0.984380000000 0.984400000000 0.984370000000 0.984380000000 0.984370000000 

N_obs: 400000

File Format:
1- most to least reliable channels (taken entropies)
2- most to least reliable channels (taken error probabilities)
3- channels entropies (flipped)
4- channels error probabilities (flipped)
5- number of MontCarlo simulations
