127 126 125 124 123 122 121 119 118 117 115 111 110 109 107 103 95 94 93 91 87 63 61 79 120 116 59 62 108 114 113 105 102 101 55 90 92 106 86 89 99 85 83 47 78 77 60 75 58 112 57 104 54 100 53 98 88 71 97 31 84 51 82 46 81 45 76 74 56 43 73 52 30 70 39 50 96 29 69 44 49 27 80 67 23 15 42 41 72 38 28 7 37 35 68 26 25 19 11 48 14 13 21 22 66 65 3 40 33 17 36 9 5 34 6 24 1 18 20 12 10 64 32 16 8 4 2 0 

127 126 125 124 123 122 121 119 118 117 115 111 110 109 107 103 95 94 93 91 87 63 61 79 120 116 59 62 108 114 113 105 102 101 55 90 92 106 86 89 99 85 47 83 78 77 60 75 112 58 57 104 100 54 98 53 88 97 71 84 31 51 82 46 81 76 45 74 56 43 73 52 70 30 96 50 39 69 29 49 44 80 67 42 27 72 41 23 38 68 28 48 37 15 26 66 35 25 65 40 22 21 19 36 14 13 11 34 33 7 24 64 20 6 5 9 12 18 3 1 2 0 16 8 4 32 17 10 

0.000000000000 0.000000000000 0.000000000000 0.000000000000 0.000000000000 0.000000000000 0.000000000000 0.000000000000 0.000000000000 0.000000000000 0.000000000000 0.000000000000 0.000000000000 0.000000000000 0.000000000000 0.000025318000 0.000000000000 0.000000000000 0.000000000000 0.000000000000 0.000000000000 0.000000000270 0.000000000000 0.000052043000 0.000000000000 0.000000000000 0.000000000001 0.000115110000 0.000000075962 0.000236800000 0.000538270000 0.074375000000 0.000000000000 0.000000000000 0.000000000000 0.000000000066 0.000000000000 0.000000000039 0.000000002043 0.000383710000 0.000000000000 0.000000000487 0.000000179910 0.000820590000 0.000000503840 0.001777700000 0.003931200000 0.163600000000 0.000000000000 0.000000819710 0.000002948500 0.005421000000 0.000017922000 0.011685000000 0.024871000000 0.325000000000 0.000508170000 0.051421000000 0.097541000000 0.522070000000 0.197370000000 0.658410000000 0.674150000000 0.950220000000 0.000000000000 0.000000000000 0.000000000000 0.000008889700 0.000000000000 0.000018774000 0.000039777000 0.016213000000 0.000000000006 0.000105540000 0.000198280000 0.034713000000 0.001131600000 0.071399000000 0.129540000000 0.571440000000 0.000000580710 0.002138500000 0.004430500000 0.128810000000 0.017101000000 0.225540000000 0.315660000000 0.764770000000 0.066705000000 0.386860000000 0.454480000000 0.852620000000 0.462870000000 0.870100000000 0.815260000000 0.984870000000 0.000605010000 0.041041000000 0.075984000000 0.398560000000 0.147380000000 0.522640000000 0.545040000000 0.901130000000 0.213750000000 0.603920000000 0.601980000000 0.922570000000 0.549060000000 0.920090000000 0.850700000000 0.991010000000 0.219860000000 0.584000000000 0.594140000000 0.923020000000 0.559540000000 0.926770000000 0.854680000000 0.991310000000 0.442720000000 0.897240000000 0.855580000000 0.991790000000 0.729260000000 0.992000000000 0.907060000000 0.999340000000 

0.000000000000 0.000000000000 0.000000000000 0.000000000000 0.000000000000 0.000000000000 0.000000000000 0.000000000000 0.000000000000 0.000000000000 0.000000000000 0.000000000000 0.000000000000 0.000000000000 0.000000000000 0.000045357000 0.000000000000 0.000000000000 0.000000000000 0.000000000000 0.000000000000 0.000000000101 0.000000000000 0.000110400000 0.000000000000 0.000000000000 0.000000000000 0.000250590000 0.000000069017 0.000507640000 0.001209500000 0.144470000000 0.000000000000 0.000000000000 0.000000000000 0.000000000021 0.000000000000 0.000000000011 0.000000000932 0.000836230000 0.000000000000 0.000000000172 0.000000211030 0.001791300000 0.000002050900 0.003911100000 0.008465600000 0.296910000000 0.000000000000 0.000004889300 0.000006182700 0.011968000000 0.000042640000 0.025310000000 0.052515000000 0.532320000000 0.001272700000 0.111380000000 0.202670000000 0.765890000000 0.428050000000 0.897690000000 0.943520000000 0.983780000000 0.000000000000 0.000000000000 0.000000000000 0.000017351000 0.000000000000 0.000048518000 0.000109250000 0.039443000000 0.000000000002 0.000297630000 0.000544230000 0.081533000000 0.003086200000 0.159440000000 0.277370000000 0.825530000000 0.000000582290 0.005913200000 0.012306000000 0.283510000000 0.046839000000 0.456230000000 0.620380000000 0.949140000000 0.199960000000 0.733760000000 0.843700000000 0.978610000000 0.917520000000 0.982880000000 0.983380000000 0.984390000000 0.002347600000 0.135570000000 0.238090000000 0.772170000000 0.456400000000 0.896620000000 0.939540000000 0.983650000000 0.709690000000 0.962400000000 0.973100000000 0.984300000000 0.978070000000 0.984360000000 0.984410000000 0.984380000000 0.874310000000 0.980370000000 0.982090000000 0.984350000000 0.982820000000 0.984410000000 0.984330000000 0.984380000000 0.983490000000 0.984310000000 0.984320000000 0.984380000000 0.984370000000 0.984370000000 0.984370000000 0.984370000000 

N_obs: 400000

File Format:
1- most to least reliable channels (taken entropies)
2- most to least reliable channels (taken error probabilities)
3- channels entropies (flipped)
4- channels error probabilities (flipped)
5- number of MontCarlo simulations
