127 126 125 124 123 122 121 120 119 118 117 116 115 114 113 112 111 110 109 108 107 106 105 104 103 102 101 99 97 95 94 93 92 91 90 89 87 86 85 84 83 79 78 77 75 71 63 62 61 60 59 58 57 55 54 53 51 47 46 45 43 39 31 30 29 27 23 15 98 81 76 100 56 88 74 73 82 50 52 70 42 69 49 41 44 28 38 37 25 35 22 67 26 21 19 13 96 14 80 11 72 68 48 66 40 65 36 34 7 24 33 20 18 17 12 10 9 64 6 32 5 16 3 8 4 2 1 0 

127 126 125 124 123 122 121 120 119 118 117 116 115 114 113 112 111 110 109 108 107 106 105 104 103 102 101 99 97 95 94 93 92 91 90 89 87 86 85 84 83 79 78 77 75 71 63 62 61 60 59 58 57 55 54 53 51 47 46 45 43 39 31 30 29 27 23 15 76 100 98 81 88 56 74 73 82 50 52 70 42 69 49 41 44 28 38 37 25 35 22 67 26 21 19 13 96 14 80 68 11 72 48 66 40 65 36 34 7 24 33 20 18 17 12 10 9 64 6 32 5 16 3 8 4 2 1 0 

0.000000000000 0.000000000000 0.000000000000 0.000000000000 0.000000000000 0.000000000000 0.000000000000 0.000000000000 0.000000000000 0.000000000000 0.000000000000 0.000000000000 0.000000000000 0.000000000000 0.000000000000 0.000000000000 0.000000000000 0.000000000000 0.000000000000 0.000000000000 0.000000000000 0.000000000000 0.000000000000 0.000000000000 0.000000000000 0.000000000000 0.000000000000 0.000000000000 0.000000000000 0.000000000000 0.000000000000 0.000000696330 0.000000000000 0.000000000000 0.000000000000 0.000000000000 0.000000000000 0.000000000000 0.000000000000 0.000000000000 0.000000000000 0.000000000000 0.000000000000 0.000000000000 0.000000000000 0.000000000000 0.000000000000 0.000002476800 0.000000000000 0.000000000000 0.000000000000 0.000000000000 0.000000000000 0.000000000000 0.000000000000 0.000006163400 0.000000000000 0.000000000000 0.000000000000 0.000006656400 0.000000000013 0.000017653000 0.000032457000 0.024055000000 0.000000000000 0.000000000000 0.000000000000 0.000000000000 0.000000000000 0.000000000000 0.000000000000 0.000000000000 0.000000000000 0.000000000000 0.000000000000 0.000000000000 0.000000000000 0.000000000000 0.000000000000 0.000011331000 0.000000000000 0.000000000000 0.000000000000 0.000000000000 0.000000000000 0.000000000000 0.000000000000 0.000027229000 0.000000000000 0.000000000000 0.000000000002 0.000052459000 0.000000000010 0.000113370000 0.000247130000 0.053127000000 0.000000000000 0.000000000000 0.000000000000 0.000000000000 0.000000000000 0.000000000021 0.000000000003 0.000188510000 0.000000000000 0.000000000013 0.000000000052 0.000380960000 0.000000027570 0.000783490000 0.001750100000 0.118620000000 0.000000000000 0.000000983730 0.000000230440 0.002610000000 0.000003559300 0.005610200000 0.012319000000 0.248840000000 0.000130880000 0.028975000000 0.058132000000 0.434270000000 0.142970000000 0.589570000000 0.629660000000 0.936500000000 

0.000000000000 0.000000000000 0.000000000000 0.000000000000 0.000000000000 0.000000000000 0.000000000000 0.000000000000 0.000000000000 0.000000000000 0.000000000000 0.000000000000 0.000000000000 0.000000000000 0.000000000000 0.000000000000 0.000000000000 0.000000000000 0.000000000000 0.000000000000 0.000000000000 0.000000000000 0.000000000000 0.000000000000 0.000000000000 0.000000000000 0.000000000000 0.000000000000 0.000000000000 0.000000000000 0.000000000000 0.000000690550 0.000000000000 0.000000000000 0.000000000000 0.000000000000 0.000000000000 0.000000000000 0.000000000000 0.000000000000 0.000000000000 0.000000000000 0.000000000000 0.000000000000 0.000000000000 0.000000000000 0.000000000000 0.000005845400 0.000000000000 0.000000000000 0.000000000000 0.000000000000 0.000000000000 0.000000000000 0.000000000000 0.000009772500 0.000000000000 0.000000000000 0.000000000000 0.000009369400 0.000000000004 0.000043949000 0.000056588000 0.049059000000 0.000000000000 0.000000000000 0.000000000000 0.000000000000 0.000000000000 0.000000000000 0.000000000000 0.000000000000 0.000000000000 0.000000000000 0.000000000000 0.000000000000 0.000000000000 0.000000000000 0.000000000000 0.000025839000 0.000000000000 0.000000000000 0.000000000000 0.000000000000 0.000000000000 0.000000000000 0.000000000000 0.000048119000 0.000000000000 0.000000000000 0.000000000000 0.000120360000 0.000000000003 0.000252820000 0.000518500000 0.105570000000 0.000000000000 0.000000000000 0.000000000000 0.000000000000 0.000000000000 0.000000000006 0.000000000001 0.000410620000 0.000000000000 0.000000000003 0.000000000015 0.000808220000 0.000000018801 0.001700000000 0.003730600000 0.222650000000 0.000000000000 0.000001514800 0.000000172160 0.005709100000 0.000009736500 0.012267000000 0.026234000000 0.428800000000 0.000340110000 0.063623000000 0.123270000000 0.673210000000 0.314270000000 0.845100000000 0.917340000000 0.982920000000 

N_obs: 400000

File Format:
1- most to least reliable channels (taken entropies)
2- most to least reliable channels (taken error probabilities)
3- channels entropies (flipped)
4- channels error probabilities (flipped)
5- number of MontCarlo simulations
