127 126 125 63 123 95 119 31 111 47 79 15 59 61 62 55 124 103 87 121 115 122 93 94 23 39 71 117 7 118 91 107 30 29 110 109 27 51 43 99 75 83 11 19 57 35 67 46 3 78 60 14 58 45 113 77 53 105 89 101 85 54 120 13 92 114 116 25 49 21 37 41 69 97 73 81 102 17 9 5 33 65 1 86 28 108 90 106 22 38 70 56 6 26 112 52 44 50 76 104 42 98 100 88 74 82 84 12 24 18 10 34 20 48 36 40 72 66 68 80 96 8 16 4 2 32 64 0 

127 126 125 123 119 124 111 122 95 121 63 118 117 115 93 110 109 107 30 103 47 7 94 91 23 29 116 43 89 60 99 57 25 46 78 102 33 53 5 113 58 27 37 104 97 85 73 22 81 69 67 71 112 114 101 11 52 40 108 88 106 50 34 76 0 64 16 68 2 66 4 36 32 24 18 39 8 96 82 10 17 48 72 26 12 20 80 98 6 120 84 19 65 42 56 35 54 70 74 28 38 44 51 105 49 1 61 100 41 90 86 21 13 87 15 9 92 83 45 75 77 59 79 3 14 55 62 31 

0.002122400000 0.064204000000 0.111420000000 0.424030000000 0.177990000000 0.512080000000 0.506400000000 0.884630000000 0.216220000000 0.566570000000 0.550410000000 0.901020000000 0.509930000000 0.899990000000 0.836520000000 0.988770000000 0.233080000000 0.602830000000 0.619200000000 0.933140000000 0.588570000000 0.941050000000 0.864920000000 0.993080000000 0.460350000000 0.913870000000 0.867650000000 0.993610000000 0.735680000000 0.993560000000 0.908250000000 0.999410000000 0.200140000000 0.526240000000 0.525690000000 0.893840000000 0.571800000000 0.937770000000 0.866610000000 0.993740000000 0.472690000000 0.924560000000 0.874650000000 0.994670000000 0.739040000000 0.994170000000 0.908610000000 0.999390000000 0.332460000000 0.768300000000 0.842480000000 0.992380000000 0.737570000000 0.994060000000 0.908340000000 0.999330000000 0.537350000000 0.971410000000 0.908200000000 0.999360000000 0.762530000000 0.999350000000 0.916670000000 0.999940000000 0.150680000000 0.404330000000 0.382210000000 0.794770000000 0.381690000000 0.800690000000 0.761270000000 0.973270000000 0.422250000000 0.883260000000 0.851710000000 0.991050000000 0.728470000000 0.991780000000 0.906230000000 0.999200000000 0.328990000000 0.763820000000 0.836490000000 0.991400000000 0.734800000000 0.993310000000 0.907400000000 0.999230000000 0.534830000000 0.970100000000 0.906860000000 0.999210000000 0.761460000000 0.999170000000 0.916170000000 0.999920000000 0.230060000000 0.588680000000 0.591430000000 0.924750000000 0.701470000000 0.988240000000 0.904200000000 0.999000000000 0.532920000000 0.969430000000 0.906500000000 0.999170000000 0.761050000000 0.999090000000 0.915910000000 0.999910000000 0.359360000000 0.794980000000 0.891300000000 0.998850000000 0.760910000000 0.999130000000 0.915970000000 0.999900000000 0.554550000000 0.977720000000 0.916010000000 0.999910000000 0.767800000000 0.999920000000 0.918720000000 0.999990000000 

0.010634000000 0.272500000000 0.454580000000 0.899410000000 0.721050000000 0.964450000000 0.974640000000 0.984380000000 0.896570000000 0.981970000000 0.983040000000 0.984320000000 0.983380000000 0.984370000000 0.984360000000 0.984370000000 0.954390000000 0.984090000000 0.984100000000 0.984370000000 0.984200000000 0.984370000000 0.984390000000 0.984360000000 0.984250000000 0.984350000000 0.984370000000 0.984390000000 0.984340000000 0.984380000000 0.984360000000 0.984380000000 0.970520000000 0.984290000000 0.984070000000 0.984420000000 0.984300000000 0.984400000000 0.984330000000 0.984370000000 0.984400000000 0.984400000000 0.984360000000 0.984380000000 0.984420000000 0.984380000000 0.984370000000 0.984380000000 0.984440000000 0.984340000000 0.984430000000 0.984370000000 0.984420000000 0.984380000000 0.984360000000 0.984380000000 0.984370000000 0.984380000000 0.984370000000 0.984370000000 0.984370000000 0.984370000000 0.984380000000 0.984370000000 0.977660000000 0.984640000000 0.984390000000 0.984330000000 0.984440000000 0.984360000000 0.984340000000 0.984380000000 0.984590000000 0.984380000000 0.984350000000 0.984370000000 0.984390000000 0.984370000000 0.984390000000 0.984380000000 0.984260000000 0.984340000000 0.984420000000 0.984390000000 0.984330000000 0.984380000000 0.984390000000 0.984370000000 0.984380000000 0.984380000000 0.984360000000 0.984380000000 0.984380000000 0.984370000000 0.984350000000 0.984380000000 0.984680000000 0.984230000000 0.984320000000 0.984380000000 0.984360000000 0.984380000000 0.984340000000 0.984380000000 0.984310000000 0.984360000000 0.984400000000 0.984380000000 0.984380000000 0.984380000000 0.984380000000 0.984370000000 0.984410000000 0.984460000000 0.984400000000 0.984380000000 0.984370000000 0.984380000000 0.984410000000 0.984380000000 0.984270000000 0.984380000000 0.984350000000 0.984370000000 0.984450000000 0.984370000000 0.984390000000 0.984370000000 

N_obs: 400000

File Format:
1- most to least reliable channels (taken entropies)
2- most to least reliable channels (taken error probabilities)
3- channels entropies (flipped)
4- channels error probabilities (flipped)
5- number of MontCarlo simulations
